0	0.5236	-3.8397	1.5708	-1.7453	0	
5.54169e-10	0.502017	-3.80626	1.5708	-1.77832	4.1695e-09	
1.10834e-09	0.480434	-3.77282	1.5708	-1.81134	8.339e-09	
1.66251e-09	0.45885	-3.73937	1.5708	-1.84436	1.25085e-08	
2.21667e-09	0.437267	-3.70593	1.5708	-1.87738	1.6678e-08	
2.77084e-09	0.415684	-3.67249	1.5708	-1.91041	2.08475e-08	
3.32501e-09	0.394101	-3.63905	1.5708	-1.94343	2.5017e-08	
3.87918e-09	0.372518	-3.60561	1.5708	-1.97645	2.91865e-08	
4.43335e-09	0.350935	-3.57216	1.5708	-2.00947	3.3356e-08	
4.98752e-09	0.329351	-3.53872	1.5708	-2.04249	3.75255e-08	
5.54169e-09	0.307768	-3.50528	1.5708	-2.07551	4.1695e-08	
6.09585e-09	0.286185	-3.47184	1.5708	-2.10853	4.58645e-08	
6.65002e-09	0.264602	-3.4384	1.5708	-2.14155	5.0034e-08	
7.20419e-09	0.243019	-3.40495	1.5708	-2.17457	5.42035e-08	
7.75836e-09	0.221436	-3.37151	1.5708	-2.2076	5.8373e-08	
8.31253e-09	0.199852	-3.33807	1.5708	-2.24062	6.25425e-08	
8.8667e-09	0.178269	-3.30463	1.5708	-2.27364	6.6712e-08	
9.42086e-09	0.156686	-3.27119	1.5708	-2.30666	7.08815e-08	
9.97503e-09	0.135103	-3.23774	1.5708	-2.33968	7.5051e-08	
1.05292e-08	0.11352	-3.2043	1.5708	-2.3727	7.92205e-08	
1.10834e-08	0.0919364	-3.17086	1.5708	-2.40572	8.339e-08	
1.16375e-08	0.0703533	-3.13742	1.5708	-2.43874	8.75595e-08	
1.21917e-08	0.0487701	-3.10398	1.5708	-2.47176	9.1729e-08	
1.27459e-08	0.0271869	-3.07053	1.5708	-2.50479	9.58985e-08	
1.33e-08	0.00560374	-3.03709	1.5708	-2.53781	1.00068e-07	
1.38542e-08	-0.0159794	-3.00365	1.5708	-2.57083	1.04237e-07	
1.44084e-08	-0.0375626	-2.97021	1.5708	-2.60385	1.08407e-07	
1.49626e-08	-0.0591458	-2.93676	1.5708	-2.63687	1.12576e-07	
1.55167e-08	-0.080729	-2.90332	1.5708	-2.66989	1.16746e-07	
1.60709e-08	-0.102312	-2.86988	1.5708	-2.70291	1.20915e-07	
1.66251e-08	-0.123895	-2.83644	1.5708	-2.73593	1.25085e-07	
1.71792e-08	-0.145479	-2.803	1.5708	-2.76896	1.29254e-07	
1.77334e-08	-0.167062	-2.76955	1.5708	-2.80198	1.33424e-07	
1.82876e-08	-0.188645	-2.73611	1.5708	-2.835	1.37593e-07	
1.88417e-08	-0.210228	-2.70267	1.5708	-2.86802	1.41763e-07	
1.93959e-08	-0.231811	-2.66923	1.5708	-2.90104	1.45932e-07	
1.93959e-08	-0.231811	-2.66923	1.5708	-2.90104	1.45932e-07	
3.8153e-05	-0.232749	-2.69255	1.5708	-2.86488	0.0603772	
7.62866e-05	-0.233688	-2.71587	1.5708	-2.82873	0.120754	
0.00011442	-0.234626	-2.73919	1.5708	-2.79257	0.181131	
0.000152554	-0.235564	-2.76251	1.5708	-2.75642	0.241509	
0.000190687	-0.236503	-2.78584	1.5708	-2.72026	0.301886	
0.000228821	-0.237441	-2.80916	1.5708	-2.68411	0.362263	
0.000266955	-0.238379	-2.83248	1.5708	-2.64795	0.42264	
0.000305088	-0.239317	-2.8558	1.5708	-2.61179	0.483017	
0.000343222	-0.240256	-2.87912	1.5708	-2.57564	0.543394	
0.000381356	-0.241194	-2.90244	1.5708	-2.53948	0.603771	
0.000419489	-0.242132	-2.92576	1.5708	-2.50333	0.664148	
0.000457623	-0.24307	-2.94908	1.5708	-2.46717	0.724525	
0.000495756	-0.244009	-2.97241	1.5708	-2.43102	0.784902	
0.00053389	-0.244947	-2.99573	1.5708	-2.39486	0.84528	
0.000572024	-0.245885	-3.01905	1.5708	-2.35871	0.905657	
0.000610157	-0.246823	-3.04237	1.5708	-2.32255	0.966034	
0.000648291	-0.247762	-3.06569	1.5708	-2.28639	1.02641	
0.000686424	-0.2487	-3.08901	1.5708	-2.25024	1.08679	
0.000724558	-0.249638	-3.11233	1.5708	-2.21408	1.14717	
0.000762692	-0.250577	-3.13566	1.5708	-2.17793	1.20754	
0.000800825	-0.251515	-3.15898	1.5708	-2.14177	1.26792	
0.000838959	-0.252453	-3.1823	1.5708	-2.10562	1.3283	
0.000877092	-0.253391	-3.20562	1.5708	-2.06946	1.38867	
0.000915226	-0.25433	-3.22894	1.5708	-2.0333	1.44905	
0.00095336	-0.255268	-3.25226	1.5708	-1.99715	1.50943	
0.000991493	-0.256206	-3.27558	1.5708	-1.96099	1.5698	
0.000991493	-0.256206	-3.27558	1.5708	-1.96099	1.5698	
-0.0554832	-0.261471	-3.26847	1.5708	-1.95914	1.62628	
-0.111958	-0.266735	-3.26136	1.5708	-1.95729	1.68275	
-0.168433	-0.272	-3.25424	1.5708	-1.95545	1.73923	
-0.224907	-0.277265	-3.24713	1.5708	-1.9536	1.7957	
-0.281382	-0.282529	-3.24001	1.5708	-1.95175	1.85218	
-0.337857	-0.287794	-3.2329	1.5708	-1.9499	1.90865	
-0.394332	-0.293059	-3.22579	1.5708	-1.94805	1.96513	
-0.450806	-0.298323	-3.21867	1.5708	-1.9462	2.0216	
-0.507281	-0.303588	-3.21156	1.5708	-1.94435	2.07808	
-0.563756	-0.308853	-3.20444	1.5708	-1.9425	2.13455	
-0.62023	-0.314117	-3.19733	1.5708	-1.94065	2.19103	
-0.676705	-0.319382	-3.19022	1.5708	-1.9388	2.2475	
-0.73318	-0.324647	-3.1831	1.5708	-1.93695	2.30398	
-0.789655	-0.329911	-3.17599	1.5708	-1.9351	2.36045	
