-0.00456802	-0.038792	-0.800046	0.3611	1.5595	0.918	
-0.00456802	-0.038792	-0.800046	0.3611	1.5595	0.918	
-0.00456802	-0.038792	-0.800046	0.3611	1.5595	0.918	
-0.00456802	-0.038792	-0.800046	0.3611	1.5595	0.918	
-0.00456802	-0.038792	-0.800046	0.3611	1.5595	0.918	
-0.00456802	-0.038792	-0.800046	0.3611	1.5595	0.918	
-0.00456802	-0.038792	-0.800046	0.3611	1.5595	0.918	
-0.00456802	-0.038792	-0.800046	0.3611	1.5595	0.918	
-0.00456802	-0.038792	-0.800046	0.3611	1.5595	0.918	
-0.00456802	-0.038792	-0.800046	0.3611	1.5595	0.918	
-0.00456802	-0.038792	-0.800046	0.3611	1.5595	0.918	
-0.00456802	-0.038792	-0.800046	0.3611	1.5595	0.918	
-0.00456802	-0.038792	-0.800046	0.3611	1.5595	0.918	
-0.00456802	-0.038792	-0.800046	0.3611	1.5595	0.918	
-0.00456802	-0.038792	-0.800046	0.3611	1.5595	0.918	
-0.00456802	-0.038792	-0.800046	0.3611	1.5595	0.918	
-0.00456802	-0.038792	-0.800046	0.3611	1.5595	0.918	
-0.00456802	-0.038792	-0.800046	0.3611	1.5595	0.918	
-0.00456802	-0.038792	-0.800046	0.3611	1.5595	0.918	
-0.00456802	-0.038792	-0.800046	0.3611	1.5595	0.918	
-0.00456802	-0.038792	-0.800046	0.3611	1.5595	0.918	
-0.00456802	-0.038792	-0.800046	0.3611	1.5595	0.918	
-0.00456802	-0.038792	-0.800046	0.3611	1.5595	0.918	
