7.93943e-06	-8.84631e-06	0.731933	0.009307	0.6539	1.11376	
7.93943e-06	-8.84631e-06	0.731933	0.009307	0.6539	1.11376	
7.93943e-06	-8.84631e-06	0.731933	0.009307	0.6539	1.11376	
7.93943e-06	-8.84631e-06	0.731933	0.009307	0.6539	1.11376	
7.93943e-06	-8.84631e-06	0.731933	0.009307	0.6539	1.11376	
7.93943e-06	-8.84631e-06	0.731933	0.009307	0.6539	1.11376	
7.93943e-06	-8.84631e-06	0.731933	0.009307	0.6539	1.11376	
7.93943e-06	-8.84631e-06	0.731933	0.009307	0.6539	1.11376	
7.93943e-06	-8.84631e-06	0.731933	0.009307	0.6539	1.11376	
7.93943e-06	-8.84631e-06	0.731933	0.009307	0.6539	1.11376	
7.93943e-06	-8.84631e-06	0.731933	0.009307	0.6539	1.11376	
7.93943e-06	-8.84631e-06	0.731933	0.009307	0.6539	1.11376	
7.93943e-06	-8.84631e-06	0.731933	0.009307	0.6539	1.11376	
7.93943e-06	-8.84631e-06	0.731933	0.009307	0.6539	1.11376	
7.93943e-06	-8.84631e-06	0.731933	0.009307	0.6539	1.11376	
7.93943e-06	-8.84631e-06	0.731933	0.009307	0.6539	1.11376	
7.93943e-06	-8.84631e-06	0.731933	0.009307	0.6539	1.11376	
7.93943e-06	-8.84631e-06	0.731933	0.009307	0.6539	1.11376	
7.93943e-06	-8.84631e-06	0.731933	0.009307	0.6539	1.11376	
7.93943e-06	-8.84631e-06	0.731933	0.009307	0.6539	1.11376	
7.93943e-06	-8.84631e-06	0.731933	0.009307	0.6539	1.11376	
7.93943e-06	-8.84631e-06	0.731933	0.009307	0.6539	1.11376	
7.93943e-06	-8.84631e-06	0.731933	0.009307	0.6539	1.11376	
7.93943e-06	-8.84631e-06	0.731933	0.009307	0.6539	1.11376	
7.93943e-06	-8.84631e-06	0.731933	0.009307	0.6539	1.11376	
7.93943e-06	-8.84631e-06	0.731933	0.009307	0.6539	1.11376	
7.93943e-06	-8.84631e-06	0.731933	0.009307	0.6539	1.11376	
7.93943e-06	-8.84631e-06	0.731933	0.009307	0.6539	1.11376	
7.93943e-06	-8.84631e-06	0.731933	0.009307	0.6539	1.11376	
7.93943e-06	-8.84631e-06	0.731933	0.009307	0.6539	1.11376	
7.93943e-06	-8.84631e-06	0.731933	0.009307	0.6539	1.11376	
7.93943e-06	-8.84631e-06	0.731933	0.009307	0.6539	1.11376	
7.93943e-06	-8.84631e-06	0.731933	0.009307	0.6539	1.11376	
7.93943e-06	-8.84631e-06	0.731933	0.009307	0.6539	1.11376	
7.93943e-06	-8.84631e-06	0.731933	0.009307	0.6539	1.11376	
7.93943e-06	-8.84631e-06	0.731933	0.009307	0.6539	1.11376	
7.93943e-06	-8.84631e-06	0.731933	0.009307	0.6539	1.11376	
7.93943e-06	-8.84631e-06	0.731933	0.009307	0.6539	1.11376	
7.93943e-06	-8.84631e-06	0.731933	0.009307	0.6539	1.11376	
7.93943e-06	-8.84631e-06	0.731933	0.009307	0.6539	1.11376	
7.93943e-06	-8.84631e-06	0.731933	0.009307	0.6539	1.11376	
7.93943e-06	-8.84631e-06	0.731933	0.009307	0.6539	1.11376	
7.93943e-06	-8.84631e-06	0.731933	0.009307	0.6539	1.11376	
7.93943e-06	-8.84631e-06	0.731933	0.009307	0.6539	1.11376	
7.93943e-06	-8.84631e-06	0.731933	0.009307	0.6539	1.11376	
7.93943e-06	-8.84631e-06	0.731933	0.009307	0.6539	1.11376	
7.93943e-06	-8.84631e-06	0.731933	0.009307	0.6539	1.11376	
7.93943e-06	-8.84631e-06	0.731933	0.009307	0.6539	1.11376	
7.93943e-06	-8.84631e-06	0.731933	0.009307	0.6539	1.11376	
7.93943e-06	-8.84631e-06	0.731933	0.009307	0.6539	1.11376	
7.93943e-06	-8.84631e-06	0.731933	0.009307	0.6539	1.11376	
7.93943e-06	-8.84631e-06	0.731933	0.009307	0.6539	1.11376	
7.93943e-06	-8.84631e-06	0.731933	0.009307	0.6539	1.11376	
7.93943e-06	-8.84631e-06	0.731933	0.009307	0.6539	1.11376	
7.93943e-06	-8.84631e-06	0.731933	0.009307	0.6539	1.11376	
7.93943e-06	-8.84631e-06	0.731933	0.009307	0.6539	1.11376	
7.93943e-06	-8.84631e-06	0.731933	0.009307	0.6539	1.11376	
7.93943e-06	-8.84631e-06	0.731933	0.009307	0.6539	1.11376	
