0.98346 0.48158 -0.73509 -1.31899 2.34849 2.18854 -2.00381 -1.81768 -1.47833 -0.73411 1.60936 1.00887 -0.41887 -2.76654
0.83796 0.55414 -0.61881 -1.35010 1.99475 2.24099 -1.78232 -2.04089 -1.43187 -0.71349 1.63066 1.55373 -0.58893 -2.48469
0.71635 0.71901 -0.71048 -1.38702 1.22449 1.69500 -1.61089 -2.27935 -1.44657 -0.75663 1.40109 1.99646 -0.79738 -2.59056
0.51441 0.91708 -0.70540 -1.47080 -0.10960 1.61065 -1.05971 -2.44189 -1.36449 -0.79087 1.07700 2.48728 -1.29002 -2.38553
0.85774 1.32709 -0.93860 -1.59273 -0.02499 1.80030 -0.52050 -2.46795 -1.39163 -0.70914 0.42699 2.60513 -1.65162 -2.23822
1.44394 1.71527 -1.19397 -1.62352 0.72188 1.43504 -0.08866 -2.35470 -1.27970 -0.53098 0.43691 2.82605 -1.70765 -2.05898
1.15154 1.52711 -0.90083 -1.85209 -0.13800 0.92712 -0.18164 -2.39082 -1.36665 -0.49289 0.65793 2.55641 -1.65749 -2.20115
1.37901 1.57775 -0.81634 -1.66603 -0.08329 -0.32544 0.13935 -2.42250 -1.34579 -0.58497 0.97196 2.25142 -1.52188 -1.87774
1.07538 0.96158 -0.24059 -1.78869 -0.18438 -0.90871 -0.39508 -2.53396 -1.42427 -0.50493 1.65996 1.81292 -1.26057 -2.36980
1.68007 0.78103 -0.03345 -1.53675 -0.22828 -1.29336 -0.95441 -2.40406 -1.47207 -0.44374 1.62316 -0.08657 -0.57523 -2.66398
1.56099 0.72600 0.28432 -1.16922 0.01167 -1.84927 -0.81452 -2.06882 -1.48406 -0.08990 1.64290 -0.22173 -0.82217 -1.86145
0.52434 0.99685 1.15579 -0.96513 0.50252 -1.88358 -1.04102 -1.98813 -1.40371 0.16102 1.01548 -0.93642 -0.61264 -1.34696
0.64204 1.20241 1.07766 -0.83645 0.83896 -1.80693 -0.83954 -1.77270 -1.15897 -0.08829 1.08891 -0.98838 -0.52312 -0.81374
1.11648 1.61647 0.79380 -0.34542 0.51597 -1.76548 -0.06968 -1.54907 -0.86278 -0.21646 1.38216 -0.86088 -0.24538 0.36368
0.79298 1.44114 0.28501 -0.76527 -0.04120 -1.56592 0.69217 -1.82193 -0.91729 -0.16231 1.84086 -0.81844 -0.18161 0.48706
0.76402 1.30586 -0.00199 -1.04531 -0.02896 -1.51494 1.39711 -2.01454 -0.96401 -0.39346 1.92297 -0.54908 -0.00119 0.79542
1.13387 1.03343 0.19400 -1.20573 0.49521 -1.28019 1.72818 -2.23343 -0.95753 -0.21567 1.80052 -0.31995 0.36506 1.05972
0.63878 0.94532 0.13624 -1.24165 -0.05875 -1.28826 2.26989 -1.92405 -1.08088 -0.06337 1.39897 -0.05444 0.49893 0.67018
1.51061 1.52340 -0.30570 -0.69084 -0.67551 -1.30694 2.48920 -1.79489 -1.11396 0.43986 0.99905 0.61611 1.06266 0.37308
0.89490 0.83610 0.35595 -0.75753 -0.17442 -1.35475 2.02459 -2.18480 -1.84627 0.81662 0.14088 0.65799 1.35752 -0.04512
1.66124 1.18692 -0.08488 -0.41913 -0.42513 -1.36578 1.62072 -1.75720 -1.67432 0.93813 0.28426 1.13547 1.37055 0.22580
1.66787 1.05047 -0.19259 -0.45480 -0.14727 -1.36290 0.95840 -1.73196 -1.82482 0.90904 -0.34803 0.13820 0.77807 0.72076
0.66164 1.04403 -0.42926 -0.46315 -0.07937 -0.97900 -0.29982 -1.27117 -1.41313 1.98132 -0.66298 -0.16911 -0.24220 0.63397
0.18475 0.69351 -0.49855 -0.97354 -0.08728 -0.73279 -1.57648 -1.51348 -1.37638 2.30185 -0.41324 -0.52672 -0.83701 0.74301
0.31555 0.68738 0.36778 -0.72184 -0.06397 -0.96514 -2.37191 -1.41438 -1.32508 2.31969 -0.33753 -0.69027 -1.08518 -0.05098
0.66901 1.83573 1.35761 -0.90916 -1.76708 -0.05908 -1.24750 -0.78376 -0.61721 -0.55150 1.62463 0.23857 0.68806 0.96595
-0.00571 1.80007 0.38239 -1.33695 -1.01298 -0.09388 -1.16731 -1.07768 -0.14763 -1.08945 1.67608 0.05374 1.54014 1.73507
-0.37142 1.76409 0.42429 -1.60382 -0.25124 -0.52727 -2.12721 -1.54769 -0.43141 -0.68225 1.90168 -0.00183 1.47469 0.89286
-0.49255 0.99790 1.13173 -1.97463 1.61223 -0.79631 -2.59028 -1.44709 -0.52416 -0.32082 1.58697 -0.07290 1.14457 2.58654
-0.68537 1.06107 0.95888 -1.52830 0.63200 -1.06889 -3.01197 0.69450 1.36798 1.53966 1.19066 -0.17509 1.21643 1.07675
-0.68431 1.10353 0.98896 -1.73947 -0.00682 -1.35576 -3.10987 -0.17438 0.80923 2.45035 1.22334 -0.17797 1.28557 1.46626
-0.24576 0.96703 -0.03419 -1.08686 -0.08368 -1.37445 -2.70014 0.97912 1.59127 2.27769 1.27746 0.36636 -0.43888 0.26360
0.38401 0.67028 -0.28367 -1.21346 -0.21022 -0.96881 -1.50202 0.87104 1.39682 2.36632 1.39911 1.42088 -1.18019 0.42654
-0.11122 0.98269 -0.40618 -1.33765 -0.19361 -0.92894 -0.73771 -0.04262 1.11509 1.70986 0.55014 1.90703 -1.35909 1.15702
-0.13154 1.26888 -0.53049 -0.77040 -0.35437 -1.34830 -0.12226 -0.12162 0.76238 0.34549 -0.86030 1.05715 -0.89219 0.96770
0.37313 1.60407 -1.00547 -0.62344 -0.91392 -1.71850 0.45838 -0.25505 0.59884 0.77404 -2.03075 1.09188 -0.28866 0.66255
