0	0.785398	1.25664	-1.5708	-1.5708	0	0	0	0.785398	1.25664	-1.5708	-1.5708	0	0	0	
-0.0259197	0.699156	1.25103	-1.52235	-1.50061	0.054465	0.0370636	-0.0583322	0.728933	1.24892	-1.55615	-1.49468	-0.017919	0.0108079	0.0351185	
-0.0401257	0.649316	1.24694	-1.49354	-1.45841	0.0869125	0.0584679	-0.091775	0.696936	1.2457	-1.54758	-1.44974	-0.0248652	0.0174215	0.0513948	
-0.0543317	0.599476	1.24286	-1.46474	-1.41621	0.11936	0.0798723	-0.125218	0.664938	1.24247	-1.539	-1.4048	-0.0318113	0.0240351	0.0676712	
-0.0507964	0.563594	1.225	-1.42961	-1.35679	0.160039	0.095033	-0.144621	0.653115	1.2622	-1.53094	-1.35549	0.0239017	0.035332	0.00779991	
-0.0472611	0.527713	1.20714	-1.39447	-1.29736	0.200718	0.110194	-0.164025	0.641291	1.28193	-1.52287	-1.30619	0.0796147	0.0466289	-0.0520714	
-0.0426492	0.492269	1.18958	-1.35621	-1.23983	0.243017	0.12572	-0.186267	0.628221	1.30056	-1.51847	-1.25598	0.14047	0.0579678	-0.118833	
-0.0382313	0.459173	1.17319	-1.32013	-1.18622	0.282725	0.140273	-0.207341	0.615877	1.31787	-1.51472	-1.20894	0.197874	0.0685735	-0.181931	
-0.033896	0.426739	1.15713	-1.28476	-1.1337	0.32165	0.154537	-0.228011	0.603773	1.33483	-1.51106	-1.16284	0.254159	0.0789679	-0.243806	
-0.0296393	0.394896	1.14136	-1.25002	-1.08212	0.359867	0.168542	-0.248305	0.591889	1.35148	-1.50747	-1.11757	0.309422	0.0891732	-0.304556	
-0.0253193	0.363222	1.12702	-1.21427	-1.03067	0.398597	0.182587	-0.268827	0.579186	1.36848	-1.50551	-1.07046	0.364968	0.0991379	-0.366274	
-0.0191349	0.32551	1.13318	-1.15192	-0.967635	0.456112	0.201051	-0.298787	0.548805	1.39565	-1.53031	-0.97961	0.440515	0.107439	-0.460897	
-0.026635	0.307344	1.13571	-1.14066	-0.951573	0.462554	0.203113	-0.302536	0.533383	1.39699	-1.52991	-0.959299	0.466569	0.105737	-0.48535	
-0.0739391	0.283021	1.14789	-1.08236	-0.878794	0.426495	0.165961	-0.215309	0.501575	1.37738	-1.51406	-0.917352	0.506753	0.119795	-0.526913	
-0.125335	0.257137	1.16212	-1.01955	-0.799624	0.386719	0.12593	-0.119467	0.467764	1.35693	-1.49682	-0.872205	0.549043	0.13468	-0.571168	
-0.171503	0.232237	1.18345	-0.966568	-0.7259	0.351425	0.096508	-0.0320937	0.439095	1.34778	-1.4823	-0.829248	0.584076	0.143386	-0.611263	
-0.217672	0.207336	1.20478	-0.913583	-0.652175	0.316131	0.0670857	0.0552794	0.410427	1.33863	-1.46778	-0.786291	0.619109	0.152091	-0.651358	
-0.267713	0.181656	1.22431	-0.852273	-0.577653	0.283187	0.0456904	0.148806	0.378045	1.33193	-1.45957	-0.73815	0.654648	0.172051	-0.69987	
-0.315164	0.157426	1.2425	-0.793783	-0.507481	0.252433	0.0263605	0.237385	0.347219	1.32587	-1.45248	-0.692357	0.688126	0.191939	-0.746332	
-0.364264	0.132622	1.26281	-0.733292	-0.435494	0.220891	0.00649938	0.329298	0.315054	1.3198	-1.44547	-0.644816	0.722542	0.211437	-0.794317	
-0.407975	0.112803	1.29328	-0.679725	-0.376589	0.19508	-0.0102208	0.413355	0.284156	1.3159	-1.44183	-0.601194	0.751337	0.219591	-0.836255	
-0.451686	0.0929848	1.32375	-0.626158	-0.317685	0.16927	-0.0269409	0.497411	0.253258	1.31201	-1.43819	-0.557572	0.780131	0.227745	-0.878194	
-0.498774	0.0739904	1.35187	-0.562979	-0.260735	0.146467	-0.0366951	0.5893	0.217617	1.30764	-1.44149	-0.508449	0.808941	0.247012	-0.930786	
-0.543223	0.056276	1.37798	-0.502841	-0.207572	0.1254	-0.0451472	0.676161	0.183759	1.3035	-1.44528	-0.461884	0.835935	0.266157	-0.981109	
-0.58899	0.0384524	1.40583	-0.440946	-0.15354	0.103827	-0.0542777	0.765749	0.14848	1.29879	-1.4494	-0.414147	0.863595	0.284617	-1.03291	
-0.631238	0.027393	1.43758	-0.384604	-0.112011	0.0870995	-0.0664348	0.846314	0.115427	1.29154	-1.45286	-0.373401	0.888458	0.288978	-1.07768	
-0.673486	0.0163336	1.46933	-0.328261	-0.0704826	0.0703722	-0.0785919	0.926879	0.0823729	1.2843	-1.45631	-0.332656	0.913321	0.293338	-1.12245	
-0.728052	0.0350004	1.46346	-0.261411	-0.0603079	0.0908396	-0.0877673	0.970503	0.0938349	1.29191	-1.424	-0.30509	0.952599	0.276521	-1.1339	
-0.782618	0.0536673	1.45758	-0.194561	-0.0501332	0.111307	-0.0969426	1.01413	0.105297	1.29952	-1.39169	-0.277525	0.991877	0.259704	-1.14535	
-0.855589	0.104466	1.41573	-0.111019	-0.0701464	0.173018	-0.107058	1.02239	0.165131	1.32102	-1.31162	-0.264161	1.05303	0.21474	-1.11704	
-0.928364	0.154935	1.37402	-0.0351512	-0.0932898	0.234749	-0.114794	1.02361	0.224286	1.34013	-1.22692	-0.25324	1.11565	0.170774	-1.08547	
-0.981716	0.17182	1.3677	-0.0445403	-0.115951	0.257387	-0.100134	0.9948	0.231337	1.32508	-1.14584	-0.251532	1.17072	0.163156	-1.06224	
-1.03507	0.188705	1.36137	-0.0539294	-0.138613	0.280025	-0.0854744	0.965988	0.238388	1.31003	-1.06475	-0.249823	1.2258	0.155539	-1.039	
-1.10349	0.196856	1.36814	-0.108134	-0.170198	0.293654	-0.0531567	0.909154	0.223789	1.28143	-0.946756	-0.261171	1.30336	0.171025	-1.01054	
-1.17192	0.205006	1.37492	-0.162339	-0.201783	0.307284	-0.020839	0.852321	0.209189	1.25283	-0.828764	-0.27252	1.38093	0.186512	-0.982087	
-1.20904	0.211802	1.37899	-0.193119	-0.21876	0.314878	-0.00260185	0.822073	0.198153	1.23494	-0.76345	-0.27604	1.42355	0.192571	-0.968183	
-1.24615	0.218599	1.38306	-0.223899	-0.235737	0.322472	0.0156353	0.791824	0.187117	1.21705	-0.698136	-0.279561	1.46617	0.198629	-0.95428	
-1.31716	0.232039	1.39093	-0.283044	-0.26819	0.337038	0.0506585	0.734057	0.165428	1.18238	-0.572929	-0.285811	1.54781	0.209789	-0.927961	
-1.35429	0.239347	1.39507	-0.313808	-0.285003	0.344583	0.0692126	0.703751	0.153804	1.16467	-0.507487	-0.289633	1.59048	0.215591	-0.914375	
-1.39142	0.246655	1.39922	-0.344573	-0.301815	0.352129	0.0877667	0.673445	0.142179	1.14696	-0.442044	-0.293456	1.63315	0.221393	-0.900789	
-1.45846	0.264346	1.40718	-0.39736	-0.329616	0.364571	0.125297	0.61698	0.116693	1.1222	-0.324288	-0.309791	1.70978	0.231535	-0.879031	
-1.52551	0.282037	1.41514	-0.450148	-0.357418	0.377012	0.162828	0.560515	0.0912065	1.09743	-0.206532	-0.326127	1.78641	0.241678	-0.857273	
-1.56223	0.291736	1.41941	-0.479614	-0.373376	0.384167	0.184103	0.529702	0.077238	1.08351	-0.140719	-0.333953	1.82849	0.247748	-0.844706	
-1.59895	0.301436	1.42368	-0.50908	-0.389334	0.391321	0.205379	0.49889	0.0632694	1.0696	-0.0749068	-0.341778	1.87056	0.253818	-0.832139	
-1.63584	0.311288	1.42802	-0.538624	-0.405132	0.398431	0.227184	0.467924	0.0491283	1.05611	-0.00869084	-0.34993	1.91279	0.259934	-0.819576	
-1.67273	0.321139	1.43237	-0.568168	-0.420931	0.40554	0.248989	0.436958	0.0349871	1.04262	0.0575251	-0.358081	1.95502	0.266051	-0.807013	
-1.73916	0.340653	1.4412	-0.619498	-0.444309	0.416528	0.294399	0.38079	0.00775005	1.02718	0.176309	-0.379409	2.03022	0.276583	-0.786449	
-1.80559	0.360166	1.45003	-0.670828	-0.467687	0.427515	0.339808	0.324622	-0.019487	1.01173	0.295093	-0.400738	2.10542	0.287116	-0.765884	
-1.84189	0.370691	1.4549	-0.6991	-0.480586	0.434226	0.366365	0.292792	-0.0342328	1.00349	0.360868	-0.412771	2.14693	0.293621	-0.754095	
-1.8782	0.381215	1.45976	-0.727372	-0.493485	0.440938	0.392923	0.260962	-0.0489786	0.995259	0.426644	-0.424805	2.18843	0.300126	-0.742306	
-1.91462	0.391745	1.46463	-0.755654	-0.505818	0.447381	0.420155	0.229193	-0.0637433	0.987891	0.492649	-0.437442	2.23005	0.306776	-0.730516	
-1.95105	0.402275	1.46951	-0.783936	-0.51815	0.453824	0.447387	0.197425	-0.078508	0.980523	0.558654	-0.450079	2.27166	0.313425	-0.718726	
-2.01467	0.420348	1.47798	-0.83164	-0.529535	0.459278	0.502077	0.146222	-0.103979	0.981924	0.672922	-0.480739	2.34322	0.325929	-0.699459	
-2.0783	0.438422	1.48645	-0.879343	-0.540919	0.464732	0.556767	0.09502	-0.12945	0.983325	0.78719	-0.5114	2.41479	0.338433	-0.680192	
-2.09731	0.443469	1.49237	-0.895022	-0.544323	0.469975	0.580943	0.0710797	-0.133701	0.982638	0.824716	-0.51724	2.43842	0.345504	-0.668466	
-2.09712	0.47641	1.50012	-0.916276	-0.526604	0.483042	0.588703	0.0464767	-0.107754	0.992211	0.835038	-0.505902	2.42576	0.374255	-0.657745	
-2.09533	0.529656	1.51331	-0.949485	-0.498189	0.504287	0.599496	0.0087492	-0.0653402	1.00664	0.849483	-0.486001	2.40293	0.419407	-0.640828	
-2.09358	0.581137	1.53429	-0.979972	-0.476435	0.527759	0.610314	-0.0237304	-0.0260803	1.01065	0.868095	-0.459328	2.37816	0.453964	-0.621562	
-2.09183	0.632618	1.55527	-1.01046	-0.454681	0.551232	0.621131	-0.05621	0.0131795	1.01466	0.886706	-0.432654	2.3534	0.488522	-0.602296	
-2.08907	0.697727	1.56734	-1.04093	-0.42088	0.57225	0.630966	-0.0893292	0.0519447	1.02632	0.900333	-0.426323	2.3282	0.538424	-0.58744	
-2.07235	0.765919	1.57113	-1.06281	-0.391954	0.595972	0.645869	-0.121202	0.100961	1.04034	0.905102	-0.423446	2.29901	0.587564	-0.568531	
-2.05629	0.77691	1.56435	-1.05727	-0.394093	0.60217	0.653053	-0.124265	0.117924	1.0438	0.897471	-0.42436	2.2911	0.59194	-0.561448	
-2.03986	0.78524	1.55685	-1.05019	-0.39788	0.607623	0.660021	-0.125927	0.133668	1.0468	0.889013	-0.425492	2.28408	0.594128	-0.554795	
-2.023	0.793642	1.54913	-1.04285	-0.401845	0.613175	0.667152	-0.127559	0.149742	1.04986	0.880301	-0.426663	2.27693	0.596259	-0.547998	
-2.00569	0.802257	1.5412	-1.03531	-0.405919	0.61887	0.674469	-0.129229	0.166233	1.05299	0.871359	-0.427865	2.2696	0.59844	-0.541023	
-1.98793	0.811098	1.53307	-1.02758	-0.4101	0.624714	0.681978	-0.130944	0.183157	1.0562	0.862182	-0.429099	2.26207	0.600678	-0.533867	
-1.96971	0.820169	1.52473	-1.01964	-0.41439	0.630711	0.689683	-0.132703	0.200522	1.0595	0.852766	-0.430365	2.25435	0.602974	-0.526523	
-1.95003	0.829967	1.51571	-1.01107	-0.419024	0.637188	0.698004	-0.134602	0.219278	1.06306	0.842596	-0.431733	2.24601	0.605454	-0.518591	
-1.91306	0.848371	1.49878	-0.994966	-0.427727	0.649354	0.713636	-0.138171	0.25451	1.06975	0.823492	-0.434301	2.23034	0.610113	-0.503692	
-1.89095	0.859381	1.48865	-0.985334	-0.432934	0.656632	0.722988	-0.140306	0.275586	1.07376	0.812063	-0.435838	2.22097	0.6129	-0.494779	
-1.851	0.87927	1.47036	-0.967934	-0.44234	0.66978	0.73988	-0.144162	0.313659	1.08099	0.791419	-0.438614	2.20403	0.617934	-0.478678	
-1.82828	0.890581	1.45995	-0.958037	-0.447689	0.677257	0.749488	-0.146356	0.335313	1.0851	0.779677	-0.440193	2.1944	0.620798	-0.469521	
-1.80589	0.901727	1.4497	-0.948286	-0.45296	0.684626	0.758955	-0.148517	0.35665	1.08915	0.768108	-0.441748	2.18491	0.623619	-0.460498	
-1.78297	0.913134	1.43921	-0.938307	-0.458355	0.692166	0.768643	-0.150729	0.378486	1.0933	0.756267	-0.44334	2.1752	0.626507	-0.451263	
-1.75948	0.924829	1.42845	-0.928075	-0.463885	0.699897	0.778576	-0.152996	0.400873	1.09755	0.744128	-0.444973	2.16525	0.629467	-0.441796	
-1.7354	0.936819	1.41742	-0.917585	-0.469556	0.707823	0.78876	-0.155321	0.423826	1.10191	0.731682	-0.446646	2.15504	0.632502	-0.432089	
-1.71071	0.94911	1.40611	-0.906832	-0.475368	0.715948	0.7992	-0.157704	0.447355	1.10638	0.718924	-0.448361	2.14457	0.635613	-0.422139	
-1.68408	0.96237	1.39391	-0.895231	-0.481639	0.724714	0.810462	-0.160275	0.472739	1.1112	0.70516	-0.450212	2.13329	0.63897	-0.411404	
-1.63412	0.987241	1.37103	-0.873472	-0.493401	0.741155	0.831587	-0.165098	0.52035	1.12025	0.679343	-0.453683	2.11211	0.645266	-0.39127	
-1.60571	1.00138	1.35802	-0.8611	-0.500089	0.750503	0.843598	-0.16784	0.54742	1.12539	0.664665	-0.455657	2.10007	0.648845	-0.379822	
-1.57775	1.0153	1.34522	-0.848921	-0.506672	0.759706	0.855421	-0.170539	0.574069	1.13045	0.650215	-0.4576	2.08822	0.652369	-0.368553	
-1.54766	1.03064	1.33151	-0.835758	-0.513649	0.769841	0.868524	-0.173405	0.602389	1.13559	0.634521	-0.459617	2.07528	0.65555	-0.356133	
-1.49127	1.06508	1.30694	-0.810063	-0.52508	0.792587	0.899104	-0.178101	0.649767	1.14012	0.602763	-0.462554	2.04767	0.651557	-0.327908	
-1.45923	1.08068	1.29191	-0.794446	-0.533988	0.80296	0.910727	-0.180326	0.680644	1.14329	0.586034	-0.471309	2.03011	0.653715	-0.31077	
-1.42773	1.09567	1.27703	-0.778995	-0.542967	0.812933	0.92164	-0.182473	0.711369	1.14647	0.569699	-0.480557	2.01267	0.656236	-0.293816	
-1.39386	1.11176	1.26103	-0.762383	-0.55263	0.823639	0.933342	-0.18478	0.744411	1.14989	0.552149	-0.490532	1.99392	0.658968	-0.275587	
-1.3305	1.14186	1.23109	-0.731302	-0.570709	0.843668	0.955233	-0.189094	0.806236	1.15628	0.519313	-0.509199	1.95883	0.66408	-0.241481	
-1.29457	1.15893	1.21411	-0.713674	-0.580963	0.855028	0.967648	-0.191542	0.8413	1.15991	0.50069	-0.519786	1.93893	0.66698	-0.222138	
-1.25926	1.1757	1.19743	-0.696356	-0.591038	0.866188	0.979846	-0.193946	0.875748	1.16347	0.482394	-0.530187	1.91938	0.669829	-0.203135	
-1.22324	1.19282	1.18041	-0.678685	-0.601317	0.877576	0.992292	-0.196399	0.910898	1.16711	0.463726	-0.5408	1.89943	0.672736	-0.183744	
-1.18642	1.21031	1.16301	-0.660623	-0.611823	0.889215	1.00501	-0.198906	0.946825	1.17083	0.444645	-0.551647	1.87903	0.675707	-0.163925	
-1.14683	1.2295	1.14423	-0.641146	-0.623402	0.902244	1.01876	-0.201699	0.985073	1.1746	0.423663	-0.563614	1.85689	0.677929	-0.142818	
-1.07285	1.27149	1.10787	-0.603683	-0.649891	0.934792	1.0451	-0.208186	1.05042	1.178	0.376954	-0.591014	1.81171	0.66608	-0.106484	
-1.03098	1.28929	1.08652	-0.579641	-0.667797	0.946922	1.0512	-0.205516	1.09337	1.1798	0.354485	-0.606226	1.78259	0.663719	-0.0798797	
-0.989929	1.3062	1.06553	-0.555818	-0.685611	0.958245	1.05638	-0.202327	1.13602	1.18156	0.332817	-0.621112	1.75372	0.661796	-0.0532556	
-0.948139	1.32339	1.04415	-0.53155	-0.703762	0.969743	1.06162	-0.199051	1.17946	1.18334	0.310776	-0.636266	1.72432	0.659859	-0.0261216	
-0.905524	1.34091	1.02235	-0.506803	-0.722272	0.981467	1.06697	-0.195709	1.22376	1.18516	0.2883	-0.651718	1.69434	0.657885	0.00154934	
-0.862077	1.35878	1.00013	-0.481572	-0.741143	0.993419	1.07241	-0.192301	1.26893	1.18702	0.265386	-0.667473	1.66377	0.655872	0.0297609	
-0.817794	1.37699	0.977476	-0.455856	-0.760377	1.0056	1.07796	-0.188828	1.31497	1.18891	0.242031	-0.68353	1.63261	0.65382	0.0585152	
-0.770045	1.39732	0.956498	-0.430832	-0.779196	1.01699	1.08148	-0.184142	1.36127	1.18896	0.218868	-0.700398	1.60023	0.651308	0.0870778	
-0.676271	1.44912	0.974301	-0.427991	-0.78327	1.00943	1.04631	-0.158833	1.39499	1.15488	0.207973	-0.72588	1.55755	0.641245	0.101363	
-0.617248	1.48871	1.01869	-0.452795	-0.767668	0.98874	1.00008	-0.134064	1.38377	1.11365	0.220492	-0.73701	1.54242	0.631979	0.0868224	
-0.563541	1.52803	1.06189	-0.482012	-0.754388	0.975613	0.95251	-0.112447	1.36832	1.07013	0.233041	-0.741865	1.5294	0.623116	0.0712941	
-0.509835	1.56734	1.10509	-0.511229	-0.741108	0.962487	0.904937	-0.0908307	1.35287	1.02661	0.245589	-0.74672	1.51638	0.614253	0.0557658	
-0.448785	1.61515	1.15474	-0.537396	-0.716824	0.934467	0.845853	-0.0607208	1.33214	0.99222	0.265099	-0.759705	1.49641	0.612089	0.0336018	
-0.385694	1.66485	1.20611	-0.56377	-0.690856	0.904267	0.784318	-0.0290789	1.3104	0.958107	0.285759	-0.773833	1.47529	0.610603	0.0102688	
-0.325346	1.71277	1.2553	-0.589198	-0.665988	0.87575	0.725068	0.000884598	1.28924	0.925621	0.305657	-0.787084	1.45479	0.609401	-0.0122152	
-0.264997	1.7607	1.30449	-0.614626	-0.64112	0.847233	0.665817	0.0308481	1.26807	0.893135	0.325555	-0.800334	1.43428	0.608199	-0.0346992	
-0.202605	1.81657	1.35632	-0.644917	-0.615247	0.824964	0.598102	0.0563154	1.23986	0.861332	0.348125	-0.809183	1.4083	0.610408	-0.0604411	
-0.140212	1.87244	1.40816	-0.675208	-0.589374	0.802695	0.530387	0.0817827	1.21165	0.829528	0.370695	-0.818032	1.38232	0.612618	-0.086183	
-0.0716041	1.92995	1.46444	-0.705949	-0.547338	0.767657	0.455944	0.118041	1.18456	0.811614	0.396701	-0.840586	1.35597	0.624025	-0.112911	
-0.00152163	1.98886	1.52199	-0.737292	-0.504615	0.730758	0.380808	0.154728	1.15671	0.79392	0.4228	-0.863512	1.32907	0.636244	-0.140523	
0.0648461	2.04865	1.57732	-0.769176	-0.476453	0.694513	0.318107	0.179728	1.12635	0.769162	0.442369	-0.874594	1.30279	0.646726	-0.170266	
0.131214	2.10843	1.63264	-0.801061	-0.44829	0.658268	0.255407	0.204728	1.09599	0.744405	0.461939	-0.885676	1.27652	0.657208	-0.200008	
0.199434	2.15616	1.68477	-0.843954	-0.405017	0.611318	0.203151	0.232359	1.0788	0.735688	0.478929	-0.914297	1.2653	0.694277	-0.223865	
0.267653	2.20389	1.7369	-0.886847	-0.361744	0.564368	0.150895	0.25999	1.06161	0.726971	0.495919	-0.942918	1.25409	0.731346	-0.247722	
0.348558	2.26178	1.79173	-0.933625	-0.318536	0.512256	0.0980514	0.289519	1.05036	0.715771	0.514427	-0.977498	1.24195	0.771937	-0.270487	
0.362053	2.26795	1.78852	-0.936512	-0.323827	0.502403	0.0971959	0.297966	1.05597	0.716633	0.508557	-0.981221	1.23496	0.772902	-0.267008	
0.396683	2.28002	1.76697	-0.938626	-0.35087	0.475869	0.103573	0.323438	1.07843	0.721788	0.483848	-0.988574	1.2117	0.769128	-0.250241	
0.435931	2.29362	1.74227	-0.940908	-0.381808	0.44577	0.110986	0.352388	1.10406	0.727692	0.455635	-0.99686	1.18521	0.764715	-0.231069	
0.511529	2.3198	1.69466	-0.945294	-0.441426	0.387792	0.125279	0.408157	1.15344	0.739071	0.401276	-1.01282	1.13419	0.756205	-0.194128	
0.555515	2.33503	1.66697	-0.947845	-0.476114	0.354058	0.133595	0.440606	1.18217	0.745692	0.369647	-1.0221	1.10451	0.751253	-0.172633	
0.599515	2.35027	1.63926	-0.950398	-0.510813	0.320314	0.141914	0.473065	1.21091	0.752315	0.338009	-1.03139	1.07481	0.746299	-0.151132	
0.64511	2.36606	1.61054	-0.953043	-0.54677	0.285346	0.150535	0.506701	1.24069	0.759178	0.305223	-1.04101	1.04404	0.741166	-0.128852	
0.692375	2.38243	1.58078	-0.955784	-0.584044	0.249097	0.159472	0.541569	1.27156	0.766293	0.271236	-1.05099	1.01214	0.735844	-0.105755	
0.743912	2.40028	1.54833	-0.958774	-0.624688	0.209572	0.169216	0.579589	1.30522	0.77405	0.234177	-1.06186	0.97736	0.730042	-0.0805703	
0.794178	2.41743	1.51644	-0.961963	-0.664235	0.170696	0.178601	0.61643	1.33831	0.781224	0.197955	-1.07251	0.943839	0.724339	-0.0558441	
0.844444	2.43458	1.48456	-0.965153	-0.703781	0.13182	0.187986	0.653272	1.37141	0.788399	0.161732	-1.08315	0.910319	0.718636	-0.0311179	
0.897543	2.44819	1.44726	-0.973255	-0.743931	0.0850755	0.196009	0.687961	1.41086	0.789119	0.122091	-1.09493	0.881615	0.711464	-0.00220041	
0.950642	2.46181	1.40995	-0.981356	-0.784081	0.0383305	0.204033	0.72265	1.45032	0.78984	0.0824503	-1.10672	0.852912	0.704291	0.0267171	
1.01011	2.47848	1.38246	-0.988612	-0.829605	-0.0133401	0.220224	0.760469	1.49309	0.790679	0.0374232	-1.11915	0.807661	0.682268	0.057157	
1.07165	2.49587	1.35539	-0.995945	-0.876767	-0.0667428	0.237675	0.799504	1.5372	0.791551	-0.00923166	-1.13195	0.75957	0.658127	0.0884681	
1.12911	2.51212	1.33018	-1.00278	-0.920803	-0.116601	0.254	0.835946	1.57838	0.792364	-0.0527954	-1.14389	0.71461	0.635524	0.117694	
1.18656	2.52836	1.30497	-1.00962	-0.96484	-0.16646	0.270325	0.872388	1.61957	0.793178	-0.0963591	-1.15583	0.669649	0.612922	0.14692	
1.25482	2.54764	1.27505	-1.01802	-1.01706	-0.225881	0.29013	0.91552	1.66852	0.793582	-0.148271	-1.16968	0.616014	0.586153	0.181752	
1.31456	2.56342	1.24891	-1.02894	-1.06373	-0.28075	0.311031	0.951452	1.71243	0.78968	-0.198385	-1.17969	0.565572	0.562411	0.213103	
1.37429	2.57921	1.22277	-1.03986	-1.1104	-0.335619	0.331933	0.987385	1.75635	0.785777	-0.248499	-1.18969	0.515129	0.538669	0.244455	
1.37985	2.56356	1.21624	-1.06799	-1.14912	-0.36731	0.338511	0.981476	1.77752	0.792336	-0.32118	-1.20235	0.475964	0.51664	0.246902	
1.38542	2.54791	1.20971	-1.09612	-1.18784	-0.399001	0.34509	0.975567	1.79869	0.798894	-0.39386	-1.215	0.436799	0.494611	0.249349	
1.33448	2.50187	1.21611	-1.1421	-1.2109	-0.402625	0.340444	0.928483	1.79375	0.812828	-0.482872	-1.22032	0.410079	0.485593	0.223049	
1.28354	2.45582	1.22251	-1.18809	-1.23395	-0.40625	0.335797	0.881399	1.78881	0.826762	-0.571883	-1.22564	0.383358	0.476575	0.19675	
1.22154	2.40072	1.23055	-1.23582	-1.26067	-0.403609	0.322501	0.825216	1.78185	0.852689	-0.669369	-1.23995	0.355544	0.460324	0.163654	
1.16615	2.35252	1.23627	-1.27616	-1.28204	-0.398609	0.31201	0.775705	1.77461	0.875607	-0.752274	-1.2502	0.330794	0.448972	0.136066	
1.11077	2.30433	1.24199	-1.31651	-1.30342	-0.39361	0.301519	0.726193	1.76736	0.898526	-0.835179	-1.26044	0.306045	0.43762	0.108478	
1.04546	2.24765	1.24714	-1.35601	-1.32837	-0.380937	0.281159	0.66955	1.75867	0.932092	-0.92257	-1.28252	0.281469	0.415694	0.0758515	
0.98729	2.19827	1.25069	-1.38831	-1.34818	-0.367884	0.265783	0.62015	1.74983	0.960082	-0.995307	-1.29956	0.259533	0.399473	0.0501226	
0.929121	2.1489	1.25424	-1.4206	-1.36798	-0.354831	0.250408	0.57075	1.74098	0.988072	-1.06804	-1.3166	0.237597	0.383252	0.0243936	
0.86049	2.09133	1.25559	-1.44923	-1.39025	-0.331919	0.225519	0.516007	1.72985	1.02294	-1.14008	-1.34566	0.21803	0.355776	-0.00327395	
0.799305	2.04116	1.25633	-1.47214	-1.40774	-0.312061	0.21024	0.46826	1.71878	1.04928	-1.19892	-1.36646	0.198967	0.33705	-0.0215993	
0.738121	1.991	1.25707	-1.49504	-1.42523	-0.292203	0.19496	0.420513	1.7077	1.07563	-1.25776	-1.38726	0.179904	0.318324	-0.0399247	
0.669221	1.93607	1.25473	-1.50797	-1.44442	-0.260886	0.171715	0.372946	1.69367	1.10263	-1.30677	-1.419	0.166357	0.288057	-0.0539766	
0.598357	1.87958	1.25188	-1.52011	-1.46403	-0.228283	0.148406	0.324432	1.67922	1.12928	-1.35509	-1.45172	0.15264	0.256617	-0.0668961	
0.532684	1.82622	1.24812	-1.53157	-1.48155	-0.201728	0.136635	0.278146	1.66685	1.1466	-1.39574	-1.47604	0.135563	0.232067	-0.0708942	
0.467011	1.77286	1.24436	-1.54303	-1.49907	-0.175173	0.124863	0.23186	1.65448	1.16392	-1.43639	-1.50036	0.118485	0.207516	-0.0748923	
0.392978	1.71661	1.24334	-1.54145	-1.52113	-0.139152	0.113691	0.185606	1.63662	1.17961	-1.47194	-1.52795	0.103228	0.17636	-0.0650059	
0.320577	1.66195	1.24264	-1.5386	-1.54291	-0.103375	0.102954	0.140906	1.61881	1.19461	-1.50578	-1.55494	0.0886686	0.145576	-0.0540372	
0.247045	1.60646	1.24195	-1.53563	-1.56505	-0.0670099	0.0920594	0.0955357	1.6007	1.20982	-1.54011	-1.58235	0.0739002	0.114295	-0.0428295	
0.172265	1.55003	1.24124	-1.53261	-1.58756	-0.0300268	0.0809807	0.0493973	1.58229	1.2253	-1.57501	-1.61023	0.0588822	0.0824822	-0.0314283	
0.0963195	1.49272	1.24052	-1.52954	-1.61042	0.00753288	0.0697292	0.00253965	1.56358	1.24101	-1.61045	-1.63854	0.0436301	0.0501735	-0.0198492	
