0.501108	2.22796	-0.543603	-1.36357	-1.9364	1.01402	-1.13042	-2.74647	-0.0336104	1.90828	0.798275	-0.619269	0.838234	-1.30724	-0.420517	
0.488802	2.22684	-0.466994	-1.32434	-1.92769	0.9192	-1.08429	-2.6997	0.0541619	1.88999	0.752143	-0.601281	0.780564	-1.33017	-0.433477	
0.476497	2.22573	-0.390386	-1.2851	-1.91898	0.824382	-1.03815	-2.65293	0.141934	1.8717	0.706011	-0.583294	0.722895	-1.3531	-0.446436	
0.464192	2.22461	-0.313777	-1.24586	-1.91027	0.729563	-0.992017	-2.60616	0.229706	1.8534	0.659879	-0.565306	0.665225	-1.37604	-0.459395	
0.451887	2.22349	-0.237169	-1.20663	-1.90156	0.634744	-0.945881	-2.55938	0.317479	1.83511	0.613747	-0.547319	0.607555	-1.39897	-0.472354	
0.439581	2.22238	-0.16056	-1.16739	-1.89286	0.539925	-0.899746	-2.51261	0.405251	1.81682	0.567616	-0.529331	0.549886	-1.4219	-0.485314	
0.427276	2.22126	-0.0839518	-1.12815	-1.88415	0.445107	-0.853611	-2.46584	0.493023	1.79853	0.521484	-0.511344	0.492216	-1.44483	-0.498273	
0.414971	2.22014	-0.00734332	-1.08892	-1.87544	0.350288	-0.807475	-2.41907	0.580796	1.78024	0.475352	-0.493356	0.434547	-1.46777	-0.511232	
0.402665	2.21903	0.0692652	-1.04968	-1.86673	0.255469	-0.76134	-2.3723	0.668568	1.76195	0.42922	-0.475369	0.376877	-1.4907	-0.524191	
0.39036	2.21791	0.145874	-1.01044	-1.85802	0.16065	-0.715204	-2.32553	0.75634	1.74365	0.383088	-0.457381	0.319207	-1.51363	-0.537151	
0.378055	2.21679	0.222482	-0.971208	-1.84931	0.0658314	-0.669069	-2.27875	0.844112	1.72536	0.336957	-0.439394	0.261538	-1.53656	-0.55011	
0.365749	2.21568	0.299091	-0.931972	-1.8406	-0.0289874	-0.622933	-2.23198	0.931885	1.70707	0.290825	-0.421406	0.203868	-1.5595	-0.563069	
0.353444	2.21456	0.375699	-0.892736	-1.83189	-0.123806	-0.576798	-2.18521	1.01966	1.68878	0.244693	-0.403419	0.146199	-1.58243	-0.576028	
0.341139	2.21345	0.452308	-0.853499	-1.82319	-0.218625	-0.530663	-2.13844	1.10743	1.67049	0.198561	-0.385431	0.0885292	-1.60536	-0.588987	
0.328833	2.21233	0.528916	-0.814263	-1.81448	-0.313444	-0.484527	-2.09167	1.1952	1.6522	0.152429	-0.367444	0.0308596	-1.6283	-0.601947	
0.316528	2.21121	0.605525	-0.775026	-1.80577	-0.408263	-0.438392	-2.04489	1.28297	1.6339	0.106297	-0.349456	-0.02681	-1.65123	-0.614906	
0.304223	2.2101	0.682133	-0.73579	-1.79706	-0.503081	-0.392256	-1.99812	1.37075	1.61561	0.0601657	-0.331469	-0.0844796	-1.67416	-0.627865	
0.291918	2.20898	0.758742	-0.696554	-1.78835	-0.5979	-0.346121	-1.95135	1.45852	1.59732	0.0140338	-0.313481	-0.142149	-1.69709	-0.640824	
0.280752	2.20553	0.837272	-0.654375	-1.77376	-0.683067	-0.303175	-1.91058	1.54015	1.57612	-0.0260777	-0.295152	-0.193974	-1.72212	-0.651466	
0.280141	2.20466	0.844105	-0.650219	-1.77109	-0.687498	-0.300519	-1.90882	1.54519	1.57367	-0.0277854	-0.293584	-0.196679	-1.72467	-0.651732	
0.280095	2.20441	0.845318	-0.649398	-1.77037	-0.687768	-0.300234	-1.90881	1.54572	1.57314	-0.0277798	-0.293311	-0.196847	-1.72518	-0.651665	
0.28008	2.20422	0.846095	-0.648851	-1.76986	-0.687822	-0.300095	-1.90888	1.54598	1.57277	-0.0277047	-0.293137	-0.196882	-1.72553	-0.651596	
0.280076	2.20418	0.846275	-0.648724	-1.76974	-0.687832	-0.300064	-1.9089	1.54604	1.57268	-0.0276862	-0.293096	-0.196889	-1.72561	-0.651579	
0.280074	2.20415	0.846402	-0.648635	-1.76965	-0.687839	-0.300042	-1.90891	1.54608	1.57262	-0.027673	-0.293068	-0.196894	-1.72566	-0.651567	
0.280072	2.20412	0.846503	-0.648564	-1.76958	-0.687845	-0.300024	-1.90892	1.54611	1.57257	-0.0276624	-0.293045	-0.196898	-1.72571	-0.651558	
0.280071	2.20411	0.846561	-0.648523	-1.76955	-0.687848	-0.300014	-1.90893	1.54613	1.57254	-0.0276564	-0.293032	-0.1969	-1.72574	-0.651553	
0.280071	2.2041	0.846609	-0.648489	-1.76951	-0.687851	-0.300006	-1.90893	1.54615	1.57252	-0.0276514	-0.293022	-0.196901	-1.72576	-0.651548	
0.28007	2.20409	0.846654	-0.648457	-1.76948	-0.687854	-0.299998	-1.90894	1.54616	1.5725	-0.0276466	-0.293011	-0.196903	-1.72578	-0.651544	
0.280069	2.20407	0.846715	-0.648414	-1.76944	-0.687857	-0.299987	-1.90894	1.54618	1.57247	-0.0276402	-0.292998	-0.196905	-1.7258	-0.651538	
0.280064	2.20402	0.846955	-0.648245	-1.76928	-0.68787	-0.299945	-1.90897	1.54626	1.57236	-0.0276151	-0.292944	-0.196914	-1.72591	-0.651516	
0.280062	2.20398	0.847099	-0.648144	-1.76919	-0.687878	-0.29992	-1.90898	1.54631	1.57229	-0.0276002	-0.292912	-0.19692	-1.72598	-0.651503	
0.280061	2.20397	0.847152	-0.648107	-1.76915	-0.687881	-0.299911	-1.90898	1.54632	1.57226	-0.0275946	-0.2929	-0.196922	-1.726	-0.651498	
0.28006	2.20395	0.847215	-0.648062	-1.76911	-0.687885	-0.2999	-1.90899	1.54634	1.57223	-0.027588	-0.292886	-0.196924	-1.72603	-0.651492	
0.280059	2.20394	0.84727	-0.648023	-1.76907	-0.687888	-0.299891	-1.909	1.54636	1.57221	-0.0275822	-0.292874	-0.196926	-1.72605	-0.651487	
0.280058	2.20393	0.847311	-0.647994	-1.76904	-0.68789	-0.299883	-1.909	1.54637	1.57219	-0.027578	-0.292864	-0.196928	-1.72607	-0.651483	
0.280057	2.20392	0.847339	-0.647974	-1.76903	-0.687892	-0.299879	-1.909	1.54638	1.57217	-0.027575	-0.292858	-0.196929	-1.72608	-0.651481	
0.280057	2.20392	0.847355	-0.647963	-1.76901	-0.687893	-0.299876	-1.909	1.54639	1.57216	-0.0275734	-0.292855	-0.196929	-1.72609	-0.651479	
0.280057	2.20392	0.847362	-0.647958	-1.76901	-0.687893	-0.299875	-1.909	1.54639	1.57216	-0.0275726	-0.292853	-0.19693	-1.72609	-0.651479	
0.280057	2.20392	0.847369	-0.647953	-1.76901	-0.687894	-0.299873	-1.90901	1.54639	1.57216	-0.0275719	-0.292851	-0.19693	-1.7261	-0.651478	
0.280057	2.20391	0.847376	-0.647948	-1.769	-0.687894	-0.299872	-1.90901	1.5464	1.57215	-0.0275712	-0.29285	-0.19693	-1.7261	-0.651477	
0.280057	2.20391	0.847381	-0.647945	-1.769	-0.687894	-0.299871	-1.90901	1.5464	1.57215	-0.0275707	-0.292849	-0.19693	-1.7261	-0.651477	
0.280057	2.20391	0.847387	-0.647941	-1.76899	-0.687895	-0.29987	-1.90901	1.5464	1.57215	-0.0275701	-0.292847	-0.19693	-1.7261	-0.651476	
0.280056	2.20391	0.847396	-0.647934	-1.76899	-0.687895	-0.299869	-1.90901	1.5464	1.57215	-0.0275691	-0.292845	-0.196931	-1.72611	-0.651476	
0.280056	2.20391	0.847403	-0.647929	-1.76898	-0.687896	-0.299867	-1.90901	1.5464	1.57214	-0.0275684	-0.292844	-0.196931	-1.72611	-0.651475	
0.280056	2.20391	0.84741	-0.647925	-1.76898	-0.687896	-0.299866	-1.90901	1.54641	1.57214	-0.0275677	-0.292842	-0.196931	-1.72612	-0.651474	
0.280056	2.20391	0.847413	-0.647922	-1.76898	-0.687896	-0.299866	-1.90901	1.54641	1.57214	-0.0275673	-0.292841	-0.196931	-1.72612	-0.651474	
0.280056	2.2039	0.847417	-0.64792	-1.76897	-0.687896	-0.299865	-1.90901	1.54641	1.57214	-0.0275669	-0.292841	-0.196932	-1.72612	-0.651474	
0.280056	2.2039	0.84742	-0.647917	-1.76897	-0.687896	-0.299864	-1.90901	1.54641	1.57213	-0.0275666	-0.29284	-0.196932	-1.72612	-0.651473	
0.280056	2.2039	0.847422	-0.647916	-1.76897	-0.687897	-0.299864	-1.90901	1.54641	1.57213	-0.0275664	-0.29284	-0.196932	-1.72612	-0.651473	
0.280056	2.2039	0.847423	-0.647915	-1.76897	-0.687897	-0.299864	-1.90901	1.54641	1.57213	-0.0275663	-0.292839	-0.196932	-1.72612	-0.651473	
0.280056	2.2039	0.847423	-0.647915	-1.76897	-0.687897	-0.299864	-1.90901	1.54641	1.57213	-0.0275662	-0.292839	-0.196932	-1.72612	-0.651473	
0.280056	2.2039	0.847424	-0.647915	-1.76897	-0.687897	-0.299864	-1.90901	1.54641	1.57213	-0.0275662	-0.292839	-0.196932	-1.72612	-0.651473	
0.303073	2.16098	0.853752	-0.615149	-1.7571	-0.67152	-0.310576	-1.91242	1.56016	1.54519	-0.0428284	-0.310682	-0.181451	-1.71371	-0.661356	
0.35565	2.05158	0.869545	-0.542442	-1.72482	-0.630626	-0.341199	-1.92115	1.59013	1.4692	-0.0899156	-0.351653	-0.146656	-1.68155	-0.677176	
0.408226	1.94218	0.885338	-0.469736	-1.69255	-0.589731	-0.371822	-1.92987	1.6201	1.39322	-0.137003	-0.392624	-0.11186	-1.64939	-0.692997	
0.460802	1.83278	0.901131	-0.397029	-1.66027	-0.548836	-0.402445	-1.9386	1.65006	1.31723	-0.18409	-0.433595	-0.0770653	-1.61723	-0.708817	
0.513378	1.72339	0.916924	-0.324322	-1.62799	-0.507942	-0.433068	-1.94732	1.68003	1.24125	-0.231177	-0.474565	-0.0422702	-1.58507	-0.724638	
0.565954	1.61399	0.932717	-0.251615	-1.59572	-0.467047	-0.463691	-1.95604	1.70999	1.16526	-0.278264	-0.515536	-0.00747502	-1.55291	-0.740458	
0.61853	1.50459	0.94851	-0.178908	-1.56344	-0.426152	-0.494314	-1.96477	1.73996	1.08928	-0.325351	-0.556507	0.0273201	-1.52075	-0.756279	
0.671106	1.39519	0.964303	-0.106201	-1.53116	-0.385258	-0.524937	-1.97349	1.76993	1.01329	-0.372438	-0.597478	0.0621153	-1.48859	-0.7721	
0.723682	1.28579	0.980096	-0.0334945	-1.49888	-0.344363	-0.55556	-1.98222	1.79989	0.937307	-0.419525	-0.638449	0.0969104	-1.45643	-0.78792	
0.729375	1.19292	0.991348	-0.0408398	-1.45851	-0.315062	-0.602755	-1.98977	1.79284	0.826125	-0.511789	-0.644413	0.0966391	-1.42572	-0.741487	
0.735069	1.10005	1.0026	-0.0481852	-1.41814	-0.285762	-0.649949	-1.99732	1.78579	0.714942	-0.604052	-0.650376	0.0963678	-1.39502	-0.695053	
0.740762	1.00718	1.01385	-0.0555306	-1.37777	-0.256461	-0.697144	-2.00488	1.77874	0.60376	-0.696316	-0.65634	0.0960965	-1.36432	-0.648619	
0.746456	0.914308	1.0251	-0.0628759	-1.3374	-0.22716	-0.744339	-2.01243	1.77169	0.492577	-0.78858	-0.662304	0.0958252	-1.33362	-0.602186	
0.752149	0.821439	1.03636	-0.0702213	-1.29703	-0.197859	-0.791534	-2.01998	1.76464	0.381395	-0.880843	-0.668268	0.0955539	-1.30291	-0.555752	
0.757843	0.728569	1.04761	-0.0775667	-1.25666	-0.168559	-0.838729	-2.02754	1.75759	0.270212	-0.973107	-0.674231	0.0952826	-1.27221	-0.509318	
0.763536	0.6357	1.05886	-0.0849121	-1.21629	-0.139258	-0.885924	-2.03509	1.75054	0.15903	-1.06537	-0.680195	0.0950113	-1.24151	-0.462885	
0.76923	0.54283	1.07011	-0.0922574	-1.17592	-0.109957	-0.933119	-2.04265	1.74349	0.0478471	-1.15763	-0.686159	0.09474	-1.21081	-0.416451	
0.774923	0.44996	1.08137	-0.0996028	-1.13555	-0.0806565	-0.980313	-2.0502	1.73644	-0.0633354	-1.2499	-0.692123	0.0944687	-1.1801	-0.370017	
0.780616	0.357091	1.09262	-0.106948	-1.09518	-0.0513558	-1.02751	-2.05775	1.72939	-0.174518	-1.34216	-0.698087	0.0941974	-1.1494	-0.323584	
0.78631	0.264221	1.10387	-0.114294	-1.05481	-0.022055	-1.0747	-2.06531	1.72234	-0.2857	-1.43442	-0.70405	0.0939261	-1.1187	-0.27715	
0.792003	0.171351	1.11512	-0.121639	-1.01444	0.00724571	-1.1219	-2.07286	1.71529	-0.396883	-1.52669	-0.710014	0.0936548	-1.088	-0.230716	
0.797697	0.0784818	1.12638	-0.128984	-0.974067	0.0365464	-1.16909	-2.08041	1.70824	-0.508066	-1.61895	-0.715978	0.0933835	-1.0573	-0.184283	
0.80339	-0.0143879	1.13763	-0.13633	-0.933697	0.0658472	-1.21629	-2.08797	1.70119	-0.619248	-1.71122	-0.721942	0.0931122	-1.02659	-0.137849	
0.809084	-0.107257	1.14888	-0.143675	-0.893326	0.0951479	-1.26348	-2.09552	1.69414	-0.730431	-1.80348	-0.727905	0.0928409	-0.995891	-0.0914153	
0.814777	-0.200127	1.16013	-0.15102	-0.852956	0.124449	-1.31068	-2.10308	1.68709	-0.841613	-1.89574	-0.733869	0.0925696	-0.965188	-0.0449816	
0.820471	-0.292997	1.17138	-0.158366	-0.812586	0.153749	-1.35787	-2.11063	1.68004	-0.952796	-1.98801	-0.739833	0.0922983	-0.934486	0.00145203	
0.826164	-0.385866	1.18264	-0.165711	-0.772215	0.18305	-1.40507	-2.11818	1.67299	-1.06398	-2.08027	-0.745797	0.092027	-0.903784	0.0478857	
0.831857	-0.478736	1.19389	-0.173056	-0.731845	0.212351	-1.45226	-2.12574	1.66594	-1.17516	-2.17253	-0.75176	0.0917557	-0.873082	0.0943194	
0.837551	-0.571606	1.20514	-0.180402	-0.691474	0.241652	-1.49946	-2.13329	1.65889	-1.28634	-2.2648	-0.757724	0.0914844	-0.842379	0.140753	
0.843244	-0.664475	1.21639	-0.187747	-0.651104	0.270952	-1.54665	-2.14084	1.65184	-1.39753	-2.35706	-0.763688	0.0912131	-0.811677	0.187187	
0.834789	-0.638904	1.22498	-0.196379	-0.69594	0.242317	-1.48624	-2.0797	1.65975	-1.36851	-2.26415	-0.68169	0.186793	-0.834999	0.24065	
0.826334	-0.613333	1.23357	-0.205011	-0.740777	0.213681	-1.42583	-2.01855	1.66766	-1.3395	-2.17124	-0.599692	0.282374	-0.858321	0.294113	
0.817879	-0.587762	1.24215	-0.213643	-0.785614	0.185045	-1.36543	-1.95741	1.67558	-1.31049	-2.07834	-0.517694	0.377954	-0.881643	0.347576	
0.809423	-0.56219	1.25074	-0.222275	-0.83045	0.15641	-1.30502	-1.89627	1.68349	-1.28148	-1.98543	-0.435696	0.473535	-0.904965	0.401039	
0.800968	-0.536619	1.25933	-0.230907	-0.875287	0.127774	-1.24461	-1.83512	1.6914	-1.25247	-1.89252	-0.353697	0.569115	-0.928288	0.454502	
0.792513	-0.511048	1.26791	-0.239539	-0.920124	0.0991385	-1.1842	-1.77398	1.69932	-1.22346	-1.79961	-0.271699	0.664695	-0.95161	0.507965	
0.784058	-0.485476	1.2765	-0.248172	-0.96496	0.0705029	-1.12379	-1.71283	1.70723	-1.19445	-1.7067	-0.189701	0.760276	-0.974932	0.561428	
0.775603	-0.459905	1.28508	-0.256804	-1.0098	0.0418673	-1.06338	-1.65169	1.71514	-1.16544	-1.6138	-0.107703	0.855856	-0.998254	0.614891	
0.767147	-0.434334	1.29367	-0.265436	-1.05463	0.0132316	-1.00297	-1.59054	1.72306	-1.13643	-1.52089	-0.0257049	0.951436	-1.02158	0.668354	
0.758692	-0.408763	1.30226	-0.274068	-1.09947	-0.015404	-0.942564	-1.5294	1.73097	-1.10741	-1.42798	0.0562932	1.04702	-1.0449	0.721817	
0.750237	-0.383191	1.31084	-0.2827	-1.14431	-0.0440396	-0.882156	-1.46825	1.73888	-1.0784	-1.33507	0.138291	1.1426	-1.06822	0.77528	
0.741782	-0.35762	1.31943	-0.291332	-1.18914	-0.0726753	-0.821747	-1.40711	1.7468	-1.04939	-1.24216	0.220289	1.23818	-1.09154	0.828743	
0.733326	-0.332049	1.32802	-0.299964	-1.23398	-0.101311	-0.761338	-1.34596	1.75471	-1.02038	-1.14925	0.302288	1.33376	-1.11486	0.882206	
0.724871	-0.306478	1.3366	-0.308596	-1.27882	-0.129947	-0.70093	-1.28482	1.76262	-0.99137	-1.05635	0.384286	1.42934	-1.13819	0.935669	
0.716416	-0.280906	1.34519	-0.317228	-1.32365	-0.158582	-0.640521	-1.22367	1.77054	-0.962359	-0.963438	0.466284	1.52492	-1.16151	0.989132	
0.707961	-0.255335	1.35377	-0.32586	-1.36849	-0.187218	-0.580112	-1.16253	1.77845	-0.933348	-0.87053	0.548282	1.6205	-1.18483	1.04259	
0.699506	-0.229764	1.36236	-0.334492	-1.41333	-0.215853	-0.519703	-1.10139	1.78636	-0.904337	-0.777622	0.63028	1.71608	-1.20815	1.09606	
0.69105	-0.204193	1.37095	-0.343124	-1.45816	-0.244489	-0.459295	-1.04024	1.79428	-0.875326	-0.684714	0.712278	1.81166	-1.23147	1.14952	
0.682595	-0.178621	1.37953	-0.351756	-1.503	-0.273125	-0.398886	-0.979097	1.80219	-0.846315	-0.591806	0.794276	1.90724	-1.2548	1.20298	
0.67414	-0.15305	1.38812	-0.360388	-1.54784	-0.30176	-0.338477	-0.917952	1.8101	-0.817304	-0.498898	0.876274	2.00282	-1.27812	1.25645	
0.665685	-0.127479	1.39671	-0.36902	-1.59267	-0.330396	-0.278069	-0.856808	1.81802	-0.788292	-0.40599	0.958273	2.0984	-1.30144	1.30991	
0.657229	-0.101908	1.40529	-0.377652	-1.63751	-0.359032	-0.21766	-0.795663	1.82593	-0.759281	-0.313081	1.04027	2.19398	-1.32476	1.36337	
0.648774	-0.0763364	1.41388	-0.386284	-1.68235	-0.387667	-0.157251	-0.734518	1.83384	-0.73027	-0.220173	1.12227	2.28956	-1.34809	1.41684	
0.640319	-0.0507651	1.42247	-0.394916	-1.72718	-0.416303	-0.0968425	-0.673374	1.84176	-0.701259	-0.127265	1.20427	2.38514	-1.37141	1.4703	
0.631864	-0.0251938	1.43105	-0.403548	-1.77202	-0.444939	-0.0364338	-0.612229	1.84967	-0.672248	-0.0343571	1.28627	2.48072	-1.39473	1.52376	
0.627531	0.0481622	1.38016	-0.447055	-1.77751	-0.41543	-0.0610389	-0.562682	1.79563	-0.58932	0.0687268	1.26396	2.49597	-1.38857	1.5741	
0.623198	0.121518	1.32927	-0.490562	-1.783	-0.385921	-0.085644	-0.513134	1.7416	-0.506392	0.171811	1.24165	2.51122	-1.38241	1.62443	
0.618866	0.194874	1.27839	-0.534069	-1.78849	-0.356412	-0.110249	-0.463586	1.68756	-0.423463	0.274894	1.21934	2.52647	-1.37624	1.67476	
0.614533	0.26823	1.2275	-0.577576	-1.79399	-0.326903	-0.134854	-0.414039	1.63352	-0.340535	0.377978	1.19703	2.54172	-1.37008	1.7251	
0.610201	0.341586	1.17661	-0.621083	-1.79948	-0.297394	-0.159459	-0.364491	1.57949	-0.257607	0.481062	1.17472	2.55697	-1.36392	1.77543	
0.605868	0.414942	1.12572	-0.664589	-1.80497	-0.267885	-0.184064	-0.314943	1.52545	-0.174679	0.584146	1.15241	2.57222	-1.35776	1.82577	
0.601535	0.488298	1.07483	-0.708096	-1.81046	-0.238376	-0.20867	-0.265396	1.47141	-0.0917508	0.68723	1.1301	2.58747	-1.35159	1.8761	
0.597203	0.561654	1.02395	-0.751603	-1.81595	-0.208867	-0.233275	-0.215848	1.41738	-0.00882262	0.790314	1.10779	2.60272	-1.34543	1.92643	
0.59287	0.63501	0.973057	-0.79511	-1.82144	-0.179358	-0.25788	-0.1663	1.36334	0.0741055	0.893398	1.08549	2.61797	-1.33927	1.97677	
0.588537	0.708366	0.922169	-0.838617	-1.82694	-0.149849	-0.282485	-0.116753	1.30931	0.157034	0.996481	1.06318	2.63322	-1.33311	2.0271	
0.584205	0.781723	0.871281	-0.882124	-1.83243	-0.12034	-0.30709	-0.067205	1.25527	0.239962	1.09957	1.04087	2.64847	-1.32695	2.07744	
0.579872	0.855079	0.820392	-0.92563	-1.83792	-0.0908315	-0.331695	-0.0176573	1.20123	0.32289	1.20265	1.01856	2.66372	-1.32078	2.12777	
0.575539	0.928435	0.769504	-0.969137	-1.84341	-0.0613226	-0.3563	0.0318904	1.1472	0.405818	1.30573	0.996251	2.67896	-1.31462	2.1781	
0.571207	1.00179	0.718616	-1.01264	-1.8489	-0.0318137	-0.380905	0.081438	1.09316	0.488746	1.40882	0.973942	2.69421	-1.30846	2.22844	
0.566874	1.07515	0.667727	-1.05615	-1.8544	-0.00230476	-0.405511	0.130986	1.03912	0.571675	1.5119	0.951634	2.70946	-1.3023	2.27877	
0.562541	1.1485	0.616839	-1.09966	-1.85989	0.0272042	-0.430116	0.180533	0.985086	0.654603	1.61498	0.929325	2.72471	-1.29613	2.3291	
0.558209	1.22186	0.565951	-1.14316	-1.86538	0.0567131	-0.454721	0.230081	0.931049	0.737531	1.71807	0.907016	2.73996	-1.28997	2.37944	
0.553876	1.29521	0.515063	-1.18667	-1.87087	0.086222	-0.479326	0.279629	0.877012	0.820459	1.82115	0.884707	2.75521	-1.28381	2.42977	
0.549543	1.36857	0.464174	-1.23018	-1.87636	0.115731	-0.503931	0.329176	0.822976	0.903387	1.92424	0.862399	2.77046	-1.27765	2.48011	
0.545211	1.44193	0.413286	-1.27369	-1.88185	0.14524	-0.528536	0.378724	0.768939	0.986315	2.02732	0.84009	2.78571	-1.27148	2.53044	
0.540878	1.51528	0.362398	-1.31719	-1.88735	0.174749	-0.553141	0.428272	0.714903	1.06924	2.1304	0.817781	2.80096	-1.26532	2.58077	
0.536545	1.58864	0.31151	-1.3607	-1.89284	0.204258	-0.577746	0.477819	0.660866	1.15217	2.23349	0.795472	2.81621	-1.25916	2.63111	
0.532213	1.66199	0.260621	-1.40421	-1.89833	0.233767	-0.602351	0.527367	0.60683	1.2351	2.33657	0.773164	2.83146	-1.253	2.68144	
0.52788	1.73535	0.209733	-1.44771	-1.90382	0.263275	-0.626957	0.576915	0.552793	1.31803	2.43966	0.750855	2.84671	-1.24684	2.73178	
0.523548	1.80871	0.158845	-1.49122	-1.90931	0.292784	-0.651562	0.626462	0.498757	1.40096	2.54274	0.728546	2.86196	-1.24067	2.78211	
0.519215	1.88206	0.107956	-1.53473	-1.9148	0.322293	-0.676167	0.67601	0.44472	1.48388	2.64582	0.706237	2.87721	-1.23451	2.83244	
0.514882	1.95542	0.0570682	-1.57823	-1.9203	0.351802	-0.700772	0.725558	0.390683	1.56681	2.74891	0.683928	2.89246	-1.22835	2.88278	
0.51055	2.02878	0.00617995	-1.62174	-1.92579	0.381311	-0.725377	0.775105	0.336647	1.64974	2.85199	0.66162	2.90771	-1.22219	2.93311	
0.506217	2.10213	-0.0447083	-1.66525	-1.93128	0.41082	-0.749982	0.824653	0.28261	1.73267	2.95507	0.639311	2.92296	-1.21602	2.98345	
0.501884	2.17549	-0.0955966	-1.70875	-1.93677	0.440329	-0.774587	0.874201	0.228574	1.8156	3.05816	0.617002	2.93821	-1.20986	3.03378	
