0.501108	2.22796	-0.543603	-1.36357	-1.9364	1.01402	-1.13042	-2.74647	-0.0336104	1.90828	0.798275	-0.619269	0.838234	-1.30724	-0.420517	
0.488792	2.2267	-0.466413	-1.32393	-1.9273	0.919168	-1.08419	-2.69975	0.0543516	1.88971	0.752203	-0.601151	0.780543	-1.33043	-0.433424	
0.476476	2.22545	-0.389222	-1.28428	-1.9182	0.824317	-1.03795	-2.65304	0.142314	1.87114	0.706131	-0.583033	0.722852	-1.35362	-0.44633	
0.46416	2.22419	-0.312032	-1.24463	-1.9091	0.729466	-0.991712	-2.60632	0.230276	1.85257	0.660059	-0.564915	0.665162	-1.37682	-0.459237	
0.451844	2.22293	-0.234842	-1.20499	-1.9	0.634615	-0.945474	-2.5596	0.318238	1.834	0.613988	-0.546797	0.607471	-1.40001	-0.472144	
0.439528	2.22168	-0.157652	-1.16534	-1.8909	0.539764	-0.899237	-2.51289	0.4062	1.81543	0.567916	-0.528679	0.549781	-1.4232	-0.48505	
0.427212	2.22042	-0.0804615	-1.12569	-1.88181	0.444913	-0.853	-2.46617	0.494162	1.79686	0.521844	-0.510562	0.49209	-1.4464	-0.497957	
0.414896	2.21916	-0.00327129	-1.08605	-1.87271	0.350062	-0.806763	-2.41945	0.582124	1.77828	0.475772	-0.492444	0.434399	-1.46959	-0.510863	
0.40258	2.21791	0.0739189	-1.0464	-1.86361	0.255211	-0.760526	-2.37274	0.670086	1.75971	0.429701	-0.474326	0.376709	-1.49279	-0.52377	
0.390265	2.21665	0.151109	-1.00676	-1.85451	0.16036	-0.714288	-2.32602	0.758048	1.74114	0.383629	-0.456208	0.319018	-1.51598	-0.536676	
0.377949	2.21539	0.228299	-0.96711	-1.84541	0.0655092	-0.668051	-2.2793	0.84601	1.72257	0.337557	-0.43809	0.261327	-1.53917	-0.549583	
0.365633	2.21414	0.30549	-0.927464	-1.83631	-0.0293418	-0.621814	-2.23259	0.933972	1.704	0.291485	-0.419972	0.203637	-1.56237	-0.562489	
0.353317	2.21288	0.38268	-0.887817	-1.82721	-0.124193	-0.575577	-2.18587	1.02193	1.68543	0.245414	-0.401855	0.145946	-1.58556	-0.575396	
0.341001	2.21162	0.45987	-0.848171	-1.81811	-0.219044	-0.52934	-2.13916	1.1099	1.66686	0.199342	-0.383737	0.0882554	-1.60875	-0.588302	
0.328685	2.21037	0.53706	-0.808525	-1.80902	-0.313895	-0.483102	-2.09244	1.19786	1.64829	0.15327	-0.365619	0.0305648	-1.63195	-0.601209	
0.316369	2.20911	0.614251	-0.768879	-1.79992	-0.408746	-0.436865	-2.04572	1.28582	1.62972	0.107198	-0.347501	-0.0271259	-1.65514	-0.614116	
0.304053	2.20785	0.691441	-0.729232	-1.79082	-0.503597	-0.390628	-1.99901	1.37378	1.61115	0.0611266	-0.329383	-0.0848165	-1.67833	-0.627022	
0.291737	2.2066	0.768631	-0.689586	-1.78172	-0.598448	-0.344391	-1.95229	1.46174	1.59258	0.0150548	-0.311265	-0.142507	-1.70153	-0.639929	
0.280676	2.20451	0.841531	-0.651373	-1.77091	-0.683305	-0.302434	-1.91099	1.54154	1.57408	-0.0256334	-0.294198	-0.194132	-1.72402	-0.651074	
0.280106	2.20419	0.846049	-0.648849	-1.76979	-0.687607	-0.30018	-1.90901	1.54582	1.57275	-0.0275824	-0.293149	-0.196752	-1.72553	-0.651553	
0.280074	2.20413	0.846485	-0.648574	-1.76959	-0.687833	-0.300031	-1.90893	1.5461	1.57258	-0.0276579	-0.293049	-0.19689	-1.7257	-0.651557	
0.280071	2.2041	0.846605	-0.648492	-1.76952	-0.68785	-0.300007	-1.90893	1.54614	1.57252	-0.0276514	-0.293023	-0.196901	-1.72576	-0.651548	
0.28007	2.20409	0.846655	-0.648457	-1.76948	-0.687854	-0.299998	-1.90894	1.54616	1.5725	-0.0276465	-0.293011	-0.196903	-1.72578	-0.651544	
0.280068	2.20407	0.846724	-0.648408	-1.76944	-0.687857	-0.299986	-1.90894	1.54618	1.57247	-0.0276393	-0.292996	-0.196906	-1.72581	-0.651538	
0.280064	2.20402	0.846951	-0.648248	-1.76928	-0.68787	-0.299946	-1.90897	1.54626	1.57236	-0.0276156	-0.292945	-0.196914	-1.72591	-0.651517	
0.280062	2.20398	0.847094	-0.648147	-1.76919	-0.687878	-0.299921	-1.90898	1.5463	1.57229	-0.0276007	-0.292913	-0.19692	-1.72597	-0.651503	
0.280061	2.20397	0.847155	-0.648104	-1.76915	-0.687882	-0.299911	-1.90898	1.54632	1.57226	-0.0275943	-0.292899	-0.196922	-1.726	-0.651498	
0.280059	2.20394	0.847266	-0.648026	-1.76907	-0.687888	-0.299891	-1.909	1.54636	1.57221	-0.0275826	-0.292874	-0.196926	-1.72605	-0.651488	
0.280058	2.20393	0.84731	-0.647995	-1.76904	-0.68789	-0.299884	-1.909	1.54637	1.57219	-0.0275781	-0.292865	-0.196928	-1.72607	-0.651484	
0.280057	2.20392	0.847339	-0.647975	-1.76903	-0.687892	-0.299879	-1.909	1.54638	1.57217	-0.0275751	-0.292858	-0.196929	-1.72608	-0.651481	
0.280057	2.20392	0.847355	-0.647963	-1.76901	-0.687893	-0.299876	-1.909	1.54639	1.57216	-0.0275734	-0.292855	-0.196929	-1.72609	-0.651479	
0.280057	2.20392	0.847362	-0.647958	-1.76901	-0.687893	-0.299875	-1.909	1.54639	1.57216	-0.0275726	-0.292853	-0.19693	-1.72609	-0.651479	
0.280057	2.20392	0.847369	-0.647953	-1.76901	-0.687894	-0.299873	-1.90901	1.54639	1.57216	-0.0275719	-0.292851	-0.19693	-1.7261	-0.651478	
0.280057	2.20391	0.847376	-0.647949	-1.769	-0.687894	-0.299872	-1.90901	1.5464	1.57215	-0.0275712	-0.29285	-0.19693	-1.7261	-0.651477	
0.280057	2.20391	0.847381	-0.647945	-1.769	-0.687894	-0.299871	-1.90901	1.5464	1.57215	-0.0275707	-0.292849	-0.19693	-1.7261	-0.651477	
0.280057	2.20391	0.847387	-0.647941	-1.76899	-0.687895	-0.29987	-1.90901	1.5464	1.57215	-0.0275701	-0.292847	-0.19693	-1.7261	-0.651476	
0.280056	2.20391	0.847396	-0.647934	-1.76899	-0.687895	-0.299869	-1.90901	1.5464	1.57214	-0.0275691	-0.292845	-0.196931	-1.72611	-0.651476	
0.280056	2.20391	0.847409	-0.647925	-1.76898	-0.687896	-0.299866	-1.90901	1.54641	1.57214	-0.0275677	-0.292842	-0.196931	-1.72611	-0.651474	
0.280056	2.20391	0.847413	-0.647922	-1.76898	-0.687896	-0.299866	-1.90901	1.54641	1.57214	-0.0275673	-0.292841	-0.196931	-1.72612	-0.651474	
0.280056	2.2039	0.847417	-0.64792	-1.76897	-0.687896	-0.299865	-1.90901	1.54641	1.57214	-0.0275669	-0.292841	-0.196932	-1.72612	-0.651474	
0.280056	2.2039	0.84742	-0.647917	-1.76897	-0.687896	-0.299864	-1.90901	1.54641	1.57213	-0.0275666	-0.29284	-0.196932	-1.72612	-0.651473	
0.280056	2.2039	0.847423	-0.647915	-1.76897	-0.687897	-0.299864	-1.90901	1.54641	1.57213	-0.0275663	-0.292839	-0.196932	-1.72612	-0.651473	
0.302237	2.158	0.854057	-0.617194	-1.75546	-0.67072	-0.312649	-1.91267	1.55909	1.54039	-0.0471642	-0.31012	-0.18224	-1.71264	-0.658295	
0.347387	2.0551	0.868674	-0.556438	-1.72367	-0.632853	-0.343795	-1.92089	1.58368	1.46376	-0.097233	-0.345472	-0.152806	-1.68201	-0.666561	
0.392537	1.95219	0.883291	-0.495682	-1.69188	-0.594986	-0.374942	-1.92912	1.60828	1.38713	-0.147302	-0.380825	-0.123371	-1.65138	-0.674826	
0.437687	1.84929	0.897908	-0.434927	-1.66008	-0.557118	-0.406089	-1.93734	1.63287	1.3105	-0.197371	-0.416178	-0.0939372	-1.62076	-0.683091	
0.482838	1.74639	0.912525	-0.374171	-1.62829	-0.519251	-0.437235	-1.94556	1.65747	1.23387	-0.24744	-0.451531	-0.064503	-1.59013	-0.691357	
0.527988	1.64349	0.927141	-0.313415	-1.5965	-0.481384	-0.468382	-1.95378	1.68207	1.15724	-0.297509	-0.486883	-0.0350688	-1.5595	-0.699622	
0.573138	1.54059	0.941758	-0.252659	-1.5647	-0.443517	-0.499529	-1.962	1.70666	1.08061	-0.347577	-0.522236	-0.00563457	-1.52888	-0.707888	
0.618288	1.43769	0.956375	-0.191904	-1.53291	-0.40565	-0.530675	-1.97023	1.73126	1.00398	-0.397646	-0.557589	0.0237996	-1.49825	-0.716153	
0.663438	1.33479	0.970992	-0.131148	-1.50112	-0.367782	-0.561822	-1.97845	1.75585	0.92735	-0.447715	-0.592942	0.0532338	-1.46762	-0.724418	
0.708588	1.23188	0.985609	-0.0703921	-1.46932	-0.329915	-0.592969	-1.98667	1.78045	0.85072	-0.497784	-0.628294	0.082668	-1.437	-0.732684	
0.715321	1.13707	0.997148	-0.0762598	-1.42841	-0.299872	-0.640653	-1.99438	1.77402	0.738308	-0.590748	-0.635064	0.0830953	-1.40573	-0.68669	
0.722054	1.04225	1.00869	-0.0821276	-1.3875	-0.269828	-0.688337	-2.00209	1.76759	0.625895	-0.683712	-0.641834	0.0835225	-1.37447	-0.640697	
0.728786	0.94743	1.02023	-0.0879953	-1.34659	-0.239785	-0.736021	-2.0098	1.76116	0.513483	-0.776675	-0.648603	0.0839498	-1.3432	-0.594703	
0.735519	0.852612	1.03177	-0.0938631	-1.30568	-0.209742	-0.783705	-2.0175	1.75473	0.401071	-0.869639	-0.655373	0.084377	-1.31193	-0.54871	
0.742252	0.757794	1.04331	-0.0997309	-1.26477	-0.179698	-0.831389	-2.02521	1.7483	0.288658	-0.962603	-0.662143	0.0848043	-1.28067	-0.502716	
0.748985	0.662976	1.05484	-0.105599	-1.22386	-0.149655	-0.879074	-2.03292	1.74187	0.176246	-1.05557	-0.668912	0.0852316	-1.2494	-0.456723	
0.755718	0.568158	1.06638	-0.111466	-1.18295	-0.119612	-0.926758	-2.04063	1.73544	0.0638339	-1.14853	-0.675682	0.0856588	-1.21814	-0.410729	
0.76245	0.473341	1.07792	-0.117334	-1.14204	-0.0895682	-0.974442	-2.04834	1.72901	-0.0485784	-1.24149	-0.682452	0.0860861	-1.18687	-0.364736	
0.769183	0.378523	1.08946	-0.123202	-1.10112	-0.0595248	-1.02213	-2.05605	1.72257	-0.160991	-1.33446	-0.689221	0.0865133	-1.1556	-0.318742	
0.775916	0.283705	1.101	-0.12907	-1.06021	-0.0294814	-1.06981	-2.06376	1.71614	-0.273403	-1.42742	-0.695991	0.0869406	-1.12434	-0.272748	
0.782649	0.188887	1.11254	-0.134937	-1.0193	0.000561949	-1.11749	-2.07147	1.70971	-0.385815	-1.52039	-0.702761	0.0873678	-1.09307	-0.226755	
0.789382	0.0940686	1.12408	-0.140805	-0.978392	0.0306053	-1.16518	-2.07917	1.70328	-0.498228	-1.61335	-0.709531	0.0877951	-1.06181	-0.180761	
0.796115	-0.000749408	1.13562	-0.146673	-0.937481	0.0606487	-1.21286	-2.08688	1.69685	-0.61064	-1.70631	-0.7163	0.0882223	-1.03054	-0.134768	
0.802847	-0.0955674	1.14716	-0.152541	-0.89657	0.0906921	-1.26055	-2.09459	1.69042	-0.723052	-1.79928	-0.72307	0.0886496	-0.999273	-0.0887744	
0.80958	-0.190385	1.1587	-0.158408	-0.855659	0.120735	-1.30823	-2.1023	1.68399	-0.835464	-1.89224	-0.72984	0.0890769	-0.968007	-0.0427809	
0.816313	-0.285203	1.17024	-0.164276	-0.814748	0.150779	-1.35592	-2.11001	1.67756	-0.947877	-1.98521	-0.736609	0.0895041	-0.936741	0.00321261	
0.823046	-0.380021	1.18178	-0.170144	-0.773837	0.180822	-1.4036	-2.11772	1.67113	-1.06029	-2.07817	-0.743379	0.0899314	-0.905475	0.0492061	
0.829779	-0.474839	1.19332	-0.176012	-0.732926	0.210866	-1.45128	-2.12543	1.6647	-1.1727	-2.17113	-0.750149	0.0903586	-0.874209	0.0951996	
0.836511	-0.569657	1.20485	-0.181879	-0.692015	0.240909	-1.49897	-2.13313	1.65827	-1.28511	-2.2641	-0.756918	0.0907859	-0.842943	0.141193	
0.843244	-0.664475	1.21639	-0.187747	-0.651104	0.270952	-1.54665	-2.14084	1.65184	-1.39753	-2.35706	-0.763688	0.0912131	-0.811677	0.187187	
0.834789	-0.638904	1.22498	-0.196379	-0.69594	0.242317	-1.48624	-2.0797	1.65975	-1.36851	-2.26415	-0.68169	0.186793	-0.834999	0.24065	
0.826334	-0.613333	1.23357	-0.205011	-0.740777	0.213681	-1.42583	-2.01855	1.66766	-1.3395	-2.17124	-0.599692	0.282374	-0.858321	0.294113	
0.817879	-0.587762	1.24215	-0.213643	-0.785614	0.185045	-1.36543	-1.95741	1.67558	-1.31049	-2.07834	-0.517694	0.377954	-0.881643	0.347576	
0.809423	-0.56219	1.25074	-0.222275	-0.83045	0.15641	-1.30502	-1.89627	1.68349	-1.28148	-1.98543	-0.435696	0.473535	-0.904965	0.401039	
0.800968	-0.536619	1.25933	-0.230907	-0.875287	0.127774	-1.24461	-1.83512	1.6914	-1.25247	-1.89252	-0.353697	0.569115	-0.928288	0.454502	
0.792513	-0.511048	1.26791	-0.239539	-0.920124	0.0991385	-1.1842	-1.77398	1.69932	-1.22346	-1.79961	-0.271699	0.664695	-0.95161	0.507965	
0.784058	-0.485476	1.2765	-0.248172	-0.96496	0.0705029	-1.12379	-1.71283	1.70723	-1.19445	-1.7067	-0.189701	0.760276	-0.974932	0.561428	
0.775603	-0.459905	1.28508	-0.256804	-1.0098	0.0418673	-1.06338	-1.65169	1.71514	-1.16544	-1.6138	-0.107703	0.855856	-0.998254	0.614891	
0.767147	-0.434334	1.29367	-0.265436	-1.05463	0.0132316	-1.00297	-1.59054	1.72306	-1.13643	-1.52089	-0.0257049	0.951436	-1.02158	0.668354	
0.758692	-0.408763	1.30226	-0.274068	-1.09947	-0.015404	-0.942564	-1.5294	1.73097	-1.10741	-1.42798	0.0562932	1.04702	-1.0449	0.721817	
0.750237	-0.383191	1.31084	-0.2827	-1.14431	-0.0440396	-0.882156	-1.46825	1.73888	-1.0784	-1.33507	0.138291	1.1426	-1.06822	0.77528	
0.741782	-0.35762	1.31943	-0.291332	-1.18914	-0.0726753	-0.821747	-1.40711	1.7468	-1.04939	-1.24216	0.220289	1.23818	-1.09154	0.828743	
0.733326	-0.332049	1.32802	-0.299964	-1.23398	-0.101311	-0.761338	-1.34596	1.75471	-1.02038	-1.14925	0.302288	1.33376	-1.11486	0.882206	
0.724871	-0.306478	1.3366	-0.308596	-1.27882	-0.129947	-0.70093	-1.28482	1.76262	-0.99137	-1.05635	0.384286	1.42934	-1.13819	0.935669	
0.716416	-0.280906	1.34519	-0.317228	-1.32365	-0.158582	-0.640521	-1.22367	1.77054	-0.962359	-0.963438	0.466284	1.52492	-1.16151	0.989132	
0.707961	-0.255335	1.35377	-0.32586	-1.36849	-0.187218	-0.580112	-1.16253	1.77845	-0.933348	-0.87053	0.548282	1.6205	-1.18483	1.04259	
0.699506	-0.229764	1.36236	-0.334492	-1.41333	-0.215853	-0.519703	-1.10139	1.78636	-0.904337	-0.777622	0.63028	1.71608	-1.20815	1.09606	
0.69105	-0.204193	1.37095	-0.343124	-1.45816	-0.244489	-0.459295	-1.04024	1.79428	-0.875326	-0.684714	0.712278	1.81166	-1.23147	1.14952	
0.682595	-0.178621	1.37953	-0.351756	-1.503	-0.273125	-0.398886	-0.979097	1.80219	-0.846315	-0.591806	0.794276	1.90724	-1.2548	1.20298	
0.67414	-0.15305	1.38812	-0.360388	-1.54784	-0.30176	-0.338477	-0.917952	1.8101	-0.817304	-0.498898	0.876274	2.00282	-1.27812	1.25645	
0.665685	-0.127479	1.39671	-0.36902	-1.59267	-0.330396	-0.278069	-0.856808	1.81802	-0.788292	-0.40599	0.958273	2.0984	-1.30144	1.30991	
0.657229	-0.101908	1.40529	-0.377652	-1.63751	-0.359032	-0.21766	-0.795663	1.82593	-0.759281	-0.313081	1.04027	2.19398	-1.32476	1.36337	
0.648774	-0.0763364	1.41388	-0.386284	-1.68235	-0.387667	-0.157251	-0.734518	1.83384	-0.73027	-0.220173	1.12227	2.28956	-1.34809	1.41684	
0.640319	-0.0507651	1.42247	-0.394916	-1.72718	-0.416303	-0.0968425	-0.673374	1.84176	-0.701259	-0.127265	1.20427	2.38514	-1.37141	1.4703	
0.631864	-0.0251938	1.43105	-0.403548	-1.77202	-0.444939	-0.0364338	-0.612229	1.84967	-0.672248	-0.0343571	1.28627	2.48072	-1.39473	1.52376	
0.627531	0.0481622	1.38016	-0.447055	-1.77751	-0.41543	-0.0610389	-0.562682	1.79563	-0.58932	0.0687268	1.26396	2.49597	-1.38857	1.5741	
0.623198	0.121518	1.32927	-0.490562	-1.783	-0.385921	-0.085644	-0.513134	1.7416	-0.506392	0.171811	1.24165	2.51122	-1.38241	1.62443	
0.618866	0.194874	1.27839	-0.534069	-1.78849	-0.356412	-0.110249	-0.463586	1.68756	-0.423463	0.274894	1.21934	2.52647	-1.37624	1.67476	
0.614533	0.26823	1.2275	-0.577576	-1.79399	-0.326903	-0.134854	-0.414039	1.63352	-0.340535	0.377978	1.19703	2.54172	-1.37008	1.7251	
0.610201	0.341586	1.17661	-0.621083	-1.79948	-0.297394	-0.159459	-0.364491	1.57949	-0.257607	0.481062	1.17472	2.55697	-1.36392	1.77543	
0.605868	0.414942	1.12572	-0.664589	-1.80497	-0.267885	-0.184064	-0.314943	1.52545	-0.174679	0.584146	1.15241	2.57222	-1.35776	1.82577	
0.601535	0.488298	1.07483	-0.708096	-1.81046	-0.238376	-0.20867	-0.265396	1.47141	-0.0917508	0.68723	1.1301	2.58747	-1.35159	1.8761	
0.597203	0.561654	1.02395	-0.751603	-1.81595	-0.208867	-0.233275	-0.215848	1.41738	-0.00882262	0.790314	1.10779	2.60272	-1.34543	1.92643	
0.59287	0.63501	0.973057	-0.79511	-1.82144	-0.179358	-0.25788	-0.1663	1.36334	0.0741055	0.893398	1.08549	2.61797	-1.33927	1.97677	
0.588537	0.708366	0.922169	-0.838617	-1.82694	-0.149849	-0.282485	-0.116753	1.30931	0.157034	0.996481	1.06318	2.63322	-1.33311	2.0271	
0.584205	0.781723	0.871281	-0.882124	-1.83243	-0.12034	-0.30709	-0.067205	1.25527	0.239962	1.09957	1.04087	2.64847	-1.32695	2.07744	
0.579872	0.855079	0.820392	-0.92563	-1.83792	-0.0908315	-0.331695	-0.0176573	1.20123	0.32289	1.20265	1.01856	2.66372	-1.32078	2.12777	
0.575539	0.928435	0.769504	-0.969137	-1.84341	-0.0613226	-0.3563	0.0318904	1.1472	0.405818	1.30573	0.996251	2.67896	-1.31462	2.1781	
0.571207	1.00179	0.718616	-1.01264	-1.8489	-0.0318137	-0.380905	0.081438	1.09316	0.488746	1.40882	0.973942	2.69421	-1.30846	2.22844	
0.566874	1.07515	0.667727	-1.05615	-1.8544	-0.00230476	-0.405511	0.130986	1.03912	0.571675	1.5119	0.951634	2.70946	-1.3023	2.27877	
0.562541	1.1485	0.616839	-1.09966	-1.85989	0.0272042	-0.430116	0.180533	0.985086	0.654603	1.61498	0.929325	2.72471	-1.29613	2.3291	
0.558209	1.22186	0.565951	-1.14316	-1.86538	0.0567131	-0.454721	0.230081	0.931049	0.737531	1.71807	0.907016	2.73996	-1.28997	2.37944	
0.553876	1.29521	0.515063	-1.18667	-1.87087	0.086222	-0.479326	0.279629	0.877012	0.820459	1.82115	0.884707	2.75521	-1.28381	2.42977	
0.549543	1.36857	0.464174	-1.23018	-1.87636	0.115731	-0.503931	0.329176	0.822976	0.903387	1.92424	0.862399	2.77046	-1.27765	2.48011	
0.545211	1.44193	0.413286	-1.27369	-1.88185	0.14524	-0.528536	0.378724	0.768939	0.986315	2.02732	0.84009	2.78571	-1.27148	2.53044	
0.540878	1.51528	0.362398	-1.31719	-1.88735	0.174749	-0.553141	0.428272	0.714903	1.06924	2.1304	0.817781	2.80096	-1.26532	2.58077	
0.536545	1.58864	0.31151	-1.3607	-1.89284	0.204258	-0.577746	0.477819	0.660866	1.15217	2.23349	0.795472	2.81621	-1.25916	2.63111	
0.532213	1.66199	0.260621	-1.40421	-1.89833	0.233767	-0.602351	0.527367	0.60683	1.2351	2.33657	0.773164	2.83146	-1.253	2.68144	
0.52788	1.73535	0.209733	-1.44771	-1.90382	0.263275	-0.626957	0.576915	0.552793	1.31803	2.43966	0.750855	2.84671	-1.24684	2.73178	
0.523548	1.80871	0.158845	-1.49122	-1.90931	0.292784	-0.651562	0.626462	0.498757	1.40096	2.54274	0.728546	2.86196	-1.24067	2.78211	
0.519215	1.88206	0.107956	-1.53473	-1.9148	0.322293	-0.676167	0.67601	0.44472	1.48388	2.64582	0.706237	2.87721	-1.23451	2.83244	
0.514882	1.95542	0.0570682	-1.57823	-1.9203	0.351802	-0.700772	0.725558	0.390683	1.56681	2.74891	0.683928	2.89246	-1.22835	2.88278	
0.51055	2.02878	0.00617995	-1.62174	-1.92579	0.381311	-0.725377	0.775105	0.336647	1.64974	2.85199	0.66162	2.90771	-1.22219	2.93311	
0.506217	2.10213	-0.0447083	-1.66525	-1.93128	0.41082	-0.749982	0.824653	0.28261	1.73267	2.95507	0.639311	2.92296	-1.21602	2.98345	
0.501884	2.17549	-0.0955966	-1.70875	-1.93677	0.440329	-0.774587	0.874201	0.228574	1.8156	3.05816	0.617002	2.93821	-1.20986	3.03378	
