0.526405	-1.46732	-0.712372	-1.93841	1.94797	-0.894712	1.03404	2.05672	3.07805	-2.03019	1.13699	0.540873	-1.95244	-1.42598	-0.44231	
0.498425	-1.43472	-0.679278	-1.9165	1.85868	-0.787951	1.01351	1.98213	3.03602	-1.9998	1.12906	0.533739	-1.93624	-1.42274	-0.511763	
0.470446	-1.40212	-0.646185	-1.8946	1.76939	-0.68119	0.992975	1.90754	2.994	-1.96941	1.12113	0.526605	-1.92004	-1.4195	-0.581216	
0.442466	-1.36951	-0.613092	-1.8727	1.6801	-0.574428	0.972446	1.83296	2.95197	-1.93902	1.1132	0.519471	-1.90384	-1.41626	-0.650669	
0.414486	-1.33691	-0.579999	-1.85079	1.59082	-0.467667	0.951916	1.75837	2.90995	-1.90863	1.10527	0.512337	-1.88764	-1.41301	-0.720122	
0.386507	-1.30431	-0.546906	-1.82889	1.50153	-0.360906	0.931386	1.68378	2.86793	-1.87824	1.09734	0.505203	-1.87144	-1.40977	-0.789575	
0.358527	-1.2717	-0.513813	-1.80699	1.41224	-0.254145	0.910856	1.60919	2.8259	-1.84785	1.08941	0.498069	-1.85524	-1.40653	-0.859028	
0.330547	-1.2391	-0.48072	-1.78508	1.32295	-0.147384	0.890326	1.5346	2.78388	-1.81746	1.08149	0.490935	-1.83904	-1.40329	-0.92848	
0.302567	-1.20649	-0.447627	-1.76318	1.23366	-0.0406231	0.869796	1.46001	2.74185	-1.78707	1.07356	0.483801	-1.82284	-1.40005	-0.997933	
0.274588	-1.17389	-0.414534	-1.74128	1.14437	0.066138	0.849266	1.38543	2.69983	-1.75668	1.06563	0.476667	-1.80663	-1.3968	-1.06739	
0.246608	-1.14129	-0.381441	-1.71937	1.05508	0.172899	0.828736	1.31084	2.65781	-1.72628	1.0577	0.469533	-1.79043	-1.39356	-1.13684	
0.218628	-1.10868	-0.348348	-1.69747	0.965794	0.27966	0.808206	1.23625	2.61578	-1.69589	1.04977	0.462399	-1.77423	-1.39032	-1.20629	
0.190648	-1.07608	-0.315255	-1.67557	0.876505	0.386421	0.787676	1.16166	2.57376	-1.6655	1.04184	0.455265	-1.75803	-1.38708	-1.27574	
0.162669	-1.04348	-0.282162	-1.65366	0.787216	0.493182	0.767146	1.08707	2.53173	-1.63511	1.03391	0.448132	-1.74183	-1.38383	-1.3452	
0.134689	-1.01087	-0.249069	-1.63176	0.697928	0.599943	0.746616	1.01249	2.48971	-1.60472	1.02598	0.440998	-1.72563	-1.38059	-1.41465	
0.106709	-0.97827	-0.215976	-1.60986	0.608639	0.706704	0.726086	0.937897	2.44769	-1.57433	1.01805	0.433864	-1.70943	-1.37735	-1.4841	
0.0787295	-0.945666	-0.182883	-1.58795	0.51935	0.813466	0.705556	0.863309	2.40566	-1.54394	1.01012	0.42673	-1.69323	-1.37411	-1.55356	
0.0507498	-0.913063	-0.14979	-1.56605	0.430061	0.920227	0.685026	0.788721	2.36364	-1.51355	1.00219	0.419596	-1.67703	-1.37086	-1.62301	
0.0227701	-0.880459	-0.116697	-1.54415	0.340773	1.02699	0.664496	0.714133	2.32161	-1.48316	0.994265	0.412462	-1.66082	-1.36762	-1.69246	
-0.00520966	-0.847856	-0.083604	-1.52224	0.251484	1.13375	0.643966	0.639544	2.27959	-1.45277	0.986336	0.405328	-1.64462	-1.36438	-1.76192	
-0.0331894	-0.815252	-0.0505109	-1.50034	0.162195	1.24051	0.623437	0.564956	2.23756	-1.42238	0.978407	0.398194	-1.62842	-1.36114	-1.83137	
-0.0611691	-0.782649	-0.0174179	-1.47844	0.0729064	1.34727	0.602907	0.490368	2.19554	-1.39199	0.970478	0.39106	-1.61222	-1.35789	-1.90082	
-0.0576197	-0.757769	-0.0596577	-1.5069	0.0268909	1.4144	0.541781	0.477342	2.0905	-1.39525	1.00015	0.327933	-1.56888	-1.36387	-1.9462	
-0.0540703	-0.732889	-0.101897	-1.53537	-0.0191246	1.48152	0.480654	0.464315	1.98546	-1.39851	1.02982	0.264806	-1.52553	-1.36985	-1.99159	
-0.0505209	-0.708009	-0.144137	-1.56383	-0.0651402	1.54865	0.419528	0.451289	1.88042	-1.40177	1.05949	0.201678	-1.48219	-1.37583	-2.03697	
-0.0469714	-0.683129	-0.186377	-1.5923	-0.111156	1.61577	0.358402	0.438262	1.77538	-1.40503	1.08917	0.138551	-1.43884	-1.38181	-2.08235	
-0.043422	-0.658249	-0.228617	-1.62076	-0.157171	1.6829	0.297276	0.425236	1.67033	-1.40829	1.11884	0.0754239	-1.3955	-1.38779	-2.12773	
-0.0398726	-0.633369	-0.270856	-1.64923	-0.203187	1.75002	0.23615	0.412209	1.56529	-1.41155	1.14851	0.0122967	-1.35215	-1.39377	-2.17312	
-0.0363232	-0.608489	-0.313096	-1.67769	-0.249202	1.81715	0.175024	0.399183	1.46025	-1.41481	1.17818	-0.0508306	-1.30881	-1.39975	-2.2185	
-0.0327738	-0.583609	-0.355336	-1.70616	-0.295218	1.88428	0.113898	0.386156	1.35521	-1.41807	1.20785	-0.113958	-1.26546	-1.40573	-2.26388	
-0.0292243	-0.558729	-0.397576	-1.73462	-0.341233	1.9514	0.0527718	0.37313	1.25017	-1.42134	1.23753	-0.177085	-1.22212	-1.41171	-2.30927	
-0.0256749	-0.533849	-0.439816	-1.76309	-0.387249	2.01853	-0.00835429	0.360103	1.14513	-1.4246	1.2672	-0.240212	-1.17877	-1.41769	-2.35465	
-0.0221255	-0.508969	-0.482055	-1.79155	-0.433264	2.08565	-0.0694804	0.347077	1.04009	-1.42786	1.29687	-0.30334	-1.13543	-1.42367	-2.40003	
-0.0185761	-0.484089	-0.524295	-1.82002	-0.47928	2.15278	-0.130606	0.33405	0.935046	-1.43112	1.32654	-0.366467	-1.09208	-1.42965	-2.44541	
0.00378127	-0.512628	-0.561982	-1.8353	-0.392069	2.13355	-0.190622	0.425702	0.822172	-1.44074	1.35594	-0.408335	-1.08316	-1.4196	-2.45655	
0.0261386	-0.541168	-0.599668	-1.85059	-0.304858	2.11432	-0.250638	0.517354	0.709299	-1.45036	1.38534	-0.450204	-1.07424	-1.40954	-2.46769	
0.048496	-0.569707	-0.637355	-1.86587	-0.217647	2.0951	-0.310654	0.609006	0.596425	-1.45998	1.41474	-0.492072	-1.06531	-1.39949	-2.47883	
0.0708533	-0.598247	-0.675041	-1.88116	-0.130436	2.07587	-0.37067	0.700658	0.483552	-1.46959	1.44414	-0.53394	-1.05639	-1.38944	-2.48997	
0.0932107	-0.626786	-0.712728	-1.89644	-0.0432252	2.05665	-0.430685	0.79231	0.370678	-1.47921	1.47354	-0.575809	-1.04747	-1.37939	-2.50111	
0.115568	-0.655326	-0.750414	-1.91173	0.0439857	2.03742	-0.490701	0.883962	0.257804	-1.48883	1.50294	-0.617677	-1.03855	-1.36934	-2.51225	
0.137925	-0.683866	-0.788101	-1.92701	0.131197	2.01819	-0.550717	0.975614	0.144931	-1.49845	1.53234	-0.659545	-1.02962	-1.35929	-2.52339	
0.160283	-0.712405	-0.825787	-1.9423	0.218408	1.99897	-0.610733	1.06727	0.0320572	-1.50807	1.56174	-0.701414	-1.0207	-1.34924	-2.53453	
0.18264	-0.740945	-0.863474	-1.95758	0.305619	1.97974	-0.670749	1.15892	-0.0808164	-1.51769	1.59114	-0.743282	-1.01178	-1.33919	-2.54566	
0.204997	-0.769484	-0.901161	-1.97287	0.39283	1.96051	-0.730764	1.25057	-0.19369	-1.52731	1.62054	-0.785151	-1.00285	-1.32914	-2.5568	
0.227355	-0.798024	-0.938847	-1.98815	0.480041	1.94129	-0.79078	1.34222	-0.306564	-1.53693	1.64994	-0.827019	-0.993931	-1.31909	-2.56794	
0.249712	-0.826563	-0.976534	-2.00344	0.567251	1.92206	-0.850796	1.43387	-0.419437	-1.54655	1.67934	-0.868887	-0.985009	-1.30903	-2.57908	
0.27207	-0.855103	-1.01422	-2.01872	0.654462	1.90283	-0.910812	1.52553	-0.532311	-1.55617	1.70874	-0.910756	-0.976086	-1.29898	-2.59022	
0.294427	-0.883642	-1.05191	-2.03401	0.741673	1.88361	-0.970828	1.61718	-0.645184	-1.56579	1.73814	-0.952624	-0.967163	-1.28893	-2.60136	
0.316784	-0.912182	-1.08959	-2.04929	0.828884	1.86438	-1.03084	1.70883	-0.758058	-1.57541	1.76754	-0.994492	-0.95824	-1.27888	-2.6125	
0.339142	-0.940722	-1.12728	-2.06458	0.916095	1.84516	-1.09086	1.80048	-0.870932	-1.58502	1.79694	-1.03636	-0.949318	-1.26883	-2.62364	
0.361499	-0.969261	-1.16497	-2.07986	1.00331	1.82593	-1.15087	1.89213	-0.983805	-1.59464	1.82634	-1.07823	-0.940395	-1.25878	-2.63478	
0.396144	-1.01697	-1.16358	-2.13281	1.08621	1.83977	-1.1975	1.93156	-1.0876	-1.60945	1.88196	-1.11884	-0.919142	-1.23509	-2.67582	
0.43079	-1.06467	-1.1622	-2.18575	1.16912	1.85362	-1.24412	1.97098	-1.1914	-1.62425	1.93759	-1.15944	-0.897889	-1.2114	-2.71687	
0.465435	-1.11238	-1.16081	-2.2387	1.25202	1.86746	-1.29075	2.0104	-1.29519	-1.63906	1.99321	-1.20005	-0.876636	-1.18772	-2.75792	
0.500081	-1.16008	-1.15943	-2.29165	1.33493	1.88131	-1.33737	2.04982	-1.39899	-1.65387	2.04884	-1.24065	-0.855382	-1.16403	-2.79896	
0.534726	-1.20778	-1.15804	-2.3446	1.41783	1.89515	-1.384	2.08925	-1.50279	-1.66867	2.10446	-1.28126	-0.834129	-1.14034	-2.84001	
0.569371	-1.25549	-1.15666	-2.39754	1.50074	1.909	-1.43062	2.12867	-1.60658	-1.68348	2.16009	-1.32186	-0.812876	-1.11665	-2.88106	
0.604017	-1.30319	-1.15527	-2.45049	1.58364	1.92284	-1.47724	2.16809	-1.71038	-1.69828	2.21572	-1.36247	-0.791623	-1.09296	-2.92211	
0.638662	-1.3509	-1.15389	-2.50344	1.66655	1.93669	-1.52387	2.20751	-1.81418	-1.71309	2.27134	-1.40308	-0.77037	-1.06927	-2.96315	
0.673308	-1.3986	-1.1525	-2.55638	1.74945	1.95053	-1.57049	2.24694	-1.91797	-1.72789	2.32697	-1.44368	-0.749117	-1.04559	-3.0042	
0.707953	-1.44631	-1.15112	-2.60933	1.83236	1.96438	-1.61712	2.28636	-2.02177	-1.7427	2.38259	-1.48429	-0.727864	-1.0219	-3.04525	
0.742598	-1.49401	-1.14973	-2.66228	1.91526	1.97822	-1.66374	2.32578	-2.12557	-1.75751	2.43822	-1.52489	-0.706611	-0.99821	-3.0863	
0.777244	-1.54172	-1.14835	-2.71523	1.99817	1.99207	-1.71036	2.3652	-2.22936	-1.77231	2.49385	-1.5655	-0.685358	-0.974522	-3.12734	
