-1.5517	-0.78516	1.17503	1.87531	-1.66295	1.10934	-1.80465	-2.56539	-0.675173	1.16078	1.95693	-1.58614	1.17547	-1.91985	2.58623	
-1.55094	-0.781767	1.17404	1.87045	-1.65998	1.10698	-1.80366	-2.56333	-0.669611	1.16073	1.95696	-1.58484	1.1777	-1.91752	2.58547	
-1.55019	-0.778375	1.17306	1.86559	-1.657	1.10461	-1.80268	-2.56127	-0.664048	1.16068	1.95698	-1.58354	1.17993	-1.91519	2.58472	
-1.54943	-0.774983	1.17207	1.86074	-1.65402	1.10225	-1.8017	-2.55922	-0.658485	1.16063	1.957	-1.58225	1.18216	-1.91286	2.58396	
-1.54867	-0.771591	1.17109	1.85588	-1.65105	1.09989	-1.80072	-2.55716	-0.652923	1.16058	1.95703	-1.58095	1.18439	-1.91053	2.5832	
-1.54792	-0.768198	1.1701	1.85102	-1.64807	1.09752	-1.79973	-2.55511	-0.64736	1.16053	1.95705	-1.57965	1.18662	-1.9082	2.58244	
-1.54716	-0.764806	1.16912	1.84616	-1.64509	1.09516	-1.79875	-2.55305	-0.641798	1.16048	1.95707	-1.57836	1.18885	-1.90587	2.58168	
-1.5464	-0.761414	1.16813	1.84131	-1.64211	1.0928	-1.79777	-2.55099	-0.636235	1.16043	1.9571	-1.57706	1.19108	-1.90354	2.58093	
-1.54565	-0.758022	1.16715	1.83645	-1.63914	1.09043	-1.79679	-2.54894	-0.630673	1.16038	1.95712	-1.57576	1.1933	-1.90121	2.58017	
-1.54489	-0.75463	1.16616	1.83159	-1.63616	1.08807	-1.7958	-2.54688	-0.62511	1.16033	1.95714	-1.57447	1.19553	-1.89888	2.57941	
-1.54413	-0.751237	1.16518	1.82674	-1.63318	1.08571	-1.79482	-2.54482	-0.619547	1.16028	1.95717	-1.57317	1.19776	-1.89655	2.57865	
-1.54338	-0.747845	1.16419	1.82188	-1.6302	1.08334	-1.79384	-2.54277	-0.613985	1.16023	1.95719	-1.57188	1.19999	-1.89422	2.5779	
-1.54262	-0.744453	1.16321	1.81702	-1.62723	1.08098	-1.79286	-2.54071	-0.608422	1.16019	1.95721	-1.57058	1.20222	-1.89189	2.57714	
-1.54186	-0.741061	1.16222	1.81216	-1.62425	1.07862	-1.79187	-2.53866	-0.60286	1.16014	1.95724	-1.56928	1.20445	-1.88956	2.57638	
-1.54111	-0.737669	1.16124	1.80731	-1.62127	1.07625	-1.79089	-2.5366	-0.597297	1.16009	1.95726	-1.56799	1.20668	-1.88724	2.57562	
-1.54035	-0.734276	1.16025	1.80245	-1.61829	1.07389	-1.78991	-2.53454	-0.591734	1.16004	1.95728	-1.56669	1.20891	-1.88491	2.57486	
-1.53959	-0.730884	1.15927	1.79759	-1.61532	1.07153	-1.78892	-2.53249	-0.586172	1.15999	1.95731	-1.56539	1.21114	-1.88258	2.57411	
-1.53884	-0.727492	1.15828	1.79273	-1.61234	1.06916	-1.78794	-2.53043	-0.580609	1.15994	1.95733	-1.5641	1.21337	-1.88025	2.57335	
-1.53808	-0.7241	1.1573	1.78788	-1.60936	1.0668	-1.78696	-2.52837	-0.575047	1.15989	1.95735	-1.5628	1.2156	-1.87792	2.57259	
-1.53732	-0.720707	1.15631	1.78302	-1.60639	1.06444	-1.78598	-2.52632	-0.569484	1.15984	1.95738	-1.5615	1.21783	-1.87559	2.57183	
-1.53657	-0.717315	1.15533	1.77816	-1.60341	1.06207	-1.78499	-2.52426	-0.563922	1.15979	1.9574	-1.56021	1.22006	-1.87326	2.57108	
-1.53581	-0.713923	1.15434	1.77331	-1.60043	1.05971	-1.78401	-2.5222	-0.558359	1.15974	1.95742	-1.55891	1.22229	-1.87093	2.57032	
-1.53505	-0.710531	1.15336	1.76845	-1.59745	1.05735	-1.78303	-2.52015	-0.552796	1.15969	1.95745	-1.55761	1.22452	-1.8686	2.56956	
-1.5343	-0.707139	1.15237	1.76359	-1.59448	1.05498	-1.78205	-2.51809	-0.547234	1.15964	1.95747	-1.55632	1.22675	-1.86627	2.5688	
-1.53354	-0.703746	1.15139	1.75873	-1.5915	1.05262	-1.78106	-2.51604	-0.541671	1.15959	1.95749	-1.55502	1.22898	-1.86394	2.56804	
-1.53278	-0.700354	1.1504	1.75388	-1.58852	1.05026	-1.78008	-2.51398	-0.536109	1.15954	1.95752	-1.55373	1.2312	-1.86161	2.56729	
-1.53203	-0.696962	1.14941	1.74902	-1.58554	1.04789	-1.7791	-2.51192	-0.530546	1.15949	1.95754	-1.55243	1.23343	-1.85928	2.56653	
-1.53127	-0.69357	1.14843	1.74416	-1.58257	1.04553	-1.77811	-2.50987	-0.524984	1.15944	1.95756	-1.55113	1.23566	-1.85695	2.56577	
-1.53052	-0.690177	1.14744	1.7393	-1.57959	1.04316	-1.77713	-2.50781	-0.519421	1.15939	1.95759	-1.54984	1.23789	-1.85462	2.56501	
-1.52976	-0.686785	1.14646	1.73445	-1.57661	1.0408	-1.77615	-2.50575	-0.513858	1.15934	1.95761	-1.54854	1.24012	-1.85229	2.56425	
-1.529	-0.683393	1.14547	1.72959	-1.57364	1.03844	-1.77517	-2.5037	-0.508296	1.15929	1.95763	-1.54724	1.24235	-1.84997	2.5635	
-1.52825	-0.680001	1.14449	1.72473	-1.57066	1.03607	-1.77418	-2.50164	-0.502733	1.15924	1.95766	-1.54595	1.24458	-1.84764	2.56274	
-1.52749	-0.676609	1.1435	1.71987	-1.56768	1.03371	-1.7732	-2.49959	-0.497171	1.15919	1.95768	-1.54465	1.24681	-1.84531	2.56198	
-1.52673	-0.673216	1.14252	1.71502	-1.5647	1.03135	-1.77222	-2.49753	-0.491608	1.15914	1.9577	-1.54335	1.24904	-1.84298	2.56122	
-1.52598	-0.669824	1.14153	1.71016	-1.56173	1.02898	-1.77124	-2.49547	-0.486045	1.15909	1.95773	-1.54206	1.25127	-1.84065	2.56047	
-1.52522	-0.666432	1.14055	1.7053	-1.55875	1.02662	-1.77025	-2.49342	-0.480483	1.15905	1.95775	-1.54076	1.2535	-1.83832	2.55971	
-1.52446	-0.66304	1.13956	1.70045	-1.55577	1.02426	-1.76927	-2.49136	-0.47492	1.159	1.95777	-1.53946	1.25573	-1.83599	2.55895	
-1.52371	-0.659648	1.13858	1.69559	-1.55279	1.02189	-1.76829	-2.4893	-0.469358	1.15895	1.9578	-1.53817	1.25796	-1.83366	2.55819	
-1.52295	-0.656255	1.13759	1.69073	-1.54982	1.01953	-1.76731	-2.48725	-0.463795	1.1589	1.95782	-1.53687	1.26019	-1.83133	2.55743	
-1.52219	-0.652863	1.13661	1.68587	-1.54684	1.01717	-1.76632	-2.48519	-0.458233	1.15885	1.95784	-1.53558	1.26242	-1.829	2.55668	
-1.52144	-0.649471	1.13562	1.68102	-1.54386	1.0148	-1.76534	-2.48314	-0.45267	1.1588	1.95787	-1.53428	1.26465	-1.82667	2.55592	
-1.52068	-0.646079	1.13464	1.67616	-1.54088	1.01244	-1.76436	-2.48108	-0.447107	1.15875	1.95789	-1.53298	1.26688	-1.82434	2.55516	
-1.51992	-0.642686	1.13365	1.6713	-1.53791	1.01008	-1.76337	-2.47902	-0.441545	1.1587	1.95791	-1.53169	1.2691	-1.82201	2.5544	
-1.51917	-0.639294	1.13267	1.66644	-1.53493	1.00771	-1.76239	-2.47697	-0.435982	1.15865	1.95794	-1.53039	1.27133	-1.81968	2.55365	
-1.51841	-0.635902	1.13168	1.66159	-1.53195	1.00535	-1.76141	-2.47491	-0.43042	1.1586	1.95796	-1.52909	1.27356	-1.81735	2.55289	
-1.51765	-0.63251	1.1307	1.65673	-1.52898	1.00299	-1.76043	-2.47285	-0.424857	1.15855	1.95798	-1.5278	1.27579	-1.81502	2.55213	
-1.5169	-0.629118	1.12971	1.65187	-1.526	1.00062	-1.75944	-2.4708	-0.419295	1.1585	1.95801	-1.5265	1.27802	-1.8127	2.55137	
-1.51614	-0.625725	1.12873	1.64702	-1.52302	0.998259	-1.75846	-2.46874	-0.413732	1.15845	1.95803	-1.5252	1.28025	-1.81037	2.55061	
-1.51538	-0.622333	1.12774	1.64216	-1.52004	0.995896	-1.75748	-2.46668	-0.408169	1.1584	1.95805	-1.52391	1.28248	-1.80804	2.54986	
-1.51463	-0.618941	1.12676	1.6373	-1.51707	0.993532	-1.7565	-2.46463	-0.402607	1.15835	1.95808	-1.52261	1.28471	-1.80571	2.5491	
-1.51387	-0.615549	1.12577	1.63244	-1.51409	0.991169	-1.75551	-2.46257	-0.397044	1.1583	1.9581	-1.52131	1.28694	-1.80338	2.54834	
-1.51311	-0.612156	1.12479	1.62759	-1.51111	0.988805	-1.75453	-2.46052	-0.391482	1.15825	1.95812	-1.52002	1.28917	-1.80105	2.54758	
-1.51236	-0.608764	1.1238	1.62273	-1.50813	0.986442	-1.75355	-2.45846	-0.385919	1.1582	1.95815	-1.51872	1.2914	-1.79872	2.54683	
-1.5116	-0.605372	1.12282	1.61787	-1.50516	0.984078	-1.75256	-2.4564	-0.380357	1.15815	1.95817	-1.51743	1.29363	-1.79639	2.54607	
-1.51084	-0.60198	1.12183	1.61301	-1.50218	0.981715	-1.75158	-2.45435	-0.374794	1.1581	1.95819	-1.51613	1.29586	-1.79406	2.54531	
-1.51009	-0.598588	1.12085	1.60816	-1.4992	0.979352	-1.7506	-2.45229	-0.369231	1.15805	1.95822	-1.51483	1.29809	-1.79173	2.54455	
-1.50933	-0.595195	1.11986	1.6033	-1.49623	0.976988	-1.74962	-2.45023	-0.363669	1.158	1.95824	-1.51354	1.30032	-1.7894	2.54379	
-1.50857	-0.591803	1.11887	1.59844	-1.49325	0.974625	-1.74863	-2.44818	-0.358106	1.15795	1.95826	-1.51224	1.30255	-1.78707	2.54304	
-1.50782	-0.588411	1.11789	1.59359	-1.49027	0.972261	-1.74765	-2.44612	-0.352544	1.1579	1.95829	-1.51094	1.30478	-1.78474	2.54228	
-1.50706	-0.585019	1.1169	1.58873	-1.48729	0.969898	-1.74667	-2.44407	-0.346981	1.15786	1.95831	-1.50965	1.307	-1.78241	2.54152	
-1.5063	-0.581627	1.11592	1.58387	-1.48432	0.967534	-1.74569	-2.44201	-0.341418	1.15781	1.95833	-1.50835	1.30923	-1.78008	2.54076	
-1.50555	-0.578234	1.11493	1.57901	-1.48134	0.965171	-1.7447	-2.43995	-0.335856	1.15776	1.95836	-1.50705	1.31146	-1.77775	2.54001	
-1.50479	-0.574842	1.11395	1.57416	-1.47836	0.962807	-1.74372	-2.4379	-0.330293	1.15771	1.95838	-1.50576	1.31369	-1.77543	2.53925	
-1.50403	-0.57145	1.11296	1.5693	-1.47538	0.960444	-1.74274	-2.43584	-0.324731	1.15766	1.9584	-1.50446	1.31592	-1.7731	2.53849	
-1.50328	-0.568058	1.11198	1.56444	-1.47241	0.95808	-1.74176	-2.43378	-0.319168	1.15761	1.95843	-1.50316	1.31815	-1.77077	2.53773	
-1.50252	-0.564665	1.11099	1.55958	-1.46943	0.955717	-1.74077	-2.43173	-0.313606	1.15756	1.95845	-1.50187	1.32038	-1.76844	2.53697	
-1.50176	-0.561273	1.11001	1.55473	-1.46645	0.953354	-1.73979	-2.42967	-0.308043	1.15751	1.95847	-1.50057	1.32261	-1.76611	2.53622	
-1.50101	-0.557881	1.10902	1.54987	-1.46348	0.95099	-1.73881	-2.42761	-0.30248	1.15746	1.9585	-1.49928	1.32484	-1.76378	2.53546	
-1.50025	-0.554489	1.10804	1.54501	-1.4605	0.948627	-1.73782	-2.42556	-0.296918	1.15741	1.95852	-1.49798	1.32707	-1.76145	2.5347	
-1.49949	-0.551097	1.10705	1.54015	-1.45752	0.946263	-1.73684	-2.4235	-0.291355	1.15736	1.95854	-1.49668	1.3293	-1.75912	2.53394	
-1.49874	-0.547704	1.10607	1.5353	-1.45454	0.9439	-1.73586	-2.42145	-0.285793	1.15731	1.95857	-1.49539	1.33153	-1.75679	2.53318	
-1.49798	-0.544312	1.10508	1.53044	-1.45157	0.941536	-1.73488	-2.41939	-0.28023	1.15726	1.95859	-1.49409	1.33376	-1.75446	2.53243	
-1.49723	-0.54092	1.1041	1.52558	-1.44859	0.939173	-1.73389	-2.41733	-0.274668	1.15721	1.95861	-1.49279	1.33599	-1.75213	2.53167	
-1.49647	-0.537528	1.10311	1.52073	-1.44561	0.936809	-1.73291	-2.41528	-0.269105	1.15716	1.95864	-1.4915	1.33822	-1.7498	2.53091	
-1.49571	-0.534135	1.10213	1.51587	-1.44263	0.934446	-1.73193	-2.41322	-0.263542	1.15711	1.95866	-1.4902	1.34045	-1.74747	2.53015	
-1.49496	-0.530743	1.10114	1.51101	-1.43966	0.932082	-1.73095	-2.41116	-0.25798	1.15706	1.95868	-1.4889	1.34268	-1.74514	2.5294	
-1.4942	-0.527351	1.10016	1.50615	-1.43668	0.929719	-1.72996	-2.40911	-0.252417	1.15701	1.9587	-1.48761	1.3449	-1.74281	2.52864	
-1.49344	-0.523959	1.09917	1.5013	-1.4337	0.927356	-1.72898	-2.40705	-0.246855	1.15696	1.95873	-1.48631	1.34713	-1.74048	2.52788	
-1.49269	-0.520567	1.09819	1.49644	-1.43072	0.924992	-1.728	-2.405	-0.241292	1.15691	1.95875	-1.48501	1.34936	-1.73815	2.52712	
-1.49193	-0.517174	1.0972	1.49158	-1.42775	0.922629	-1.72702	-2.40294	-0.23573	1.15686	1.95877	-1.48372	1.35159	-1.73583	2.52636	
-1.49117	-0.513782	1.09622	1.48672	-1.42477	0.920265	-1.72603	-2.40088	-0.230167	1.15681	1.9588	-1.48242	1.35382	-1.7335	2.52561	
-1.49042	-0.51039	1.09523	1.48187	-1.42179	0.917902	-1.72505	-2.39883	-0.224604	1.15676	1.95882	-1.48112	1.35605	-1.73117	2.52485	
-1.48966	-0.506998	1.09425	1.47701	-1.41882	0.915538	-1.72407	-2.39677	-0.219042	1.15671	1.95884	-1.47983	1.35828	-1.72884	2.52409	
-1.4889	-0.503606	1.09326	1.47215	-1.41584	0.913175	-1.72308	-2.39471	-0.213479	1.15667	1.95887	-1.47853	1.36051	-1.72651	2.52333	
-1.48815	-0.500213	1.09228	1.4673	-1.41286	0.910811	-1.7221	-2.39266	-0.207917	1.15662	1.95889	-1.47724	1.36274	-1.72418	2.52258	
-1.48739	-0.496821	1.09129	1.46244	-1.40988	0.908448	-1.72112	-2.3906	-0.202354	1.15657	1.95891	-1.47594	1.36497	-1.72185	2.52182	
-1.48663	-0.493429	1.0903	1.45758	-1.40691	0.906084	-1.72014	-2.38854	-0.196791	1.15652	1.95894	-1.47464	1.3672	-1.71952	2.52106	
-1.48588	-0.490037	1.08932	1.45272	-1.40393	0.903721	-1.71915	-2.38649	-0.191229	1.15647	1.95896	-1.47335	1.36943	-1.71719	2.5203	
-1.48512	-0.486644	1.08833	1.44787	-1.40095	0.901358	-1.71817	-2.38443	-0.185666	1.15642	1.95898	-1.47205	1.37166	-1.71486	2.51954	
-1.48436	-0.483252	1.08735	1.44301	-1.39797	0.898994	-1.71719	-2.38238	-0.180104	1.15637	1.95901	-1.47075	1.37389	-1.71253	2.51879	
-1.48361	-0.47986	1.08636	1.43815	-1.395	0.896631	-1.71621	-2.38032	-0.174541	1.15632	1.95903	-1.46946	1.37612	-1.7102	2.51803	
-1.48285	-0.476468	1.08538	1.43329	-1.39202	0.894267	-1.71522	-2.37826	-0.168979	1.15627	1.95905	-1.46816	1.37835	-1.70787	2.51727	
-1.48209	-0.473076	1.08439	1.42844	-1.38904	0.891904	-1.71424	-2.37621	-0.163416	1.15622	1.95908	-1.46686	1.38058	-1.70554	2.51651	
-1.48134	-0.469683	1.08341	1.42358	-1.38607	0.88954	-1.71326	-2.37415	-0.157853	1.15617	1.9591	-1.46557	1.3828	-1.70321	2.51576	
-1.48058	-0.466291	1.08242	1.41872	-1.38309	0.887177	-1.71227	-2.37209	-0.152291	1.15612	1.95912	-1.46427	1.38503	-1.70088	2.515	
-1.47982	-0.462899	1.08144	1.41387	-1.38011	0.884813	-1.71129	-2.37004	-0.146728	1.15607	1.95915	-1.46297	1.38726	-1.69856	2.51424	
-1.47907	-0.459507	1.08045	1.40901	-1.37713	0.88245	-1.71031	-2.36798	-0.141166	1.15602	1.95917	-1.46168	1.38949	-1.69623	2.51348	
-1.47831	-0.456114	1.07947	1.40415	-1.37416	0.880086	-1.70933	-2.36593	-0.135603	1.15597	1.95919	-1.46038	1.39172	-1.6939	2.51272	
-1.47755	-0.452722	1.07848	1.39929	-1.37118	0.877723	-1.70834	-2.36387	-0.130041	1.15592	1.95922	-1.45909	1.39395	-1.69157	2.51197	
-1.4768	-0.44933	1.0775	1.39444	-1.3682	0.87536	-1.70736	-2.36181	-0.124478	1.15587	1.95924	-1.45779	1.39618	-1.68924	2.51121	
-1.47604	-0.445938	1.07651	1.38958	-1.36522	0.872996	-1.70638	-2.35976	-0.118915	1.15582	1.95926	-1.45649	1.39841	-1.68691	2.51045	
-1.47528	-0.442546	1.07553	1.38472	-1.36225	0.870633	-1.7054	-2.3577	-0.113353	1.15577	1.95929	-1.4552	1.40064	-1.68458	2.50969	
-1.47453	-0.439153	1.07454	1.37986	-1.35927	0.868269	-1.70441	-2.35564	-0.10779	1.15572	1.95931	-1.4539	1.40287	-1.68225	2.50893	
-1.47377	-0.435761	1.07356	1.37501	-1.35629	0.865906	-1.70343	-2.35359	-0.102228	1.15567	1.95933	-1.4526	1.4051	-1.67992	2.50818	
-1.47301	-0.432369	1.07257	1.37015	-1.35331	0.863542	-1.70245	-2.35153	-0.0966651	1.15562	1.95936	-1.45131	1.40733	-1.67759	2.50742	
-1.47226	-0.428977	1.07159	1.36529	-1.35034	0.861179	-1.70147	-2.34947	-0.0911025	1.15557	1.95938	-1.45001	1.40956	-1.67526	2.50666	
-1.4715	-0.425585	1.0706	1.36043	-1.34736	0.858815	-1.70048	-2.34742	-0.0855399	1.15552	1.9594	-1.44871	1.41179	-1.67293	2.5059	
-1.47074	-0.422192	1.06962	1.35558	-1.34438	0.856452	-1.6995	-2.34536	-0.0799773	1.15548	1.95943	-1.44742	1.41402	-1.6706	2.50515	
-1.46999	-0.4188	1.06863	1.35072	-1.34141	0.854088	-1.69852	-2.34331	-0.0744148	1.15543	1.95945	-1.44612	1.41625	-1.66827	2.50439	
-1.46923	-0.415408	1.06765	1.34586	-1.33843	0.851725	-1.69753	-2.34125	-0.0688522	1.15538	1.95947	-1.44482	1.41847	-1.66594	2.50363	
-1.46847	-0.412016	1.06666	1.34101	-1.33545	0.849362	-1.69655	-2.33919	-0.0632896	1.15533	1.9595	-1.44353	1.4207	-1.66361	2.50287	
-1.46772	-0.408623	1.06568	1.33615	-1.33247	0.846998	-1.69557	-2.33714	-0.057727	1.15528	1.95952	-1.44223	1.42293	-1.66129	2.50211	
-1.46696	-0.405231	1.06469	1.33129	-1.3295	0.844635	-1.69459	-2.33508	-0.0521645	1.15523	1.95954	-1.44094	1.42516	-1.65896	2.50136	
-1.4662	-0.401839	1.06371	1.32643	-1.32652	0.842271	-1.6936	-2.33302	-0.0466019	1.15518	1.95957	-1.43964	1.42739	-1.65663	2.5006	
-1.46545	-0.398447	1.06272	1.32158	-1.32354	0.839908	-1.69262	-2.33097	-0.0410393	1.15513	1.95959	-1.43834	1.42962	-1.6543	2.49984	
-1.46469	-0.395055	1.06174	1.31672	-1.32056	0.837544	-1.69164	-2.32891	-0.0354767	1.15508	1.95961	-1.43705	1.43185	-1.65197	2.49908	
-1.46394	-0.391662	1.06075	1.31186	-1.31759	0.835181	-1.69066	-2.32686	-0.0299141	1.15503	1.95964	-1.43575	1.43408	-1.64964	2.49833	
-1.46318	-0.38827	1.05976	1.307	-1.31461	0.832817	-1.68967	-2.3248	-0.0243516	1.15498	1.95966	-1.43445	1.43631	-1.64731	2.49757	
-1.46242	-0.384878	1.05878	1.30215	-1.31163	0.830454	-1.68869	-2.32274	-0.018789	1.15493	1.95968	-1.43316	1.43854	-1.64498	2.49681	
-1.46167	-0.381486	1.05779	1.29729	-1.30866	0.82809	-1.68771	-2.32069	-0.0132264	1.15488	1.95971	-1.43186	1.44077	-1.64265	2.49605	
-1.46091	-0.378093	1.05681	1.29243	-1.30568	0.825727	-1.68673	-2.31863	-0.00766383	1.15483	1.95973	-1.43056	1.443	-1.64032	2.49529	
-1.46015	-0.374701	1.05582	1.28758	-1.3027	0.823364	-1.68574	-2.31657	-0.00210126	1.15478	1.95975	-1.42927	1.44523	-1.63799	2.49454	
-1.4594	-0.371309	1.05484	1.28272	-1.29972	0.821	-1.68476	-2.31452	0.00346132	1.15473	1.95978	-1.42797	1.44746	-1.63566	2.49378	
-1.45864	-0.367917	1.05385	1.27786	-1.29675	0.818637	-1.68378	-2.31246	0.0090239	1.15468	1.9598	-1.42667	1.44969	-1.63333	2.49302	
-1.45788	-0.364525	1.05287	1.273	-1.29377	0.816273	-1.68279	-2.31041	0.0145865	1.15463	1.95982	-1.42538	1.45192	-1.631	2.49226	
-1.45713	-0.361132	1.05188	1.26815	-1.29079	0.81391	-1.68181	-2.30835	0.0201491	1.15458	1.95985	-1.42408	1.45415	-1.62867	2.49151	
-1.45637	-0.35774	1.0509	1.26329	-1.28781	0.811546	-1.68083	-2.30629	0.0257116	1.15453	1.95987	-1.42279	1.45637	-1.62634	2.49075	
-1.45561	-0.354348	1.04991	1.25843	-1.28484	0.809183	-1.67985	-2.30424	0.0312742	1.15448	1.95989	-1.42149	1.4586	-1.62402	2.48999	
-1.45486	-0.350956	1.04893	1.25357	-1.28186	0.806819	-1.67886	-2.30218	0.0368368	1.15443	1.95992	-1.42019	1.46083	-1.62169	2.48923	
-1.4541	-0.347564	1.04794	1.24872	-1.27888	0.804456	-1.67788	-2.30012	0.0423994	1.15438	1.95994	-1.4189	1.46306	-1.61936	2.48847	
-1.45334	-0.344171	1.04696	1.24386	-1.2759	0.802092	-1.6769	-2.29807	0.0479619	1.15434	1.95996	-1.4176	1.46529	-1.61703	2.48772	
-1.45259	-0.340779	1.04597	1.239	-1.27293	0.799729	-1.67592	-2.29601	0.0535245	1.15429	1.95999	-1.4163	1.46752	-1.6147	2.48696	
-1.45183	-0.337387	1.04499	1.23415	-1.26995	0.797366	-1.67493	-2.29395	0.0590871	1.15424	1.96001	-1.41501	1.46975	-1.61237	2.4862	
-1.45107	-0.333995	1.044	1.22929	-1.26697	0.795002	-1.67395	-2.2919	0.0646497	1.15419	1.96003	-1.41371	1.47198	-1.61004	2.48544	
-1.45032	-0.330602	1.04302	1.22443	-1.264	0.792639	-1.67297	-2.28984	0.0702122	1.15414	1.96006	-1.41241	1.47421	-1.60771	2.48468	
-1.44956	-0.32721	1.04203	1.21957	-1.26102	0.790275	-1.67198	-2.28779	0.0757748	1.15409	1.96008	-1.41112	1.47644	-1.60538	2.48393	
-1.4488	-0.323818	1.04105	1.21472	-1.25804	0.787912	-1.671	-2.28573	0.0813374	1.15404	1.9601	-1.40982	1.47867	-1.60305	2.48317	
-1.44805	-0.320426	1.04006	1.20986	-1.25506	0.785548	-1.67002	-2.28367	0.0869	1.15399	1.96013	-1.40852	1.4809	-1.60072	2.48241	
-1.44729	-0.317034	1.03908	1.205	-1.25209	0.783185	-1.66904	-2.28162	0.0924626	1.15394	1.96015	-1.40723	1.48313	-1.59839	2.48165	
-1.44653	-0.313641	1.03809	1.20014	-1.24911	0.780821	-1.66805	-2.27956	0.0980251	1.15389	1.96017	-1.40593	1.48536	-1.59606	2.4809	
-1.44578	-0.310249	1.03711	1.19529	-1.24613	0.778458	-1.66707	-2.2775	0.103588	1.15384	1.9602	-1.40464	1.48759	-1.59373	2.48014	
-1.44502	-0.306857	1.03612	1.19043	-1.24315	0.776094	-1.66609	-2.27545	0.10915	1.15379	1.96022	-1.40334	1.48982	-1.5914	2.47938	
-1.44426	-0.303465	1.03514	1.18557	-1.24018	0.773731	-1.66511	-2.27339	0.114713	1.15374	1.96024	-1.40204	1.49205	-1.58907	2.47862	
-1.44351	-0.300072	1.03415	1.18071	-1.2372	0.771368	-1.66412	-2.27134	0.120275	1.15369	1.96027	-1.40075	1.49427	-1.58674	2.47786	
-1.44275	-0.29668	1.03317	1.17586	-1.23422	0.769004	-1.66314	-2.26928	0.125838	1.15364	1.96029	-1.39945	1.4965	-1.58442	2.47711	
-1.44199	-0.293288	1.03218	1.171	-1.23125	0.766641	-1.66216	-2.26722	0.131401	1.15359	1.96031	-1.39815	1.49873	-1.58209	2.47635	
-1.44124	-0.289896	1.03119	1.16614	-1.22827	0.764277	-1.66118	-2.26517	0.136963	1.15354	1.96034	-1.39686	1.50096	-1.57976	2.47559	
-1.44048	-0.286504	1.03021	1.16129	-1.22529	0.761914	-1.66019	-2.26311	0.142526	1.15349	1.96036	-1.39556	1.50319	-1.57743	2.47483	
-1.43972	-0.283111	1.02922	1.15643	-1.22231	0.75955	-1.65921	-2.26105	0.148088	1.15344	1.96038	-1.39426	1.50542	-1.5751	2.47408	
-1.43897	-0.279719	1.02824	1.15157	-1.21934	0.757187	-1.65823	-2.259	0.153651	1.15339	1.96041	-1.39297	1.50765	-1.57277	2.47332	
-1.43821	-0.276327	1.02725	1.14671	-1.21636	0.754823	-1.65724	-2.25694	0.159213	1.15334	1.96043	-1.39167	1.50988	-1.57044	2.47256	
-1.43745	-0.272935	1.02627	1.14186	-1.21338	0.75246	-1.65626	-2.25488	0.164776	1.15329	1.96045	-1.39037	1.51211	-1.56811	2.4718	
-1.4367	-0.269543	1.02528	1.137	-1.2104	0.750096	-1.65528	-2.25283	0.170339	1.15324	1.96048	-1.38908	1.51434	-1.56578	2.47104	
-1.43594	-0.26615	1.0243	1.13214	-1.20743	0.747733	-1.6543	-2.25077	0.175901	1.15319	1.9605	-1.38778	1.51657	-1.56345	2.47029	
-1.43518	-0.262758	1.02331	1.12728	-1.20445	0.74537	-1.65331	-2.24872	0.181464	1.15315	1.96052	-1.38649	1.5188	-1.56112	2.46953	
-1.43443	-0.259366	1.02233	1.12243	-1.20147	0.743006	-1.65233	-2.24666	0.187026	1.1531	1.96055	-1.38519	1.52103	-1.55879	2.46877	
-1.43367	-0.255974	1.02134	1.11757	-1.19849	0.740643	-1.65135	-2.2446	0.192589	1.15305	1.96057	-1.38389	1.52326	-1.55646	2.46801	
-1.43291	-0.252581	1.02036	1.11271	-1.19552	0.738279	-1.65037	-2.24255	0.198152	1.153	1.96059	-1.3826	1.52549	-1.55413	2.46726	
-1.43216	-0.249189	1.01937	1.10786	-1.19254	0.735916	-1.64938	-2.24049	0.203714	1.15295	1.96062	-1.3813	1.52772	-1.5518	2.4665	
-1.4314	-0.245797	1.01839	1.103	-1.18956	0.733552	-1.6484	-2.23843	0.209277	1.1529	1.96064	-1.38	1.52995	-1.54947	2.46574	
-1.43065	-0.242405	1.0174	1.09814	-1.18659	0.731189	-1.64742	-2.23638	0.214839	1.15285	1.96066	-1.37871	1.53217	-1.54715	2.46498	
-1.42989	-0.239013	1.01642	1.09328	-1.18361	0.728825	-1.64643	-2.23432	0.220402	1.1528	1.96069	-1.37741	1.5344	-1.54482	2.46422	
-1.42913	-0.23562	1.01543	1.08843	-1.18063	0.726462	-1.64545	-2.23227	0.225964	1.15275	1.96071	-1.37611	1.53663	-1.54249	2.46347	
-1.42838	-0.232228	1.01445	1.08357	-1.17765	0.724098	-1.64447	-2.23021	0.231527	1.1527	1.96073	-1.37482	1.53886	-1.54016	2.46271	
-1.42762	-0.228836	1.01346	1.07871	-1.17468	0.721735	-1.64349	-2.22815	0.23709	1.15265	1.96076	-1.37352	1.54109	-1.53783	2.46195	
-1.42686	-0.225444	1.01248	1.07385	-1.1717	0.719372	-1.6425	-2.2261	0.242652	1.1526	1.96078	-1.37222	1.54332	-1.5355	2.46119	
-1.42611	-0.222051	1.01149	1.069	-1.16872	0.717008	-1.64152	-2.22404	0.248215	1.15255	1.9608	-1.37093	1.54555	-1.53317	2.46043	
-1.42535	-0.218659	1.01051	1.06414	-1.16574	0.714645	-1.64054	-2.22198	0.253777	1.1525	1.96083	-1.36963	1.54778	-1.53084	2.45968	
-1.42459	-0.215267	1.00952	1.05928	-1.16277	0.712281	-1.63956	-2.21993	0.25934	1.15245	1.96085	-1.36834	1.55001	-1.52851	2.45892	
-1.42384	-0.211875	1.00854	1.05443	-1.15979	0.709918	-1.63857	-2.21787	0.264902	1.1524	1.96087	-1.36704	1.55224	-1.52618	2.45816	
-1.42308	-0.208483	1.00755	1.04957	-1.15681	0.707554	-1.63759	-2.21581	0.270465	1.15235	1.9609	-1.36574	1.55447	-1.52385	2.4574	
-1.42232	-0.20509	1.00657	1.04471	-1.15384	0.705191	-1.63661	-2.21376	0.276028	1.1523	1.96092	-1.36445	1.5567	-1.52152	2.45665	
-1.42157	-0.201698	1.00558	1.03985	-1.15086	0.702827	-1.63563	-2.2117	0.28159	1.15225	1.96094	-1.36315	1.55893	-1.51919	2.45589	
-1.42081	-0.198306	1.0046	1.035	-1.14788	0.700464	-1.63464	-2.20965	0.287153	1.1522	1.96097	-1.36185	1.56116	-1.51686	2.45513	
-1.42005	-0.194914	1.00361	1.03014	-1.1449	0.6981	-1.63366	-2.20759	0.292715	1.15215	1.96099	-1.36056	1.56339	-1.51453	2.45437	
-1.4193	-0.191522	1.00263	1.02528	-1.14193	0.695737	-1.63268	-2.20553	0.298278	1.1521	1.96101	-1.35926	1.56562	-1.5122	2.45361	
-1.41854	-0.188129	1.00164	1.02042	-1.13895	0.693374	-1.63169	-2.20348	0.30384	1.15205	1.96104	-1.35796	1.56785	-1.50988	2.45286	
-1.41778	-0.184737	1.00065	1.01557	-1.13597	0.69101	-1.63071	-2.20142	0.309403	1.152	1.96106	-1.35667	1.57007	-1.50755	2.4521	
-1.41703	-0.181345	0.99967	1.01071	-1.13299	0.688647	-1.62973	-2.19936	0.314966	1.15196	1.96108	-1.35537	1.5723	-1.50522	2.45134	
-1.41627	-0.177953	0.998684	1.00585	-1.13002	0.686283	-1.62875	-2.19731	0.320528	1.15191	1.96111	-1.35407	1.57453	-1.50289	2.45058	
-1.41551	-0.17456	0.997699	1.00099	-1.12704	0.68392	-1.62776	-2.19525	0.326091	1.15186	1.96113	-1.35278	1.57676	-1.50056	2.44983	
-1.41476	-0.171168	0.996714	0.996137	-1.12406	0.681556	-1.62678	-2.1932	0.331653	1.15181	1.96115	-1.35148	1.57899	-1.49823	2.44907	
-1.414	-0.167776	0.995729	0.99128	-1.12108	0.679193	-1.6258	-2.19114	0.337216	1.15176	1.96118	-1.35019	1.58122	-1.4959	2.44831	
-1.41324	-0.164384	0.994744	0.986423	-1.11811	0.676829	-1.62482	-2.18908	0.342779	1.15171	1.9612	-1.34889	1.58345	-1.49357	2.44755	
-1.41249	-0.160992	0.993759	0.981566	-1.11513	0.674466	-1.62383	-2.18703	0.348341	1.15166	1.96122	-1.34759	1.58568	-1.49124	2.44679	
-1.41173	-0.157599	0.992773	0.976708	-1.11215	0.672102	-1.62285	-2.18497	0.353904	1.15161	1.96125	-1.3463	1.58791	-1.48891	2.44604	
-1.41097	-0.154207	0.991788	0.971851	-1.10918	0.669739	-1.62187	-2.18291	0.359466	1.15156	1.96127	-1.345	1.59014	-1.48658	2.44528	
-1.41022	-0.150815	0.990803	0.966994	-1.1062	0.667376	-1.62089	-2.18086	0.365029	1.15151	1.96129	-1.3437	1.59237	-1.48425	2.44452	
-1.40946	-0.147423	0.989818	0.962136	-1.10322	0.665012	-1.6199	-2.1788	0.370591	1.15146	1.96132	-1.34241	1.5946	-1.48192	2.44376	
-1.4087	-0.144031	0.988833	0.957279	-1.10024	0.662649	-1.61892	-2.17675	0.376154	1.15141	1.96134	-1.34111	1.59683	-1.47959	2.44301	
-1.40795	-0.140638	0.987848	0.952422	-1.09727	0.660285	-1.61794	-2.17469	0.381717	1.15136	1.96136	-1.33981	1.59906	-1.47726	2.44225	
-1.40719	-0.137246	0.986862	0.947565	-1.09429	0.657922	-1.61695	-2.17263	0.387279	1.15131	1.96139	-1.33852	1.60129	-1.47493	2.44149	
-1.40643	-0.133854	0.985877	0.942707	-1.09131	0.655558	-1.61597	-2.17058	0.392842	1.15126	1.96141	-1.33722	1.60352	-1.47261	2.44073	
-1.40568	-0.130462	0.984892	0.93785	-1.08833	0.653195	-1.61499	-2.16852	0.398404	1.15121	1.96143	-1.33592	1.60575	-1.47028	2.43997	
-1.40492	-0.127069	0.983907	0.932993	-1.08536	0.650831	-1.61401	-2.16646	0.403967	1.15116	1.96146	-1.33463	1.60797	-1.46795	2.43922	
-1.40416	-0.123677	0.982922	0.928135	-1.08238	0.648468	-1.61302	-2.16441	0.409529	1.15111	1.96148	-1.33333	1.6102	-1.46562	2.43846	
-1.40341	-0.120285	0.981937	0.923278	-1.0794	0.646104	-1.61204	-2.16235	0.415092	1.15106	1.9615	-1.33203	1.61243	-1.46329	2.4377	
-1.40265	-0.116893	0.980951	0.918421	-1.07643	0.643741	-1.61106	-2.16029	0.420655	1.15101	1.96153	-1.33074	1.61466	-1.46096	2.43694	
-1.40189	-0.113501	0.979966	0.913563	-1.07345	0.641378	-1.61008	-2.15824	0.426217	1.15096	1.96155	-1.32944	1.61689	-1.45863	2.43619	
-1.40114	-0.110108	0.978981	0.908706	-1.07047	0.639014	-1.60909	-2.15618	0.43178	1.15091	1.96157	-1.32815	1.61912	-1.4563	2.43543	
-1.40038	-0.106716	0.977996	0.903849	-1.06749	0.636651	-1.60811	-2.15413	0.437342	1.15086	1.9616	-1.32685	1.62135	-1.45397	2.43467	
-1.39962	-0.103324	0.977011	0.898992	-1.06452	0.634287	-1.60713	-2.15207	0.442905	1.15081	1.96162	-1.32555	1.62358	-1.45164	2.43391	
-1.39887	-0.0999317	0.976026	0.894134	-1.06154	0.631924	-1.60614	-2.15001	0.448468	1.15077	1.96164	-1.32426	1.62581	-1.44931	2.43315	
-1.39974	-0.0999395	0.977842	0.898809	-1.06395	0.635666	-1.60667	-2.15502	0.445805	1.1512	1.9608	-1.32413	1.62379	-1.45195	2.43621	
-1.40061	-0.0999472	0.979658	0.903484	-1.06637	0.639408	-1.6072	-2.16003	0.443143	1.15163	1.95995	-1.32401	1.62176	-1.4546	2.43927	
-1.40149	-0.099955	0.981474	0.908158	-1.06878	0.643151	-1.60773	-2.16504	0.440481	1.15206	1.95911	-1.32389	1.61974	-1.45724	2.44233	
-1.40236	-0.0999628	0.98329	0.912833	-1.0712	0.646893	-1.60826	-2.17005	0.437818	1.1525	1.95826	-1.32377	1.61772	-1.45988	2.44539	
-1.40323	-0.0999706	0.985107	0.917508	-1.07361	0.650635	-1.60878	-2.17506	0.435156	1.15293	1.95742	-1.32365	1.61569	-1.46252	2.44845	
-1.40411	-0.0999784	0.986923	0.922183	-1.07602	0.654378	-1.60931	-2.18007	0.432494	1.15336	1.95657	-1.32352	1.61367	-1.46517	2.45151	
-1.40498	-0.0999862	0.988739	0.926857	-1.07844	0.65812	-1.60984	-2.18507	0.429831	1.1538	1.95573	-1.3234	1.61165	-1.46781	2.45457	
-1.40585	-0.099994	0.990555	0.931532	-1.08085	0.661862	-1.61037	-2.19008	0.427169	1.15423	1.95488	-1.32328	1.60962	-1.47045	2.45763	
-1.40673	-0.100002	0.992371	0.936207	-1.08327	0.665605	-1.61089	-2.19509	0.424507	1.15466	1.95404	-1.32316	1.6076	-1.4731	2.46069	
-1.4076	-0.10001	0.994188	0.940882	-1.08568	0.669347	-1.61142	-2.2001	0.421844	1.1551	1.95319	-1.32304	1.60558	-1.47574	2.46375	
-1.40847	-0.100017	0.996004	0.945556	-1.08809	0.673089	-1.61195	-2.20511	0.419182	1.15553	1.95235	-1.32291	1.60355	-1.47838	2.46681	
-1.40935	-0.100025	0.99782	0.950231	-1.09051	0.676831	-1.61248	-2.21012	0.41652	1.15596	1.9515	-1.32279	1.60153	-1.48102	2.46987	
-1.41022	-0.100033	0.999636	0.954906	-1.09292	0.680574	-1.613	-2.21513	0.413858	1.1564	1.95066	-1.32267	1.59951	-1.48367	2.47293	
-1.41109	-0.100041	1.00145	0.95958	-1.09534	0.684316	-1.61353	-2.22014	0.411195	1.15683	1.94981	-1.32255	1.59748	-1.48631	2.47599	
-1.41197	-0.100048	1.00327	0.964255	-1.09775	0.688058	-1.61406	-2.22514	0.408533	1.15726	1.94897	-1.32243	1.59546	-1.48895	2.47905	
-1.41284	-0.100056	1.00508	0.96893	-1.10017	0.691801	-1.61459	-2.23015	0.405871	1.15769	1.94812	-1.3223	1.59344	-1.49159	2.48211	
-1.41371	-0.100064	1.0069	0.973605	-1.10258	0.695543	-1.61511	-2.23516	0.403208	1.15813	1.94728	-1.32218	1.59141	-1.49424	2.48517	
-1.41459	-0.100072	1.00872	0.978279	-1.10499	0.699285	-1.61564	-2.24017	0.400546	1.15856	1.94643	-1.32206	1.58939	-1.49688	2.48823	
-1.41546	-0.10008	1.01053	0.982954	-1.10741	0.703028	-1.61617	-2.24518	0.397884	1.15899	1.94559	-1.32194	1.58737	-1.49952	2.49129	
-1.41633	-0.100087	1.01235	0.987629	-1.10982	0.70677	-1.6167	-2.25019	0.395221	1.15943	1.94474	-1.32182	1.58535	-1.50217	2.49435	
-1.41721	-0.100095	1.01417	0.992304	-1.11224	0.710512	-1.61723	-2.2552	0.392559	1.15986	1.9439	-1.32169	1.58332	-1.50481	2.49741	
-1.41808	-0.100103	1.01598	0.996978	-1.11465	0.714255	-1.61775	-2.26021	0.389897	1.16029	1.94305	-1.32157	1.5813	-1.50745	2.50047	
-1.41895	-0.100111	1.0178	1.00165	-1.11707	0.717997	-1.61828	-2.26521	0.387234	1.16073	1.94221	-1.32145	1.57928	-1.51009	2.50353	
-1.41983	-0.100118	1.01961	1.00633	-1.11948	0.721739	-1.61881	-2.27022	0.384572	1.16116	1.94136	-1.32133	1.57725	-1.51274	2.50659	
-1.4207	-0.100126	1.02143	1.011	-1.12189	0.725481	-1.61934	-2.27523	0.38191	1.16159	1.94052	-1.3212	1.57523	-1.51538	2.50965	
-1.42157	-0.100134	1.02325	1.01568	-1.12431	0.729224	-1.61986	-2.28024	0.379248	1.16203	1.93967	-1.32108	1.57321	-1.51802	2.51271	
-1.42245	-0.100142	1.02506	1.02035	-1.12672	0.732966	-1.62039	-2.28525	0.376585	1.16246	1.93883	-1.32096	1.57118	-1.52066	2.51577	
-1.42332	-0.10015	1.02688	1.02503	-1.12914	0.736708	-1.62092	-2.29026	0.373923	1.16289	1.93798	-1.32084	1.56916	-1.52331	2.51883	
-1.42419	-0.100157	1.0287	1.0297	-1.13155	0.740451	-1.62145	-2.29527	0.371261	1.16332	1.93714	-1.32072	1.56714	-1.52595	2.52189	
-1.42507	-0.100165	1.03051	1.03438	-1.13396	0.744193	-1.62197	-2.30028	0.368598	1.16376	1.93629	-1.32059	1.56511	-1.52859	2.52495	
-1.42594	-0.100173	1.03233	1.03905	-1.13638	0.747935	-1.6225	-2.30528	0.365936	1.16419	1.93545	-1.32047	1.56309	-1.53123	2.52801	
-1.42681	-0.100181	1.03414	1.04373	-1.13879	0.751678	-1.62303	-2.31029	0.363274	1.16462	1.9346	-1.32035	1.56107	-1.53388	2.53107	
-1.42769	-0.100189	1.03596	1.0484	-1.14121	0.75542	-1.62356	-2.3153	0.360611	1.16506	1.93376	-1.32023	1.55904	-1.53652	2.53413	
-1.42856	-0.100196	1.03778	1.05308	-1.14362	0.759162	-1.62409	-2.32031	0.357949	1.16549	1.93291	-1.32011	1.55702	-1.53916	2.53719	
-1.42943	-0.100204	1.03959	1.05775	-1.14604	0.762905	-1.62461	-2.32532	0.355287	1.16592	1.93207	-1.31998	1.555	-1.54181	2.54025	
-1.43031	-0.100212	1.04141	1.06242	-1.14845	0.766647	-1.62514	-2.33033	0.352624	1.16636	1.93122	-1.31986	1.55297	-1.54445	2.54331	
-1.43118	-0.10022	1.04323	1.0671	-1.15086	0.770389	-1.62567	-2.33534	0.349962	1.16679	1.93038	-1.31974	1.55095	-1.54709	2.54637	
-1.43205	-0.100227	1.04504	1.07177	-1.15328	0.774131	-1.6262	-2.34035	0.3473	1.16722	1.92953	-1.31962	1.54893	-1.54973	2.54943	
-1.43293	-0.100235	1.04686	1.07645	-1.15569	0.777874	-1.62672	-2.34535	0.344638	1.16766	1.92869	-1.3195	1.5469	-1.55238	2.55248	
-1.4338	-0.100243	1.04867	1.08112	-1.15811	0.781616	-1.62725	-2.35036	0.341975	1.16809	1.92784	-1.31937	1.54488	-1.55502	2.55554	
-1.43467	-0.100251	1.05049	1.0858	-1.16052	0.785358	-1.62778	-2.35537	0.339313	1.16852	1.927	-1.31925	1.54286	-1.55766	2.5586	
-1.43555	-0.100259	1.05231	1.09047	-1.16294	0.789101	-1.62831	-2.36038	0.336651	1.16895	1.92615	-1.31913	1.54083	-1.5603	2.56166	
-1.43642	-0.100266	1.05412	1.09515	-1.16535	0.792843	-1.62883	-2.36539	0.333988	1.16939	1.92531	-1.31901	1.53881	-1.56295	2.56472	
-1.43729	-0.100274	1.05594	1.09982	-1.16776	0.796585	-1.62936	-2.3704	0.331326	1.16982	1.92446	-1.31889	1.53679	-1.56559	2.56778	
-1.43817	-0.100282	1.05775	1.1045	-1.17018	0.800328	-1.62989	-2.37541	0.328664	1.17025	1.92362	-1.31876	1.53476	-1.56823	2.57084	
-1.43904	-0.10029	1.05957	1.10917	-1.17259	0.80407	-1.63042	-2.38042	0.326001	1.17069	1.92277	-1.31864	1.53274	-1.57088	2.5739	
-1.43991	-0.100298	1.06139	1.11385	-1.17501	0.807812	-1.63094	-2.38542	0.323339	1.17112	1.92193	-1.31852	1.53072	-1.57352	2.57696	
-1.44079	-0.100305	1.0632	1.11852	-1.17742	0.811555	-1.63147	-2.39043	0.320677	1.17155	1.92108	-1.3184	1.5287	-1.57616	2.58002	
-1.44166	-0.100313	1.06502	1.1232	-1.17983	0.815297	-1.632	-2.39544	0.318014	1.17199	1.92024	-1.31828	1.52667	-1.5788	2.58308	
-1.44253	-0.100321	1.06684	1.12787	-1.18225	0.819039	-1.63253	-2.40045	0.315352	1.17242	1.91939	-1.31815	1.52465	-1.58145	2.58614	
-1.4434	-0.100329	1.06865	1.13255	-1.18466	0.822781	-1.63306	-2.40546	0.31269	1.17285	1.91855	-1.31803	1.52263	-1.58409	2.5892	
-1.44428	-0.100336	1.07047	1.13722	-1.18708	0.826524	-1.63358	-2.41047	0.310028	1.17329	1.9177	-1.31791	1.5206	-1.58673	2.59226	
-1.44515	-0.100344	1.07228	1.1419	-1.18949	0.830266	-1.63411	-2.41548	0.307365	1.17372	1.91686	-1.31779	1.51858	-1.58937	2.59532	
-1.44602	-0.100352	1.0741	1.14657	-1.19191	0.834008	-1.63464	-2.42049	0.304703	1.17415	1.91601	-1.31766	1.51656	-1.59202	2.59838	
-1.4469	-0.10036	1.07592	1.15124	-1.19432	0.837751	-1.63517	-2.42549	0.302041	1.17458	1.91517	-1.31754	1.51453	-1.59466	2.60144	
-1.44777	-0.100368	1.07773	1.15592	-1.19673	0.841493	-1.63569	-2.4305	0.299378	1.17502	1.91432	-1.31742	1.51251	-1.5973	2.6045	
-1.44864	-0.100375	1.07955	1.16059	-1.19915	0.845235	-1.63622	-2.43551	0.296716	1.17545	1.91348	-1.3173	1.51049	-1.59994	2.60756	
-1.44952	-0.100383	1.08137	1.16527	-1.20156	0.848978	-1.63675	-2.44052	0.294054	1.17588	1.91263	-1.31718	1.50846	-1.60259	2.61062	
-1.45039	-0.100391	1.08318	1.16994	-1.20398	0.85272	-1.63728	-2.44553	0.291391	1.17632	1.91179	-1.31705	1.50644	-1.60523	2.61368	
-1.45126	-0.100399	1.085	1.17462	-1.20639	0.856462	-1.6378	-2.45054	0.288729	1.17675	1.91094	-1.31693	1.50442	-1.60787	2.61674	
-1.45214	-0.100406	1.08681	1.17929	-1.20881	0.860205	-1.63833	-2.45555	0.286067	1.17718	1.9101	-1.31681	1.50239	-1.61052	2.6198	
-1.45301	-0.100414	1.08863	1.18397	-1.21122	0.863947	-1.63886	-2.46056	0.283404	1.17762	1.90925	-1.31669	1.50037	-1.61316	2.62286	
-1.45388	-0.100422	1.09045	1.18864	-1.21363	0.867689	-1.63939	-2.46556	0.280742	1.17805	1.90841	-1.31657	1.49835	-1.6158	2.62592	
-1.45476	-0.10043	1.09226	1.19332	-1.21605	0.871431	-1.63991	-2.47057	0.27808	1.17848	1.90756	-1.31644	1.49632	-1.61844	2.62898	
-1.45563	-0.100438	1.09408	1.19799	-1.21846	0.875174	-1.64044	-2.47558	0.275418	1.17892	1.90672	-1.31632	1.4943	-1.62109	2.63204	
-1.4565	-0.100445	1.0959	1.20267	-1.22088	0.878916	-1.64097	-2.48059	0.272755	1.17935	1.90587	-1.3162	1.49228	-1.62373	2.6351	
-1.45738	-0.100453	1.09771	1.20734	-1.22329	0.882658	-1.6415	-2.4856	0.270093	1.17978	1.90503	-1.31608	1.49025	-1.62637	2.63816	
-1.45825	-0.100461	1.09953	1.21202	-1.2257	0.886401	-1.64203	-2.49061	0.267431	1.18021	1.90418	-1.31596	1.48823	-1.62901	2.64122	
-1.45912	-0.100469	1.10134	1.21669	-1.22812	0.890143	-1.64255	-2.49562	0.264768	1.18065	1.90334	-1.31583	1.48621	-1.63166	2.64428	
-1.46	-0.100477	1.10316	1.22137	-1.23053	0.893885	-1.64308	-2.50063	0.262106	1.18108	1.90249	-1.31571	1.48418	-1.6343	2.64734	
-1.46087	-0.100484	1.10498	1.22604	-1.23295	0.897628	-1.64361	-2.50563	0.259444	1.18151	1.90164	-1.31559	1.48216	-1.63694	2.6504	
-1.46174	-0.100492	1.10679	1.23071	-1.23536	0.90137	-1.64414	-2.51064	0.256781	1.18195	1.9008	-1.31547	1.48014	-1.63958	2.65346	
-1.46262	-0.1005	1.10861	1.23539	-1.23778	0.905112	-1.64466	-2.51565	0.254119	1.18238	1.89995	-1.31535	1.47811	-1.64223	2.65652	
-1.46349	-0.100508	1.11042	1.24006	-1.24019	0.908855	-1.64519	-2.52066	0.251457	1.18281	1.89911	-1.31522	1.47609	-1.64487	2.65958	
-1.46436	-0.100515	1.11224	1.24474	-1.2426	0.912597	-1.64572	-2.52567	0.248794	1.18325	1.89826	-1.3151	1.47407	-1.64751	2.66264	
-1.46524	-0.100523	1.11406	1.24941	-1.24502	0.916339	-1.64625	-2.53068	0.246132	1.18368	1.89742	-1.31498	1.47204	-1.65016	2.6657	
-1.46611	-0.100531	1.11587	1.25409	-1.24743	0.920081	-1.64677	-2.53569	0.24347	1.18411	1.89657	-1.31486	1.47002	-1.6528	2.66876	
-1.46698	-0.100539	1.11769	1.25876	-1.24985	0.923824	-1.6473	-2.5407	0.240808	1.18455	1.89573	-1.31474	1.468	-1.65544	2.67182	
-1.46786	-0.100547	1.11951	1.26344	-1.25226	0.927566	-1.64783	-2.5457	0.238145	1.18498	1.89488	-1.31461	1.46598	-1.65808	2.67488	
-1.46873	-0.100554	1.12132	1.26811	-1.25467	0.931308	-1.64836	-2.55071	0.235483	1.18541	1.89404	-1.31449	1.46395	-1.66073	2.67794	
-1.4696	-0.100562	1.12314	1.27279	-1.25709	0.935051	-1.64888	-2.55572	0.232821	1.18584	1.89319	-1.31437	1.46193	-1.66337	2.681	
-1.47048	-0.10057	1.12495	1.27746	-1.2595	0.938793	-1.64941	-2.56073	0.230158	1.18628	1.89235	-1.31425	1.45991	-1.66601	2.68406	
-1.47135	-0.100578	1.12677	1.28214	-1.26192	0.942535	-1.64994	-2.56574	0.227496	1.18671	1.8915	-1.31413	1.45788	-1.66865	2.68711	
-1.47222	-0.100586	1.12859	1.28681	-1.26433	0.946278	-1.65047	-2.57075	0.224834	1.18714	1.89066	-1.314	1.45586	-1.6713	2.69017	
-1.4731	-0.100593	1.1304	1.29149	-1.26675	0.95002	-1.651	-2.57576	0.222171	1.18758	1.88981	-1.31388	1.45384	-1.67394	2.69323	
-1.47397	-0.100601	1.13222	1.29616	-1.26916	0.953762	-1.65152	-2.58077	0.219509	1.18801	1.88897	-1.31376	1.45181	-1.67658	2.69629	
-1.47484	-0.100609	1.13404	1.30084	-1.27157	0.957505	-1.65205	-2.58577	0.216847	1.18844	1.88812	-1.31364	1.44979	-1.67923	2.69935	
-1.47572	-0.100617	1.13585	1.30551	-1.27399	0.961247	-1.65258	-2.59078	0.214184	1.18888	1.88728	-1.31351	1.44777	-1.68187	2.70241	
-1.47659	-0.100624	1.13767	1.31019	-1.2764	0.964989	-1.65311	-2.59579	0.211522	1.18931	1.88643	-1.31339	1.44574	-1.68451	2.70547	
-1.47746	-0.100632	1.13948	1.31486	-1.27882	0.968731	-1.65363	-2.6008	0.20886	1.18974	1.88559	-1.31327	1.44372	-1.68715	2.70853	
-1.47834	-0.10064	1.1413	1.31953	-1.28123	0.972474	-1.65416	-2.60581	0.206198	1.19018	1.88474	-1.31315	1.4417	-1.6898	2.71159	
-1.47921	-0.100648	1.14312	1.32421	-1.28365	0.976216	-1.65469	-2.61082	0.203535	1.19061	1.8839	-1.31303	1.43967	-1.69244	2.71465	
-1.48008	-0.100656	1.14493	1.32888	-1.28606	0.979958	-1.65522	-2.61583	0.200873	1.19104	1.88305	-1.3129	1.43765	-1.69508	2.71771	
-1.48096	-0.100663	1.14675	1.33356	-1.28847	0.983701	-1.65574	-2.62084	0.198211	1.19147	1.88221	-1.31278	1.43563	-1.69772	2.72077	
-1.48183	-0.100671	1.14857	1.33823	-1.29089	0.987443	-1.65627	-2.62584	0.195548	1.19191	1.88136	-1.31266	1.4336	-1.70037	2.72383	
-1.4827	-0.100679	1.15038	1.34291	-1.2933	0.991185	-1.6568	-2.63085	0.192886	1.19234	1.88052	-1.31254	1.43158	-1.70301	2.72689	
-1.48358	-0.100687	1.1522	1.34758	-1.29572	0.994928	-1.65733	-2.63586	0.190224	1.19277	1.87967	-1.31242	1.42956	-1.70565	2.72995	
-1.48445	-0.100695	1.15401	1.35226	-1.29813	0.99867	-1.65786	-2.64087	0.187561	1.19321	1.87883	-1.31229	1.42753	-1.70829	2.73301	
-1.48532	-0.100702	1.15583	1.35693	-1.30054	1.00241	-1.65838	-2.64588	0.184899	1.19364	1.87798	-1.31217	1.42551	-1.71094	2.73607	
-1.48619	-0.10071	1.15765	1.36161	-1.30296	1.00615	-1.65891	-2.65089	0.182237	1.19407	1.87714	-1.31205	1.42349	-1.71358	2.73913	
-1.48707	-0.100718	1.15946	1.36628	-1.30537	1.0099	-1.65944	-2.6559	0.179574	1.19451	1.87629	-1.31193	1.42146	-1.71622	2.74219	
-1.48794	-0.100726	1.16128	1.37096	-1.30779	1.01364	-1.65997	-2.66091	0.176912	1.19494	1.87545	-1.31181	1.41944	-1.71887	2.74525	
-1.48881	-0.100733	1.16309	1.37563	-1.3102	1.01738	-1.66049	-2.66591	0.17425	1.19537	1.8746	-1.31168	1.41742	-1.72151	2.74831	
-1.48969	-0.100741	1.16491	1.38031	-1.31262	1.02112	-1.66102	-2.67092	0.171588	1.19581	1.87376	-1.31156	1.41539	-1.72415	2.75137	
-1.49056	-0.100749	1.16673	1.38498	-1.31503	1.02487	-1.66155	-2.67593	0.168925	1.19624	1.87291	-1.31144	1.41337	-1.72679	2.75443	
-1.49143	-0.100757	1.16854	1.38966	-1.31744	1.02861	-1.66208	-2.68094	0.166263	1.19667	1.87207	-1.31132	1.41135	-1.72944	2.75749	
-1.49231	-0.100765	1.17036	1.39433	-1.31986	1.03235	-1.6626	-2.68595	0.163601	1.1971	1.87122	-1.3112	1.40933	-1.73208	2.76055	
-1.49318	-0.100772	1.17218	1.39901	-1.32227	1.03609	-1.66313	-2.69096	0.160938	1.19754	1.87038	-1.31107	1.4073	-1.73472	2.76361	
-1.49405	-0.10078	1.17399	1.40368	-1.32469	1.03984	-1.66366	-2.69597	0.158276	1.19797	1.86953	-1.31095	1.40528	-1.73736	2.76667	
-1.49493	-0.100788	1.17581	1.40835	-1.3271	1.04358	-1.66419	-2.70098	0.155614	1.1984	1.86869	-1.31083	1.40326	-1.74001	2.76973	
-1.4958	-0.100796	1.17762	1.41303	-1.32952	1.04732	-1.66471	-2.70598	0.152951	1.19884	1.86784	-1.31071	1.40123	-1.74265	2.77279	
-1.49667	-0.100803	1.17944	1.4177	-1.33193	1.05106	-1.66524	-2.71099	0.150289	1.19927	1.867	-1.31059	1.39921	-1.74529	2.77585	
-1.49755	-0.100811	1.18126	1.42238	-1.33434	1.0548	-1.66577	-2.716	0.147627	1.1997	1.86615	-1.31046	1.39719	-1.74794	2.77891	
-1.49842	-0.100819	1.18307	1.42705	-1.33676	1.05855	-1.6663	-2.72101	0.144964	1.20014	1.86531	-1.31034	1.39516	-1.75058	2.78197	
-1.49929	-0.100827	1.18489	1.43173	-1.33917	1.06229	-1.66683	-2.72602	0.142302	1.20057	1.86446	-1.31022	1.39314	-1.75322	2.78503	
-1.50017	-0.100835	1.18671	1.4364	-1.34159	1.06603	-1.66735	-2.73103	0.13964	1.201	1.86362	-1.3101	1.39112	-1.75586	2.78809	
-1.50104	-0.100842	1.18852	1.44108	-1.344	1.06977	-1.66788	-2.73604	0.136978	1.20144	1.86277	-1.30997	1.38909	-1.75851	2.79115	
-1.50191	-0.10085	1.19034	1.44575	-1.34641	1.07352	-1.66841	-2.74105	0.134315	1.20187	1.86193	-1.30985	1.38707	-1.76115	2.79421	
-1.50279	-0.100858	1.19215	1.45043	-1.34883	1.07726	-1.66894	-2.74605	0.131653	1.2023	1.86108	-1.30973	1.38505	-1.76379	2.79727	
-1.50366	-0.100866	1.19397	1.4551	-1.35124	1.081	-1.66946	-2.75106	0.128991	1.20273	1.86024	-1.30961	1.38302	-1.76643	2.80033	
-1.50453	-0.100874	1.19579	1.45978	-1.35366	1.08474	-1.66999	-2.75607	0.126328	1.20317	1.85939	-1.30949	1.381	-1.76908	2.80339	
-1.50541	-0.100881	1.1976	1.46445	-1.35607	1.08849	-1.67052	-2.76108	0.123666	1.2036	1.85855	-1.30936	1.37898	-1.77172	2.80645	
-1.50628	-0.100889	1.19942	1.46913	-1.35849	1.09223	-1.67105	-2.76609	0.121004	1.20403	1.8577	-1.30924	1.37695	-1.77436	2.80951	
-1.50715	-0.100897	1.20124	1.4738	-1.3609	1.09597	-1.67157	-2.7711	0.118341	1.20447	1.85686	-1.30912	1.37493	-1.777	2.81257	
-1.50803	-0.100905	1.20305	1.47848	-1.36331	1.09971	-1.6721	-2.77611	0.115679	1.2049	1.85601	-1.309	1.37291	-1.77965	2.81563	
-1.5089	-0.100912	1.20487	1.48315	-1.36573	1.10345	-1.67263	-2.78112	0.113017	1.20533	1.85517	-1.30888	1.37088	-1.78229	2.81868	
-1.50977	-0.10092	1.20668	1.48783	-1.36814	1.1072	-1.67316	-2.78612	0.110354	1.20577	1.85432	-1.30875	1.36886	-1.78493	2.82174	
-1.51065	-0.100928	1.2085	1.4925	-1.37056	1.11094	-1.67368	-2.79113	0.107692	1.2062	1.85348	-1.30863	1.36684	-1.78758	2.8248	
-1.51152	-0.100936	1.21032	1.49717	-1.37297	1.11468	-1.67421	-2.79614	0.10503	1.20663	1.85263	-1.30851	1.36481	-1.79022	2.82786	
-1.51239	-0.100944	1.21213	1.50185	-1.37539	1.11842	-1.67474	-2.80115	0.102368	1.20707	1.85179	-1.30839	1.36279	-1.79286	2.83092	
-1.51327	-0.100951	1.21395	1.50652	-1.3778	1.12217	-1.67527	-2.80616	0.0997053	1.2075	1.85094	-1.30827	1.36077	-1.7955	2.83398	
-1.51414	-0.100959	1.21576	1.5112	-1.38021	1.12591	-1.6758	-2.81117	0.097043	1.20793	1.8501	-1.30814	1.35874	-1.79815	2.83704	
-1.51501	-0.100967	1.21758	1.51587	-1.38263	1.12965	-1.67632	-2.81618	0.0943807	1.20836	1.84925	-1.30802	1.35672	-1.80079	2.8401	
-1.51589	-0.100975	1.2194	1.52055	-1.38504	1.13339	-1.67685	-2.82119	0.0917183	1.2088	1.84841	-1.3079	1.3547	-1.80343	2.84316	
-1.51676	-0.100983	1.22121	1.52522	-1.38746	1.13714	-1.67738	-2.82619	0.089056	1.20923	1.84756	-1.30778	1.35267	-1.80607	2.84622	
-1.51763	-0.10099	1.22303	1.5299	-1.38987	1.14088	-1.67791	-2.8312	0.0863937	1.20966	1.84672	-1.30766	1.35065	-1.80872	2.84928	
-1.51851	-0.100998	1.22485	1.53457	-1.39228	1.14462	-1.67843	-2.83621	0.0837314	1.2101	1.84587	-1.30753	1.34863	-1.81136	2.85234	
-1.51938	-0.101006	1.22666	1.53925	-1.3947	1.14836	-1.67896	-2.84122	0.0810691	1.21053	1.84503	-1.30741	1.34661	-1.814	2.8554	
-1.52025	-0.101014	1.22848	1.54392	-1.39711	1.1521	-1.67949	-2.84623	0.0784068	1.21096	1.84418	-1.30729	1.34458	-1.81665	2.85846	
-1.52113	-0.101021	1.23029	1.5486	-1.39953	1.15585	-1.68002	-2.85124	0.0757445	1.2114	1.84334	-1.30717	1.34256	-1.81929	2.86152	
-1.522	-0.101029	1.23211	1.55327	-1.40194	1.15959	-1.68054	-2.85625	0.0730822	1.21183	1.84249	-1.30705	1.34054	-1.82193	2.86458	
-1.52287	-0.101037	1.23393	1.55795	-1.40436	1.16333	-1.68107	-2.86126	0.0704199	1.21226	1.84165	-1.30692	1.33851	-1.82457	2.86764	
-1.52375	-0.101045	1.23574	1.56262	-1.40677	1.16707	-1.6816	-2.86626	0.0677576	1.2127	1.8408	-1.3068	1.33649	-1.82722	2.8707	
-1.52462	-0.101053	1.23756	1.5673	-1.40918	1.17082	-1.68213	-2.87127	0.0650953	1.21313	1.83996	-1.30668	1.33447	-1.82986	2.87376	
-1.52549	-0.10106	1.23938	1.57197	-1.4116	1.17456	-1.68265	-2.87628	0.062433	1.21356	1.83911	-1.30656	1.33244	-1.8325	2.87682	
-1.52637	-0.101068	1.24119	1.57665	-1.41401	1.1783	-1.68318	-2.88129	0.0597707	1.21399	1.83827	-1.30643	1.33042	-1.83514	2.87988	
-1.52724	-0.101076	1.24301	1.58132	-1.41643	1.18204	-1.68371	-2.8863	0.0571084	1.21443	1.83742	-1.30631	1.3284	-1.83779	2.88294	
-1.52811	-0.101084	1.24482	1.58599	-1.41884	1.18579	-1.68424	-2.89131	0.054446	1.21486	1.83658	-1.30619	1.32637	-1.84043	2.886	
-1.52898	-0.101091	1.24664	1.59067	-1.42125	1.18953	-1.68477	-2.89632	0.0517837	1.21529	1.83573	-1.30607	1.32435	-1.84307	2.88906	
-1.52986	-0.101099	1.24846	1.59534	-1.42367	1.19327	-1.68529	-2.90133	0.0491214	1.21573	1.83489	-1.30595	1.32233	-1.84571	2.89212	
-1.53073	-0.101107	1.25027	1.60002	-1.42608	1.19701	-1.68582	-2.90633	0.0464591	1.21616	1.83404	-1.30582	1.3203	-1.84836	2.89518	
-1.5316	-0.101115	1.25209	1.60469	-1.4285	1.20075	-1.68635	-2.91134	0.0437968	1.21659	1.8332	-1.3057	1.31828	-1.851	2.89824	
-1.53248	-0.101123	1.25391	1.60937	-1.43091	1.2045	-1.68688	-2.91635	0.0411345	1.21703	1.83235	-1.30558	1.31626	-1.85364	2.9013	
-1.53335	-0.10113	1.25572	1.61404	-1.43333	1.20824	-1.6874	-2.92136	0.0384722	1.21746	1.83151	-1.30546	1.31423	-1.85629	2.90436	
-1.53422	-0.101138	1.25754	1.61872	-1.43574	1.21198	-1.68793	-2.92637	0.0358099	1.21789	1.83066	-1.30534	1.31221	-1.85893	2.90742	
-1.5351	-0.101146	1.25935	1.62339	-1.43815	1.21572	-1.68846	-2.93138	0.0331476	1.21833	1.82982	-1.30521	1.31019	-1.86157	2.91048	
-1.53597	-0.101154	1.26117	1.62807	-1.44057	1.21947	-1.68899	-2.93639	0.0304853	1.21876	1.82897	-1.30509	1.30816	-1.86421	2.91354	
-1.53684	-0.101162	1.26299	1.63274	-1.44298	1.22321	-1.68951	-2.9414	0.027823	1.21919	1.82813	-1.30497	1.30614	-1.86686	2.9166	
-1.53772	-0.101169	1.2648	1.63742	-1.4454	1.22695	-1.69004	-2.9464	0.0251607	1.21962	1.82728	-1.30485	1.30412	-1.8695	2.91966	
-1.53859	-0.101177	1.26662	1.64209	-1.44781	1.23069	-1.69057	-2.95141	0.0224984	1.22006	1.82644	-1.30473	1.30209	-1.87214	2.92272	
-1.53946	-0.101185	1.26843	1.64677	-1.45023	1.23444	-1.6911	-2.95642	0.0198361	1.22049	1.82559	-1.3046	1.30007	-1.87478	2.92578	
-1.54034	-0.101193	1.27025	1.65144	-1.45264	1.23818	-1.69162	-2.96143	0.0171737	1.22092	1.82475	-1.30448	1.29805	-1.87743	2.92884	
-1.54121	-0.1012	1.27207	1.65612	-1.45505	1.24192	-1.69215	-2.96644	0.0145114	1.22136	1.8239	-1.30436	1.29602	-1.88007	2.9319	
-1.54208	-0.101208	1.27388	1.66079	-1.45747	1.24566	-1.69268	-2.97145	0.0118491	1.22179	1.82306	-1.30424	1.294	-1.88271	2.93496	
-1.54296	-0.101216	1.2757	1.66546	-1.45988	1.2494	-1.69321	-2.97646	0.00918682	1.22222	1.82221	-1.30412	1.29198	-1.88536	2.93802	
-1.54383	-0.101224	1.27752	1.67014	-1.4623	1.25315	-1.69374	-2.98147	0.00652452	1.22266	1.82137	-1.30399	1.28996	-1.888	2.94108	
-1.5447	-0.101232	1.27933	1.67481	-1.46471	1.25689	-1.69426	-2.98647	0.00386221	1.22309	1.82052	-1.30387	1.28793	-1.89064	2.94414	
-1.54558	-0.101239	1.28115	1.67949	-1.46712	1.26063	-1.69479	-2.99148	0.0011999	1.22352	1.81968	-1.30375	1.28591	-1.89328	2.9472	
-1.54645	-0.101247	1.28296	1.68416	-1.46954	1.26437	-1.69532	-2.99649	-0.00146241	1.22396	1.81883	-1.30363	1.28389	-1.89593	2.95026	
-1.54732	-0.101255	1.28478	1.68884	-1.47195	1.26812	-1.69585	-3.0015	-0.00412471	1.22439	1.81799	-1.30351	1.28186	-1.89857	2.95331	
-1.5482	-0.101263	1.2866	1.69351	-1.47437	1.27186	-1.69637	-3.00651	-0.00678702	1.22482	1.81714	-1.30338	1.27984	-1.90121	2.95637	
-1.54907	-0.101271	1.28841	1.69819	-1.47678	1.2756	-1.6969	-3.01152	-0.00944933	1.22525	1.8163	-1.30326	1.27782	-1.90385	2.95943	
-1.54994	-0.101278	1.29023	1.70286	-1.4792	1.27934	-1.69743	-3.01653	-0.0121116	1.22569	1.81545	-1.30314	1.27579	-1.9065	2.96249	
-1.55082	-0.101286	1.29205	1.70754	-1.48161	1.28309	-1.69796	-3.02154	-0.0147739	1.22612	1.81461	-1.30302	1.27377	-1.90914	2.96555	
-1.55169	-0.101294	1.29386	1.71221	-1.48402	1.28683	-1.69848	-3.02654	-0.0174362	1.22655	1.81376	-1.3029	1.27175	-1.91178	2.96861	
