0.501108	2.22796	-0.543603	-1.36357	-1.9364	1.01402	-1.13042	-2.74647	-0.0336104	1.90828	0.798275	-0.619269	0.838234	-1.30724	-0.420517	
0.488056	2.22701	-0.463218	-1.32259	-1.92785	0.913323	-1.08159	-2.6967	0.0592989	1.88935	0.74917	-0.600385	0.776983	-1.33113	-0.434358	
0.475004	2.22607	-0.382833	-1.28161	-1.91929	0.812626	-1.03276	-2.64693	0.152208	1.87043	0.700065	-0.581502	0.715733	-1.35503	-0.448198	
0.461953	2.22513	-0.302448	-1.24063	-1.91074	0.71193	-0.983929	-2.59715	0.245117	1.8515	0.650961	-0.562619	0.654483	-1.37892	-0.462038	
0.448901	2.22418	-0.222063	-1.19965	-1.90219	0.611233	-0.935097	-2.54738	0.338027	1.83258	0.601856	-0.543736	0.593233	-1.40282	-0.475878	
0.43585	2.22324	-0.141678	-1.15867	-1.89364	0.510537	-0.886266	-2.49761	0.430936	1.81365	0.552751	-0.524852	0.531982	-1.42671	-0.489718	
0.422798	2.2223	-0.0612929	-1.11769	-1.88509	0.409841	-0.837435	-2.44784	0.523845	1.79473	0.503647	-0.505969	0.470732	-1.45061	-0.503558	
0.409746	2.22135	0.0190921	-1.07671	-1.87653	0.309144	-0.788603	-2.39806	0.616755	1.7758	0.454542	-0.487086	0.409482	-1.47451	-0.517399	
0.396695	2.22041	0.0994771	-1.03573	-1.86798	0.208448	-0.739772	-2.34829	0.709664	1.75688	0.405437	-0.468203	0.348232	-1.4984	-0.531239	
0.383643	2.21946	0.179862	-0.994748	-1.85943	0.107751	-0.69094	-2.29852	0.802573	1.73795	0.356333	-0.44932	0.286981	-1.5223	-0.545079	
0.370591	2.21852	0.260247	-0.953768	-1.85088	0.00705474	-0.642109	-2.24875	0.895482	1.71903	0.307228	-0.430436	0.225731	-1.54619	-0.558919	
0.35754	2.21758	0.340632	-0.912787	-1.84233	-0.0936417	-0.593278	-2.19898	0.988392	1.7001	0.258123	-0.411553	0.164481	-1.57009	-0.572759	
0.344488	2.21663	0.421017	-0.871807	-1.83377	-0.194338	-0.544446	-2.1492	1.0813	1.68118	0.209019	-0.39267	0.103231	-1.59398	-0.5866	
0.331436	2.21569	0.501402	-0.830826	-1.82522	-0.295035	-0.495615	-2.09943	1.17421	1.66225	0.159914	-0.373787	0.0419805	-1.61788	-0.60044	
0.318385	2.21475	0.581787	-0.789846	-1.81667	-0.395731	-0.446783	-2.04966	1.26712	1.64333	0.110809	-0.354903	-0.0192697	-1.64177	-0.61428	
0.305333	2.2138	0.662172	-0.748865	-1.80812	-0.496427	-0.397952	-1.99989	1.36003	1.6244	0.0617046	-0.33602	-0.08052	-1.66567	-0.62812	
0.292281	2.21286	0.742557	-0.707885	-1.79957	-0.597124	-0.349121	-1.95011	1.45294	1.60548	0.0125999	-0.317137	-0.14177	-1.68956	-0.64196	
0.280949	2.20812	0.826511	-0.661957	-1.78097	-0.682471	-0.305058	-1.90956	1.53664	1.58128	-0.0271884	-0.297563	-0.193585	-1.71729	-0.65244	
0.280234	2.20592	0.8389	-0.653889	-1.77457	-0.687207	-0.301425	-1.90832	1.54349	1.57616	-0.0283286	-0.29475	-0.196486	-1.72234	-0.652212	
0.280168	2.20539	0.841238	-0.652273	-1.7731	-0.68754	-0.300944	-1.90842	1.5444	1.57508	-0.028206	-0.294224	-0.196695	-1.72336	-0.652041	
0.280128	2.20488	0.843382	-0.650764	-1.77167	-0.68767	-0.300568	-1.90862	1.5451	1.57406	-0.0279881	-0.293744	-0.196781	-1.72432	-0.651846	
0.28011	2.20463	0.844416	-0.650035	-1.77098	-0.687728	-0.300387	-1.90872	1.54543	1.57357	-0.0278804	-0.293513	-0.19682	-1.72478	-0.651751	
0.2801	2.20449	0.844979	-0.649638	-1.7706	-0.68776	-0.300289	-1.90878	1.54562	1.5733	-0.0278216	-0.293387	-0.196841	-1.72503	-0.651699	
0.280093	2.2044	0.84534	-0.649384	-1.77036	-0.68778	-0.300227	-1.90881	1.54573	1.57313	-0.0277839	-0.293306	-0.196854	-1.72519	-0.651665	
0.280085	2.2043	0.845781	-0.649072	-1.77007	-0.687805	-0.30015	-1.90885	1.54588	1.57292	-0.0277378	-0.293207	-0.196871	-1.72539	-0.651625	
0.280079	2.20421	0.846128	-0.648828	-1.76983	-0.687824	-0.300089	-1.90889	1.54599	1.57275	-0.0277015	-0.293129	-0.196884	-1.72554	-0.651593	
0.280076	2.20418	0.846278	-0.648722	-1.76973	-0.687833	-0.300063	-1.9089	1.54604	1.57268	-0.0276859	-0.293096	-0.196889	-1.72561	-0.651579	
0.280074	2.20415	0.846403	-0.648634	-1.76965	-0.68784	-0.300042	-1.90891	1.54608	1.57262	-0.0276728	-0.293068	-0.196894	-1.72567	-0.651567	
0.280072	2.20412	0.846505	-0.648562	-1.76958	-0.687845	-0.300024	-1.90892	1.54611	1.57257	-0.0276622	-0.293045	-0.196898	-1.72571	-0.651558	
0.280071	2.20411	0.846561	-0.648523	-1.76955	-0.687848	-0.300014	-1.90893	1.54613	1.57254	-0.0276563	-0.293032	-0.1969	-1.72574	-0.651553	
0.280071	2.2041	0.846609	-0.648489	-1.76951	-0.687851	-0.300006	-1.90893	1.54615	1.57252	-0.0276513	-0.293022	-0.196901	-1.72576	-0.651548	
0.28007	2.20409	0.846654	-0.648457	-1.76948	-0.687854	-0.299998	-1.90894	1.54616	1.5725	-0.0276466	-0.293012	-0.196903	-1.72578	-0.651544	
0.280069	2.20408	0.846705	-0.648421	-1.76945	-0.687856	-0.299989	-1.90894	1.54618	1.57248	-0.0276413	-0.293	-0.196905	-1.7258	-0.651539	
0.280067	2.20406	0.846791	-0.648361	-1.76939	-0.687861	-0.299974	-1.90895	1.54621	1.57243	-0.0276323	-0.292981	-0.196908	-1.72584	-0.651531	
0.280064	2.20401	0.84696	-0.648241	-1.76928	-0.687871	-0.299944	-1.90897	1.54626	1.57235	-0.0276146	-0.292943	-0.196915	-1.72591	-0.651516	
0.280062	2.20398	0.847104	-0.64814	-1.76918	-0.687879	-0.29992	-1.90898	1.54631	1.57228	-0.0275996	-0.292911	-0.19692	-1.72598	-0.651503	
0.280061	2.20397	0.847151	-0.648107	-1.76915	-0.687881	-0.299911	-1.90898	1.54632	1.57226	-0.0275947	-0.2929	-0.196922	-1.726	-0.651498	
0.28006	2.20396	0.847173	-0.648092	-1.76914	-0.687883	-0.299907	-1.90899	1.54633	1.57225	-0.0275924	-0.292895	-0.196923	-1.72601	-0.651496	
0.28006	2.20395	0.847216	-0.648061	-1.76911	-0.687885	-0.2999	-1.90899	1.54634	1.57223	-0.0275879	-0.292886	-0.196924	-1.72603	-0.651492	
0.280059	2.20394	0.847271	-0.648022	-1.76907	-0.687888	-0.29989	-1.909	1.54636	1.5722	-0.0275822	-0.292873	-0.196926	-1.72605	-0.651487	
0.280058	2.20393	0.847311	-0.647994	-1.76904	-0.68789	-0.299883	-1.909	1.54637	1.57219	-0.0275779	-0.292864	-0.196928	-1.72607	-0.651483	
0.280057	2.20392	0.84734	-0.647974	-1.76902	-0.687892	-0.299878	-1.909	1.54638	1.57217	-0.0275749	-0.292858	-0.196929	-1.72608	-0.651481	
0.280057	2.20392	0.847356	-0.647963	-1.76901	-0.687893	-0.299876	-1.909	1.54639	1.57216	-0.0275733	-0.292854	-0.196929	-1.72609	-0.651479	
0.280057	2.20392	0.847362	-0.647958	-1.76901	-0.687893	-0.299875	-1.909	1.54639	1.57216	-0.0275726	-0.292853	-0.19693	-1.72609	-0.651479	
0.280057	2.20392	0.847369	-0.647953	-1.76901	-0.687894	-0.299873	-1.90901	1.54639	1.57216	-0.0275719	-0.292851	-0.19693	-1.7261	-0.651478	
0.280057	2.20391	0.847376	-0.647948	-1.769	-0.687894	-0.299872	-1.90901	1.5464	1.57215	-0.0275712	-0.29285	-0.19693	-1.7261	-0.651477	
0.280057	2.20391	0.847381	-0.647945	-1.769	-0.687894	-0.299871	-1.90901	1.5464	1.57215	-0.0275707	-0.292849	-0.19693	-1.7261	-0.651477	
0.280057	2.20391	0.847386	-0.647941	-1.76899	-0.687895	-0.29987	-1.90901	1.5464	1.57215	-0.0275701	-0.292847	-0.19693	-1.7261	-0.651476	
0.280057	2.20391	0.847391	-0.647938	-1.76899	-0.687895	-0.29987	-1.90901	1.5464	1.57215	-0.0275696	-0.292846	-0.196931	-1.72611	-0.651476	
0.280056	2.20391	0.847396	-0.647934	-1.76899	-0.687895	-0.299869	-1.90901	1.5464	1.57215	-0.0275691	-0.292845	-0.196931	-1.72611	-0.651476	
0.280056	2.20391	0.847403	-0.647929	-1.76898	-0.687896	-0.299867	-1.90901	1.5464	1.57214	-0.0275684	-0.292844	-0.196931	-1.72611	-0.651475	
0.280056	2.20391	0.84741	-0.647924	-1.76898	-0.687896	-0.299866	-1.90901	1.54641	1.57214	-0.0275676	-0.292842	-0.196931	-1.72612	-0.651474	
0.280056	2.20391	0.847413	-0.647922	-1.76898	-0.687896	-0.299866	-1.90901	1.54641	1.57214	-0.0275673	-0.292841	-0.196931	-1.72612	-0.651474	
0.280056	2.2039	0.847417	-0.64792	-1.76897	-0.687896	-0.299865	-1.90901	1.54641	1.57214	-0.0275669	-0.292841	-0.196932	-1.72612	-0.651474	
0.280056	2.2039	0.847418	-0.647919	-1.76897	-0.687896	-0.299865	-1.90901	1.54641	1.57213	-0.0275668	-0.29284	-0.196932	-1.72612	-0.651474	
0.280056	2.2039	0.84742	-0.647917	-1.76897	-0.687896	-0.299864	-1.90901	1.54641	1.57213	-0.0275666	-0.29284	-0.196932	-1.72612	-0.651473	
0.280056	2.2039	0.847422	-0.647916	-1.76897	-0.687897	-0.299864	-1.90901	1.54641	1.57213	-0.0275664	-0.29284	-0.196932	-1.72612	-0.651473	
0.280056	2.2039	0.847423	-0.647915	-1.76897	-0.687897	-0.299864	-1.90901	1.54641	1.57213	-0.0275663	-0.292839	-0.196932	-1.72612	-0.651473	
0.280056	2.2039	0.847423	-0.647915	-1.76897	-0.687897	-0.299864	-1.90901	1.54641	1.57213	-0.0275662	-0.292839	-0.196932	-1.72612	-0.651473	
0.280056	2.2039	0.847424	-0.647915	-1.76897	-0.687897	-0.299864	-1.90901	1.54641	1.57213	-0.0275662	-0.292839	-0.196932	-1.72612	-0.651473	
0.280056	2.2039	0.847424	-0.647915	-1.76897	-0.687897	-0.299864	-1.90901	1.54641	1.57213	-0.0275662	-0.292839	-0.196932	-1.72612	-0.651473	
0.280056	2.2039	0.847424	-0.647914	-1.76897	-0.687897	-0.299864	-1.90901	1.54641	1.57213	-0.0275661	-0.292839	-0.196932	-1.72612	-0.651473	
0.304	2.16429	0.853414	-0.612884	-1.75892	-0.672407	-0.30828	-1.91215	1.56136	1.5505	-0.0380244	-0.311305	-0.180576	-1.71491	-0.664746	
0.358551	2.06194	0.868486	-0.53535	-1.73051	-0.633403	-0.334008	-1.92029	1.59387	1.48585	-0.0748728	-0.353605	-0.143918	-1.68529	-0.687794	
0.413102	1.9596	0.883557	-0.457816	-1.7021	-0.594399	-0.359737	-1.92843	1.62638	1.42119	-0.111721	-0.395904	-0.107259	-1.65567	-0.710841	
0.467653	1.85725	0.898629	-0.380281	-1.67369	-0.555394	-0.385466	-1.93657	1.65889	1.35653	-0.14857	-0.438203	-0.070601	-1.62605	-0.733888	
0.522203	1.7549	0.913701	-0.302747	-1.64528	-0.51639	-0.411194	-1.94472	1.6914	1.29188	-0.185418	-0.480503	-0.0339425	-1.59643	-0.756935	
0.576754	1.65256	0.928772	-0.225213	-1.61687	-0.477385	-0.436923	-1.95286	1.72391	1.22722	-0.222267	-0.522802	0.00271597	-1.56681	-0.779983	
0.631305	1.55021	0.943844	-0.147679	-1.58846	-0.438381	-0.462652	-1.961	1.75642	1.16256	-0.259115	-0.565102	0.0393745	-1.53719	-0.80303	
0.685856	1.44786	0.958915	-0.0701449	-1.56005	-0.399376	-0.488381	-1.96914	1.78893	1.09791	-0.295964	-0.607401	0.0760329	-1.50757	-0.826077	
0.740407	1.34551	0.973987	0.00738928	-1.53164	-0.360372	-0.514109	-1.97728	1.82144	1.03325	-0.332812	-0.6497	0.112691	-1.47795	-0.849124	
0.745081	1.25415	0.985006	-0.00148057	-1.49161	-0.331675	-0.561043	-1.98472	1.81373	0.922759	-0.424823	-0.654882	0.111715	-1.44767	-0.802019	
0.749756	1.16279	0.996024	-0.0103504	-1.45159	-0.302979	-0.607977	-1.99215	1.80602	0.81227	-0.516835	-0.660063	0.110739	-1.41738	-0.754914	
0.75443	1.07142	1.00704	-0.0192202	-1.41156	-0.274282	-0.654911	-1.99958	1.79831	0.70178	-0.608846	-0.665244	0.109763	-1.3871	-0.707809	
0.759105	0.98006	1.01806	-0.0280901	-1.37154	-0.245586	-0.701844	-2.00702	1.7906	0.59129	-0.700857	-0.670425	0.108786	-1.35681	-0.660704	
0.763779	0.888697	1.02908	-0.0369599	-1.33152	-0.216889	-0.748778	-2.01445	1.78289	0.4808	-0.792869	-0.675607	0.10781	-1.32652	-0.613599	
0.768453	0.797334	1.0401	-0.0458298	-1.29149	-0.188193	-0.795712	-2.02189	1.77518	0.370311	-0.88488	-0.680788	0.106834	-1.29624	-0.566494	
0.773128	0.705971	1.05112	-0.0546996	-1.25147	-0.159496	-0.842645	-2.02932	1.76747	0.259821	-0.976891	-0.685969	0.105857	-1.26595	-0.519389	
0.777802	0.614608	1.06214	-0.0635695	-1.21144	-0.130799	-0.889579	-2.03676	1.75977	0.149331	-1.0689	-0.69115	0.104881	-1.23567	-0.472284	
0.782477	0.523245	1.07315	-0.0724393	-1.17142	-0.102103	-0.936513	-2.04419	1.75206	0.0388412	-1.16091	-0.696332	0.103905	-1.20538	-0.425179	
0.787151	0.431882	1.08417	-0.0813091	-1.13139	-0.0734063	-0.983447	-2.05163	1.74435	-0.0716485	-1.25292	-0.701513	0.102929	-1.1751	-0.378074	
0.791826	0.340519	1.09519	-0.090179	-1.09137	-0.0447098	-1.03038	-2.05906	1.73664	-0.182138	-1.34494	-0.706694	0.101952	-1.14481	-0.330969	
0.7965	0.249156	1.10621	-0.0990488	-1.05135	-0.0160132	-1.07731	-2.0665	1.72893	-0.292628	-1.43695	-0.711875	0.100976	-1.11453	-0.283864	
0.801174	0.157793	1.11723	-0.107919	-1.01132	0.0126833	-1.12425	-2.07393	1.72122	-0.403118	-1.52896	-0.717057	0.0999997	-1.08424	-0.236759	
0.805849	0.0664295	1.12825	-0.116788	-0.971297	0.0413799	-1.17118	-2.08137	1.71351	-0.513608	-1.62097	-0.722238	0.0990234	-1.05396	-0.189654	
0.810523	-0.0249336	1.13926	-0.125658	-0.931273	0.0700764	-1.21812	-2.0888	1.7058	-0.624097	-1.71298	-0.727419	0.0980471	-1.02367	-0.142549	
0.815198	-0.116297	1.15028	-0.134528	-0.891249	0.098773	-1.26505	-2.09624	1.69809	-0.734587	-1.80499	-0.7326	0.0970708	-0.993388	-0.0954436	
0.819872	-0.20766	1.1613	-0.143398	-0.851225	0.12747	-1.31198	-2.10367	1.69038	-0.845077	-1.897	-0.737782	0.0960946	-0.963103	-0.0483385	
0.824547	-0.299023	1.17232	-0.152268	-0.811201	0.156166	-1.35892	-2.1111	1.68267	-0.955567	-1.98902	-0.742963	0.0951183	-0.932818	-0.00123348	
0.829221	-0.390386	1.18334	-0.161138	-0.771176	0.184863	-1.40585	-2.11854	1.67496	-1.06606	-2.08103	-0.748144	0.094142	-0.902533	0.0458716	
0.833895	-0.481749	1.19436	-0.170008	-0.731152	0.213559	-1.45278	-2.12597	1.66726	-1.17655	-2.17304	-0.753325	0.0931657	-0.872247	0.0929766	
0.83857	-0.573112	1.20538	-0.178877	-0.691128	0.242256	-1.49972	-2.13341	1.65955	-1.28704	-2.26505	-0.758507	0.0921894	-0.841962	0.140082	
0.843244	-0.664475	1.21639	-0.187747	-0.651104	0.270952	-1.54665	-2.14084	1.65184	-1.39753	-2.35706	-0.763688	0.0912131	-0.811677	0.187187	
0.834789	-0.638904	1.22498	-0.196379	-0.69594	0.242317	-1.48624	-2.0797	1.65975	-1.36851	-2.26415	-0.68169	0.186793	-0.834999	0.24065	
0.826334	-0.613333	1.23357	-0.205011	-0.740777	0.213681	-1.42583	-2.01855	1.66766	-1.3395	-2.17124	-0.599692	0.282374	-0.858321	0.294113	
0.817879	-0.587762	1.24215	-0.213643	-0.785614	0.185045	-1.36543	-1.95741	1.67558	-1.31049	-2.07834	-0.517694	0.377954	-0.881643	0.347576	
0.809423	-0.56219	1.25074	-0.222275	-0.83045	0.15641	-1.30502	-1.89627	1.68349	-1.28148	-1.98543	-0.435696	0.473535	-0.904965	0.401039	
0.800968	-0.536619	1.25933	-0.230907	-0.875287	0.127774	-1.24461	-1.83512	1.6914	-1.25247	-1.89252	-0.353697	0.569115	-0.928288	0.454502	
0.792513	-0.511048	1.26791	-0.239539	-0.920124	0.0991385	-1.1842	-1.77398	1.69932	-1.22346	-1.79961	-0.271699	0.664695	-0.95161	0.507965	
0.784058	-0.485476	1.2765	-0.248172	-0.96496	0.0705029	-1.12379	-1.71283	1.70723	-1.19445	-1.7067	-0.189701	0.760276	-0.974932	0.561428	
0.775603	-0.459905	1.28508	-0.256804	-1.0098	0.0418673	-1.06338	-1.65169	1.71514	-1.16544	-1.6138	-0.107703	0.855856	-0.998254	0.614891	
0.767147	-0.434334	1.29367	-0.265436	-1.05463	0.0132316	-1.00297	-1.59054	1.72306	-1.13643	-1.52089	-0.0257049	0.951436	-1.02158	0.668354	
0.758692	-0.408763	1.30226	-0.274068	-1.09947	-0.015404	-0.942564	-1.5294	1.73097	-1.10741	-1.42798	0.0562932	1.04702	-1.0449	0.721817	
0.750237	-0.383191	1.31084	-0.2827	-1.14431	-0.0440396	-0.882156	-1.46825	1.73888	-1.0784	-1.33507	0.138291	1.1426	-1.06822	0.77528	
0.741782	-0.35762	1.31943	-0.291332	-1.18914	-0.0726753	-0.821747	-1.40711	1.7468	-1.04939	-1.24216	0.220289	1.23818	-1.09154	0.828743	
0.733326	-0.332049	1.32802	-0.299964	-1.23398	-0.101311	-0.761338	-1.34596	1.75471	-1.02038	-1.14925	0.302288	1.33376	-1.11486	0.882206	
0.724871	-0.306478	1.3366	-0.308596	-1.27882	-0.129947	-0.70093	-1.28482	1.76262	-0.99137	-1.05635	0.384286	1.42934	-1.13819	0.935669	
0.716416	-0.280906	1.34519	-0.317228	-1.32365	-0.158582	-0.640521	-1.22367	1.77054	-0.962359	-0.963438	0.466284	1.52492	-1.16151	0.989132	
0.707961	-0.255335	1.35377	-0.32586	-1.36849	-0.187218	-0.580112	-1.16253	1.77845	-0.933348	-0.87053	0.548282	1.6205	-1.18483	1.04259	
0.699506	-0.229764	1.36236	-0.334492	-1.41333	-0.215853	-0.519703	-1.10139	1.78636	-0.904337	-0.777622	0.63028	1.71608	-1.20815	1.09606	
0.69105	-0.204193	1.37095	-0.343124	-1.45816	-0.244489	-0.459295	-1.04024	1.79428	-0.875326	-0.684714	0.712278	1.81166	-1.23147	1.14952	
0.682595	-0.178621	1.37953	-0.351756	-1.503	-0.273125	-0.398886	-0.979097	1.80219	-0.846315	-0.591806	0.794276	1.90724	-1.2548	1.20298	
0.67414	-0.15305	1.38812	-0.360388	-1.54784	-0.30176	-0.338477	-0.917952	1.8101	-0.817304	-0.498898	0.876274	2.00282	-1.27812	1.25645	
0.665685	-0.127479	1.39671	-0.36902	-1.59267	-0.330396	-0.278069	-0.856808	1.81802	-0.788292	-0.40599	0.958273	2.0984	-1.30144	1.30991	
0.657229	-0.101908	1.40529	-0.377652	-1.63751	-0.359032	-0.21766	-0.795663	1.82593	-0.759281	-0.313081	1.04027	2.19398	-1.32476	1.36337	
0.648774	-0.0763364	1.41388	-0.386284	-1.68235	-0.387667	-0.157251	-0.734518	1.83384	-0.73027	-0.220173	1.12227	2.28956	-1.34809	1.41684	
0.640319	-0.0507651	1.42247	-0.394916	-1.72718	-0.416303	-0.0968425	-0.673374	1.84176	-0.701259	-0.127265	1.20427	2.38514	-1.37141	1.4703	
0.631864	-0.0251938	1.43105	-0.403548	-1.77202	-0.444939	-0.0364338	-0.612229	1.84967	-0.672248	-0.0343571	1.28627	2.48072	-1.39473	1.52376	
0.627531	0.0481622	1.38016	-0.447055	-1.77751	-0.41543	-0.0610389	-0.562682	1.79563	-0.58932	0.0687268	1.26396	2.49597	-1.38857	1.5741	
0.623198	0.121518	1.32927	-0.490562	-1.783	-0.385921	-0.085644	-0.513134	1.7416	-0.506392	0.171811	1.24165	2.51122	-1.38241	1.62443	
0.618866	0.194874	1.27839	-0.534069	-1.78849	-0.356412	-0.110249	-0.463586	1.68756	-0.423463	0.274894	1.21934	2.52647	-1.37624	1.67476	
0.614533	0.26823	1.2275	-0.577576	-1.79399	-0.326903	-0.134854	-0.414039	1.63352	-0.340535	0.377978	1.19703	2.54172	-1.37008	1.7251	
0.610201	0.341586	1.17661	-0.621083	-1.79948	-0.297394	-0.159459	-0.364491	1.57949	-0.257607	0.481062	1.17472	2.55697	-1.36392	1.77543	
0.605868	0.414942	1.12572	-0.664589	-1.80497	-0.267885	-0.184064	-0.314943	1.52545	-0.174679	0.584146	1.15241	2.57222	-1.35776	1.82577	
0.601535	0.488298	1.07483	-0.708096	-1.81046	-0.238376	-0.20867	-0.265396	1.47141	-0.0917508	0.68723	1.1301	2.58747	-1.35159	1.8761	
0.597203	0.561654	1.02395	-0.751603	-1.81595	-0.208867	-0.233275	-0.215848	1.41738	-0.00882262	0.790314	1.10779	2.60272	-1.34543	1.92643	
0.59287	0.63501	0.973057	-0.79511	-1.82144	-0.179358	-0.25788	-0.1663	1.36334	0.0741055	0.893398	1.08549	2.61797	-1.33927	1.97677	
0.588537	0.708366	0.922169	-0.838617	-1.82694	-0.149849	-0.282485	-0.116753	1.30931	0.157034	0.996481	1.06318	2.63322	-1.33311	2.0271	
0.584205	0.781723	0.871281	-0.882124	-1.83243	-0.12034	-0.30709	-0.067205	1.25527	0.239962	1.09957	1.04087	2.64847	-1.32695	2.07744	
0.579872	0.855079	0.820392	-0.92563	-1.83792	-0.0908315	-0.331695	-0.0176573	1.20123	0.32289	1.20265	1.01856	2.66372	-1.32078	2.12777	
0.575539	0.928435	0.769504	-0.969137	-1.84341	-0.0613226	-0.3563	0.0318904	1.1472	0.405818	1.30573	0.996251	2.67896	-1.31462	2.1781	
0.571207	1.00179	0.718616	-1.01264	-1.8489	-0.0318137	-0.380905	0.081438	1.09316	0.488746	1.40882	0.973942	2.69421	-1.30846	2.22844	
0.566874	1.07515	0.667727	-1.05615	-1.8544	-0.00230476	-0.405511	0.130986	1.03912	0.571675	1.5119	0.951634	2.70946	-1.3023	2.27877	
0.562541	1.1485	0.616839	-1.09966	-1.85989	0.0272042	-0.430116	0.180533	0.985086	0.654603	1.61498	0.929325	2.72471	-1.29613	2.3291	
0.558209	1.22186	0.565951	-1.14316	-1.86538	0.0567131	-0.454721	0.230081	0.931049	0.737531	1.71807	0.907016	2.73996	-1.28997	2.37944	
0.553876	1.29521	0.515063	-1.18667	-1.87087	0.086222	-0.479326	0.279629	0.877012	0.820459	1.82115	0.884707	2.75521	-1.28381	2.42977	
0.549543	1.36857	0.464174	-1.23018	-1.87636	0.115731	-0.503931	0.329176	0.822976	0.903387	1.92424	0.862399	2.77046	-1.27765	2.48011	
0.545211	1.44193	0.413286	-1.27369	-1.88185	0.14524	-0.528536	0.378724	0.768939	0.986315	2.02732	0.84009	2.78571	-1.27148	2.53044	
0.540878	1.51528	0.362398	-1.31719	-1.88735	0.174749	-0.553141	0.428272	0.714903	1.06924	2.1304	0.817781	2.80096	-1.26532	2.58077	
0.536545	1.58864	0.31151	-1.3607	-1.89284	0.204258	-0.577746	0.477819	0.660866	1.15217	2.23349	0.795472	2.81621	-1.25916	2.63111	
0.532213	1.66199	0.260621	-1.40421	-1.89833	0.233767	-0.602351	0.527367	0.60683	1.2351	2.33657	0.773164	2.83146	-1.253	2.68144	
0.52788	1.73535	0.209733	-1.44771	-1.90382	0.263275	-0.626957	0.576915	0.552793	1.31803	2.43966	0.750855	2.84671	-1.24684	2.73178	
0.523548	1.80871	0.158845	-1.49122	-1.90931	0.292784	-0.651562	0.626462	0.498757	1.40096	2.54274	0.728546	2.86196	-1.24067	2.78211	
0.519215	1.88206	0.107956	-1.53473	-1.9148	0.322293	-0.676167	0.67601	0.44472	1.48388	2.64582	0.706237	2.87721	-1.23451	2.83244	
0.514882	1.95542	0.0570682	-1.57823	-1.9203	0.351802	-0.700772	0.725558	0.390683	1.56681	2.74891	0.683928	2.89246	-1.22835	2.88278	
0.51055	2.02878	0.00617995	-1.62174	-1.92579	0.381311	-0.725377	0.775105	0.336647	1.64974	2.85199	0.66162	2.90771	-1.22219	2.93311	
0.506217	2.10213	-0.0447083	-1.66525	-1.93128	0.41082	-0.749982	0.824653	0.28261	1.73267	2.95507	0.639311	2.92296	-1.21602	2.98345	
0.501884	2.17549	-0.0955966	-1.70875	-1.93677	0.440329	-0.774587	0.874201	0.228574	1.8156	3.05816	0.617002	2.93821	-1.20986	3.03378	
