0.501108	2.22796	-0.543603	-1.36357	-1.9364	1.01402	-1.13042	-2.74647	-0.0336104	1.90828	0.798275	-0.619269	0.838234	-1.30724	-0.420517	
0.521501	2.16324	-0.588181	-1.34955	-1.91384	0.973663	-1.1156	-2.65853	-0.00909137	1.89985	0.725558	-0.606277	0.810288	-1.29597	-0.428498	
0.541895	2.09851	-0.632758	-1.33553	-1.89128	0.933308	-1.10079	-2.57059	0.0154276	1.89142	0.652841	-0.593285	0.782342	-1.28469	-0.436479	
0.562289	2.03379	-0.677336	-1.32151	-1.86872	0.892952	-1.08597	-2.48265	0.0399467	1.88299	0.580124	-0.580293	0.754397	-1.27342	-0.44446	
0.587069	1.96336	-0.724397	-1.30956	-1.85237	0.839087	-1.08104	-2.38	0.0623431	1.88291	0.493177	-0.578465	0.718071	-1.26253	-0.448884	
0.611849	1.89293	-0.771458	-1.29761	-1.83602	0.785221	-1.07611	-2.27735	0.0847396	1.88284	0.406231	-0.576637	0.681746	-1.25164	-0.453308	
0.636629	1.8225	-0.818519	-1.28565	-1.81968	0.731356	-1.07119	-2.1747	0.107136	1.88276	0.319284	-0.57481	0.64542	-1.24075	-0.457733	
0.653501	1.772	-0.826365	-1.29511	-1.81177	0.650141	-1.0512	-2.07279	0.149788	1.88651	0.223445	-0.576633	0.583029	-1.22866	-0.460062	
0.670373	1.72151	-0.834211	-1.30458	-1.80387	0.568925	-1.03122	-1.97088	0.19244	1.89026	0.127605	-0.578456	0.520638	-1.21658	-0.462392	
0.649163	1.76206	-0.755891	-1.34877	-1.82252	0.497213	-0.977388	-1.96223	0.255842	1.89347	0.0968693	-0.56062	0.457213	-1.22917	-0.472466	
0.627953	1.80262	-0.67757	-1.39296	-1.84116	0.425501	-0.923555	-1.95359	0.319244	1.89668	0.0661334	-0.542784	0.393788	-1.24176	-0.48254	
0.611571	1.83563	-0.61543	-1.4172	-1.85718	0.377414	-0.882997	-1.95361	0.363132	1.8959	0.0520547	-0.532071	0.353074	-1.24916	-0.488085	
0.595189	1.86864	-0.553289	-1.44144	-1.8732	0.329327	-0.84244	-1.95364	0.407021	1.89512	0.0379761	-0.521358	0.31236	-1.25656	-0.493629	
0.569704	1.92205	-0.458567	-1.4614	-1.90415	0.250647	-0.786291	-1.95215	0.472875	1.89115	0.0191093	-0.509121	0.25179	-1.27505	-0.504269	
0.54422	1.97546	-0.363845	-1.48136	-1.9351	0.171966	-0.730142	-1.95066	0.538729	1.88719	0.000242413	-0.496884	0.191219	-1.29354	-0.514909	
0.517462	2.0258	-0.265628	-1.49111	-1.96968	0.0887059	-0.671981	-1.94796	0.613595	1.88469	-0.0166574	-0.485421	0.132003	-1.31173	-0.527224	
0.501649	2.05994	-0.210069	-1.48958	-1.98865	0.0367544	-0.640766	-1.9459	0.653453	1.87837	-0.027079	-0.480476	0.0969559	-1.32862	-0.534965	
0.485836	2.09408	-0.154511	-1.48805	-2.00762	-0.015197	-0.60955	-1.94385	0.693312	1.87204	-0.0375006	-0.475531	0.061909	-1.34551	-0.542707	
0.465122	2.12618	-0.0837168	-1.46307	-2.03254	-0.0833317	-0.571938	-1.93933	0.758142	1.86715	-0.0457622	-0.469019	0.0237372	-1.36475	-0.554677	
0.447049	2.15253	-0.022098	-1.4388	-2.05436	-0.142694	-0.539399	-1.93517	0.816359	1.86345	-0.0523143	-0.463273	-0.00864528	-1.38098	-0.565322	
0.43062	2.17643	0.0338858	-1.41657	-2.07415	-0.196665	-0.509834	-1.93139	0.869339	1.86007	-0.0582461	-0.45805	-0.0380307	-1.39573	-0.57501	
0.41512	2.19984	0.0858285	-1.39404	-2.09092	-0.248049	-0.482102	-1.92778	0.918455	1.85526	-0.064102	-0.453244	-0.0654614	-1.41097	-0.584187	
0.396019	2.23356	0.14252	-1.3457	-2.09241	-0.315616	-0.451161	-1.92291	0.974113	1.83496	-0.0721408	-0.447557	-0.0949467	-1.44142	-0.595944	
0.379237	2.24786	0.198772	-1.28766	-2.09604	-0.372771	-0.429716	-1.91837	1.03834	1.82612	-0.0722704	-0.438847	-0.116075	-1.46068	-0.606517	
0.364766	2.25941	0.247612	-1.23681	-2.09928	-0.421942	-0.411518	-1.91443	1.09452	1.81896	-0.0720249	-0.431146	-0.134049	-1.4769	-0.615647	
0.355406	2.26686	0.279196	-1.2039	-2.10134	-0.453733	-0.399742	-1.91188	1.13087	1.8143	-0.0718681	-0.426157	-0.145655	-1.4874	-0.621563	
0.344363	2.27592	0.316127	-1.16479	-2.10159	-0.490949	-0.385321	-1.90854	1.17347	1.80714	-0.0721274	-0.420163	-0.158918	-1.50082	-0.628874	
0.335016	2.28433	0.34729	-1.12499	-2.07924	-0.519989	-0.369603	-1.90331	1.20881	1.78516	-0.0751948	-0.412992	-0.165697	-1.52199	-0.637608	
0.329112	2.28307	0.376893	-1.08896	-2.06657	-0.540134	-0.36567	-1.90272	1.23769	1.7767	-0.0717153	-0.405762	-0.170301	-1.53219	-0.64031	
0.321967	2.28087	0.413758	-1.04421	-2.05139	-0.564703	-0.36154	-1.90229	1.27333	1.76703	-0.0669362	-0.396731	-0.175908	-1.5442	-0.643284	
0.317717	2.27954	0.435707	-1.01757	-2.04237	-0.579319	-0.359098	-1.90204	1.29454	1.76129	-0.0640806	-0.391353	-0.179243	-1.55134	-0.645046	
0.315528	2.27886	0.447015	-1.00385	-2.03772	-0.586849	-0.357841	-1.90191	1.30547	1.75834	-0.0626089	-0.388583	-0.180962	-1.55501	-0.645953	
0.313547	2.27824	0.45725	-0.991423	-2.03351	-0.593664	-0.356703	-1.9018	1.31536	1.75567	-0.0612768	-0.386075	-0.182517	-1.55834	-0.646774	
0.310243	2.27721	0.474317	-0.97071	-2.0265	-0.605028	-0.354806	-1.9016	1.33185	1.75121	-0.0590557	-0.381893	-0.18511	-1.56388	-0.648143	
0.308562	2.27668	0.482999	-0.960172	-2.02293	-0.610809	-0.353841	-1.9015	1.34024	1.74894	-0.0579257	-0.379766	-0.186429	-1.56671	-0.64884	
0.30691	2.27617	0.491521	-0.949841	-2.01939	-0.616467	-0.352871	-1.90139	1.34848	1.74667	-0.0568345	-0.377675	-0.18771	-1.5695	-0.649543	
0.302987	2.27487	0.511763	-0.925892	-2.00948	-0.629088	-0.34981	-1.90052	1.36814	1.7398	-0.0548598	-0.372626	-0.190216	-1.57709	-0.65183	
0.299561	2.27201	0.532943	-0.907759	-1.98464	-0.632766	-0.340291	-1.89483	1.38703	1.71879	-0.0581833	-0.366652	-0.187546	-1.59345	-0.658946	
0.29736	2.2672	0.557423	-0.884813	-1.96859	-0.639936	-0.338414	-1.89587	1.40214	1.70876	-0.0551945	-0.360773	-0.188866	-1.60247	-0.658676	
0.294157	2.25984	0.594398	-0.850015	-1.94525	-0.65097	-0.336213	-1.89797	1.42449	1.6946	-0.0502056	-0.351965	-0.191167	-1.61541	-0.657678	
0.292583	2.25621	0.612599	-0.832883	-1.93377	-0.656405	-0.335138	-1.89901	1.43549	1.68765	-0.0477427	-0.347631	-0.192305	-1.62177	-0.657177	
0.291298	2.25325	0.627445	-0.818909	-1.9244	-0.660838	-0.334263	-1.89986	1.44446	1.68198	-0.0457331	-0.344095	-0.193233	-1.62695	-0.656768	
0.290637	2.25172	0.635096	-0.811708	-1.91958	-0.663122	-0.333812	-1.90029	1.44908	1.67905	-0.0446974	-0.342273	-0.193711	-1.62963	-0.656558	
0.289538	2.24919	0.647799	-0.799752	-1.91157	-0.666916	-0.333063	-1.90102	1.45675	1.6742	-0.0429779	-0.339248	-0.194505	-1.63406	-0.656208	
0.288588	2.247	0.658782	-0.789414	-1.90464	-0.670195	-0.332416	-1.90165	1.46339	1.67001	-0.0414912	-0.336633	-0.195192	-1.6379	-0.655905	
0.287698	2.24495	0.669066	-0.779734	-1.89816	-0.673266	-0.33181	-1.90224	1.4696	1.66608	-0.040099	-0.334184	-0.195835	-1.64149	-0.655622	
0.287266	2.24396	0.67406	-0.775033	-1.89501	-0.674758	-0.331515	-1.90252	1.47262	1.66417	-0.039423	-0.332994	-0.196147	-1.64324	-0.655485	
0.286877	2.24306	0.678559	-0.770799	-1.89217	-0.676101	-0.33125	-1.90278	1.47533	1.66245	-0.0388141	-0.331923	-0.196428	-1.64481	-0.655361	
0.286481	2.24215	0.683137	-0.76649	-1.88928	-0.677468	-0.33098	-1.90304	1.4781	1.6607	-0.0381944	-0.330833	-0.196715	-1.64641	-0.655235	
0.285867	2.24073	0.690232	-0.759812	-1.88481	-0.679586	-0.330562	-1.90345	1.48239	1.65799	-0.037234	-0.329143	-0.197158	-1.64888	-0.655039	
0.285515	2.23992	0.694311	-0.755972	-1.88224	-0.680805	-0.330321	-1.90368	1.48485	1.65643	-0.0366818	-0.328172	-0.197413	-1.65031	-0.654927	
0.284956	2.23863	0.700769	-0.749893	-1.87816	-0.682733	-0.329941	-1.90405	1.48875	1.65396	-0.0358075	-0.326634	-0.197817	-1.65256	-0.654749	
0.284455	2.23748	0.706557	-0.744446	-1.87451	-0.684461	-0.3296	-1.90438	1.49225	1.65175	-0.0350241	-0.325256	-0.198179	-1.65459	-0.65459	
0.284207	2.23691	0.709427	-0.741745	-1.8727	-0.685318	-0.32943	-1.90455	1.49398	1.65066	-0.0346357	-0.324572	-0.198358	-1.65559	-0.654511	
0.283973	2.23637	0.712127	-0.739203	-1.871	-0.686125	-0.329271	-1.9047	1.49561	1.64963	-0.0342701	-0.323929	-0.198527	-1.65653	-0.654436	
0.283583	2.23547	0.716644	-0.734951	-1.86815	-0.687473	-0.329005	-1.90496	1.49834	1.6479	-0.0336587	-0.322853	-0.19881	-1.65811	-0.654312	
0.283384	2.23501	0.718939	-0.732791	-1.8667	-0.688159	-0.32887	-1.90509	1.49973	1.64702	-0.033348	-0.322307	-0.198953	-1.65891	-0.654249	
0.283205	2.2346	0.721012	-0.73084	-1.8654	-0.688778	-0.328747	-1.90521	1.50098	1.64623	-0.0330674	-0.321813	-0.199083	-1.65964	-0.654192	
0.283036	2.23421	0.722968	-0.728998	-1.86416	-0.689362	-0.328632	-1.90532	1.50216	1.64548	-0.0328026	-0.321347	-0.199205	-1.66032	-0.654138	
0.282862	2.23381	0.724968	-0.727136	-1.86287	-0.689935	-0.328495	-1.90542	1.50338	1.64468	-0.0325517	-0.32087	-0.199312	-1.66104	-0.654104	
0.282448	2.23283	0.729565	-0.723608	-1.85884	-0.690338	-0.327477	-1.90494	1.50629	1.64156	-0.0326719	-0.319727	-0.198941	-1.66367	-0.654743	
0.282078	2.231	0.735111	-0.7267	-1.84465	-0.68208	-0.319787	-1.89857	1.50986	1.62645	-0.038922	-0.318015	-0.193081	-1.67543	-0.66144	
0.281769	2.22699	0.751636	-0.715418	-1.83305	-0.682556	-0.316557	-1.8998	1.51531	1.6179	-0.0375541	-0.31429	-0.193378	-1.6833	-0.660294	
0.281513	2.22355	0.765886	-0.705392	-1.82349	-0.683331	-0.314059	-1.90116	1.51994	1.61107	-0.0360834	-0.311098	-0.193894	-1.68969	-0.658997	
0.28136	2.22148	0.774472	-0.69934	-1.81775	-0.683811	-0.312563	-1.90198	1.52273	1.60696	-0.0351873	-0.309175	-0.194213	-1.69353	-0.658206	
0.281286	2.22049	0.778614	-0.69642	-1.81498	-0.684043	-0.311842	-1.90238	1.52407	1.60499	-0.0347547	-0.308248	-0.194367	-1.69538	-0.657824	
0.281219	2.21959	0.782333	-0.693799	-1.81249	-0.684251	-0.311195	-1.90274	1.52528	1.60321	-0.0343661	-0.307415	-0.194506	-1.69704	-0.65748	
0.281156	2.21874	0.785842	-0.691325	-1.81015	-0.684448	-0.310584	-1.90308	1.52642	1.60154	-0.0339995	-0.306629	-0.194637	-1.69861	-0.657157	
0.281097	2.21794	0.789162	-0.688985	-1.80793	-0.684634	-0.310006	-1.9034	1.5275	1.59995	-0.0336527	-0.305886	-0.19476	-1.70009	-0.65685	
0.281041	2.21719	0.792303	-0.686771	-1.80583	-0.68481	-0.309459	-1.9037	1.52852	1.59845	-0.0333246	-0.305182	-0.194877	-1.70149	-0.65656	
0.280988	2.21647	0.795274	-0.684676	-1.80384	-0.684976	-0.308942	-1.90399	1.52948	1.59703	-0.0330142	-0.304517	-0.194988	-1.70282	-0.656286	
0.280938	2.21579	0.798092	-0.68269	-1.80196	-0.685134	-0.308451	-1.90426	1.5304	1.59569	-0.0327198	-0.303886	-0.195093	-1.70408	-0.656026	
0.280886	2.2151	0.800966	-0.680664	-1.80003	-0.685295	-0.307951	-1.90453	1.53133	1.59431	-0.0324195	-0.303242	-0.1952	-1.70536	-0.655761	
0.280805	2.214	0.805527	-0.677448	-1.79698	-0.68555	-0.307157	-1.90497	1.53281	1.59214	-0.0319431	-0.302221	-0.19537	-1.7074	-0.65534	
0.280726	2.21294	0.809909	-0.67436	-1.79405	-0.685796	-0.306394	-1.9054	1.53423	1.59004	-0.0314853	-0.30124	-0.195534	-1.70936	-0.654935	
0.280688	2.21243	0.812038	-0.672859	-1.79263	-0.685915	-0.306024	-1.9056	1.53492	1.58903	-0.0312629	-0.300763	-0.195613	-1.71031	-0.654739	
0.280654	2.21197	0.813951	-0.67151	-1.79135	-0.686022	-0.305691	-1.90579	1.53555	1.58811	-0.031063	-0.300335	-0.195684	-1.71117	-0.654562	
0.280622	2.21153	0.815757	-0.670238	-1.79014	-0.686123	-0.305376	-1.90596	1.53613	1.58725	-0.0308744	-0.29993	-0.195752	-1.71197	-0.654396	
0.280591	2.21112	0.817468	-0.669031	-1.789	-0.686219	-0.305079	-1.90612	1.53669	1.58644	-0.0306957	-0.299547	-0.195815	-1.71274	-0.654238	
0.28056	2.2107	0.819214	-0.667801	-1.78783	-0.686317	-0.304775	-1.90629	1.53725	1.5856	-0.0305133	-0.299156	-0.19588	-1.71352	-0.654077	
0.280512	2.21005	0.821919	-0.665894	-1.78602	-0.686468	-0.304304	-1.90655	1.53813	1.58431	-0.0302307	-0.29855	-0.195981	-1.71473	-0.653827	
0.280485	2.20969	0.823412	-0.664841	-1.78503	-0.686552	-0.304044	-1.9067	1.53862	1.5836	-0.0300747	-0.298216	-0.196037	-1.71539	-0.653689	
0.280462	2.20938	0.824716	-0.663922	-1.78415	-0.686625	-0.303817	-1.90682	1.53904	1.58297	-0.0299385	-0.297924	-0.196086	-1.71598	-0.653569	
0.28044	2.20908	0.825944	-0.663057	-1.78333	-0.686694	-0.303603	-1.90694	1.53944	1.58239	-0.0298102	-0.297649	-0.196131	-1.71652	-0.653455	
0.280417	2.20878	0.827195	-0.662174	-1.7825	-0.686764	-0.303385	-1.90706	1.53984	1.58179	-0.0296794	-0.297369	-0.196178	-1.71708	-0.65334	
0.280383	2.20831	0.829138	-0.660805	-1.7812	-0.686873	-0.303047	-1.90725	1.54048	1.58086	-0.0294765	-0.296934	-0.19625	-1.71795	-0.653161	
0.280362	2.20803	0.83029	-0.659993	-1.78043	-0.686937	-0.302847	-1.90736	1.54085	1.58031	-0.0293562	-0.296676	-0.196293	-1.71847	-0.653054	
0.280331	2.20762	0.83201	-0.65878	-1.77928	-0.687033	-0.302547	-1.90753	1.54141	1.57949	-0.0291765	-0.296291	-0.196357	-1.71923	-0.652896	
0.280304	2.20724	0.833557	-0.65769	-1.77824	-0.68712	-0.302278	-1.90767	1.54191	1.57875	-0.0290149	-0.295944	-0.196415	-1.71993	-0.652753	
0.280289	2.20705	0.834374	-0.657114	-1.7777	-0.687166	-0.302136	-1.90775	1.54217	1.57836	-0.0289295	-0.295761	-0.196445	-1.72029	-0.652677	
0.280276	2.20688	0.835083	-0.656614	-1.77722	-0.687206	-0.302012	-1.90782	1.54241	1.57802	-0.0288554	-0.295603	-0.196472	-1.72061	-0.652612	
0.280265	2.20672	0.83575	-0.656144	-1.77677	-0.687243	-0.301896	-1.90789	1.54262	1.57771	-0.0287857	-0.295453	-0.196497	-1.72091	-0.65255	
0.280251	2.20654	0.836483	-0.655627	-1.77628	-0.687284	-0.301768	-1.90796	1.54286	1.57736	-0.0287092	-0.295289	-0.196524	-1.72123	-0.652483	
0.280216	2.20605	0.838495	-0.654209	-1.77494	-0.687397	-0.301418	-1.90815	1.54351	1.5764	-0.028499	-0.294839	-0.196599	-1.72213	-0.652297	
0.280198	2.20582	0.839476	-0.653517	-1.77428	-0.687452	-0.301247	-1.90824	1.54383	1.57593	-0.0283965	-0.294619	-0.196636	-1.72257	-0.652207	
0.28019	2.20571	0.839931	-0.653197	-1.77398	-0.687477	-0.301168	-1.90829	1.54398	1.57571	-0.028349	-0.294517	-0.196653	-1.72277	-0.652165	
0.280182	2.2056	0.840369	-0.652888	-1.77369	-0.687502	-0.301092	-1.90833	1.54412	1.5755	-0.0283032	-0.294419	-0.196669	-1.72297	-0.652124	
0.28017	2.20544	0.841046	-0.652411	-1.77323	-0.687539	-0.300974	-1.9084	1.54434	1.57518	-0.0282325	-0.294267	-0.196694	-1.72327	-0.652062	
0.280163	2.20535	0.84142	-0.652147	-1.77298	-0.68756	-0.300909	-1.90843	1.54446	1.575	-0.0281934	-0.294184	-0.196708	-1.72344	-0.652027	
0.280157	2.20526	0.841772	-0.651899	-1.77275	-0.68758	-0.300848	-1.90847	1.54458	1.57483	-0.0281566	-0.294105	-0.196721	-1.7236	-0.651995	
0.280147	2.20513	0.842314	-0.651516	-1.77239	-0.687611	-0.300753	-1.90852	1.54475	1.57457	-0.0281	-0.293983	-0.196741	-1.72384	-0.651945	
0.280142	2.20506	0.842614	-0.651305	-1.77219	-0.687627	-0.300701	-1.90855	1.54485	1.57443	-0.0280687	-0.293916	-0.196753	-1.72397	-0.651917	
0.280137	2.205	0.842887	-0.651113	-1.772	-0.687643	-0.300654	-1.90857	1.54494	1.5743	-0.0280402	-0.293855	-0.196763	-1.72409	-0.651892	
0.280129	2.20489	0.843341	-0.650793	-1.7717	-0.687668	-0.300575	-1.90862	1.54509	1.57408	-0.0279927	-0.293753	-0.19678	-1.7243	-0.65185	
0.280125	2.20483	0.843582	-0.650623	-1.77154	-0.687681	-0.300533	-1.90864	1.54516	1.57397	-0.0279676	-0.2937	-0.196789	-1.7244	-0.651828	
0.280118	2.20474	0.843967	-0.650351	-1.77128	-0.687703	-0.300466	-1.90868	1.54529	1.57378	-0.0279273	-0.293613	-0.196803	-1.72458	-0.651792	
0.280114	2.20469	0.844178	-0.650203	-1.77114	-0.687715	-0.300429	-1.9087	1.54536	1.57368	-0.0279053	-0.293566	-0.196811	-1.72467	-0.651773	
0.280108	2.20461	0.844489	-0.649983	-1.77093	-0.687732	-0.300375	-1.90873	1.54546	1.57353	-0.0278727	-0.293496	-0.196823	-1.72481	-0.651744	
0.280105	2.20457	0.844662	-0.649862	-1.77082	-0.687742	-0.300345	-1.90874	1.54551	1.57345	-0.0278547	-0.293458	-0.196829	-1.72489	-0.651728	
0.280102	2.20453	0.844824	-0.649747	-1.77071	-0.687751	-0.300316	-1.90876	1.54557	1.57337	-0.0278378	-0.293421	-0.196835	-1.72496	-0.651713	
0.280098	2.20447	0.845073	-0.649572	-1.77054	-0.687765	-0.300273	-1.90878	1.54565	1.57325	-0.0278117	-0.293365	-0.196844	-1.72507	-0.65169	
0.280095	2.20444	0.845211	-0.649474	-1.77045	-0.687773	-0.300249	-1.9088	1.54569	1.57319	-0.0277973	-0.293335	-0.196849	-1.72513	-0.651677	
0.280093	2.20441	0.845331	-0.64939	-1.77037	-0.687779	-0.300228	-1.90881	1.54573	1.57313	-0.0277848	-0.293308	-0.196854	-1.72519	-0.651666	
0.280091	2.20438	0.845444	-0.64931	-1.77029	-0.687786	-0.300208	-1.90882	1.54577	1.57308	-0.027773	-0.293282	-0.196858	-1.72524	-0.651656	
0.280089	2.20435	0.845551	-0.649235	-1.77022	-0.687792	-0.30019	-1.90883	1.5458	1.57303	-0.0277618	-0.293258	-0.196862	-1.72528	-0.651646	
0.280088	2.20433	0.845652	-0.649163	-1.77015	-0.687797	-0.300172	-1.90884	1.54584	1.57298	-0.0277513	-0.293236	-0.196866	-1.72533	-0.651637	
0.280086	2.20431	0.845748	-0.649096	-1.77009	-0.687803	-0.300156	-1.90885	1.54587	1.57293	-0.0277412	-0.293214	-0.196869	-1.72537	-0.651628	
0.280084	2.20428	0.845846	-0.649027	-1.77002	-0.687808	-0.300139	-1.90886	1.5459	1.57289	-0.027731	-0.293192	-0.196873	-1.72542	-0.651619	
0.280081	2.20425	0.845997	-0.64892	-1.76992	-0.687817	-0.300112	-1.90887	1.54595	1.57281	-0.0277152	-0.293159	-0.196879	-1.72548	-0.651605	
0.28008	2.20423	0.846084	-0.648859	-1.76986	-0.687822	-0.300097	-1.90888	1.54598	1.57277	-0.0277061	-0.293139	-0.196882	-1.72552	-0.651597	
0.280077	2.20419	0.846219	-0.648764	-1.76977	-0.687829	-0.300074	-1.90889	1.54602	1.57271	-0.027692	-0.293109	-0.196887	-1.72558	-0.651584	
0.280076	2.20418	0.846287	-0.648716	-1.76973	-0.687833	-0.300062	-1.9089	1.54604	1.57267	-0.0276849	-0.293094	-0.19689	-1.72561	-0.651578	
0.280075	2.20416	0.846349	-0.648672	-1.76969	-0.687836	-0.300051	-1.90891	1.54606	1.57265	-0.0276785	-0.29308	-0.196892	-1.72564	-0.651572	
0.280074	2.20415	0.846407	-0.648631	-1.76965	-0.68784	-0.300041	-1.90891	1.54608	1.57262	-0.0276724	-0.293067	-0.196894	-1.72567	-0.651567	
0.280073	2.20413	0.846462	-0.648593	-1.76961	-0.687843	-0.300031	-1.90892	1.5461	1.57259	-0.0276667	-0.293055	-0.196896	-1.72569	-0.651562	
0.280072	2.20412	0.846514	-0.648556	-1.76958	-0.687846	-0.300022	-1.90892	1.54612	1.57257	-0.0276613	-0.293043	-0.196898	-1.72571	-0.651557	
0.280071	2.20411	0.846563	-0.648521	-1.76954	-0.687848	-0.300014	-1.90893	1.54613	1.57254	-0.0276561	-0.293032	-0.1969	-1.72574	-0.651552	
0.28007	2.2041	0.84661	-0.648489	-1.76951	-0.687851	-0.300006	-1.90893	1.54615	1.57252	-0.0276513	-0.293021	-0.196902	-1.72576	-0.651548	
0.28007	2.20409	0.846654	-0.648458	-1.76948	-0.687854	-0.299998	-1.90894	1.54616	1.5725	-0.0276467	-0.293012	-0.196903	-1.72578	-0.651544	
0.280069	2.20408	0.846695	-0.648428	-1.76946	-0.687856	-0.299991	-1.90894	1.54617	1.57248	-0.0276423	-0.293002	-0.196905	-1.7258	-0.65154	
0.280068	2.20407	0.846735	-0.648401	-1.76943	-0.687858	-0.299984	-1.90894	1.54619	1.57246	-0.0276382	-0.292993	-0.196906	-1.72581	-0.651537	
0.280068	2.20406	0.846774	-0.648373	-1.7694	-0.68786	-0.299977	-1.90895	1.5462	1.57244	-0.0276341	-0.292985	-0.196908	-1.72583	-0.651533	
0.280066	2.20404	0.846843	-0.648324	-1.76936	-0.687864	-0.299965	-1.90895	1.54622	1.57241	-0.0276269	-0.292969	-0.19691	-1.72586	-0.651527	
0.280065	2.20402	0.846928	-0.648264	-1.7693	-0.687869	-0.29995	-1.90896	1.54625	1.57237	-0.0276179	-0.29295	-0.196913	-1.7259	-0.651519	
0.280064	2.20401	0.846982	-0.648226	-1.76926	-0.687872	-0.299941	-1.90897	1.54627	1.57234	-0.0276124	-0.292938	-0.196915	-1.72592	-0.651514	
0.280063	2.204	0.847027	-0.648194	-1.76923	-0.687874	-0.299933	-1.90897	1.54628	1.57232	-0.0276076	-0.292928	-0.196917	-1.72594	-0.65151	
0.280063	2.20399	0.84705	-0.648178	-1.76922	-0.687876	-0.299929	-1.90897	1.54629	1.57231	-0.0276052	-0.292923	-0.196918	-1.72595	-0.651508	
0.280062	2.20399	0.84707	-0.648164	-1.76921	-0.687877	-0.299925	-1.90898	1.5463	1.5723	-0.0276031	-0.292918	-0.196919	-1.72596	-0.651506	
0.280062	2.20398	0.84709	-0.64815	-1.76919	-0.687878	-0.299922	-1.90898	1.5463	1.57229	-0.0276011	-0.292914	-0.196919	-1.72597	-0.651504	
0.280062	2.20398	0.847108	-0.648138	-1.76918	-0.687879	-0.299919	-1.90898	1.54631	1.57228	-0.0275992	-0.29291	-0.19692	-1.72598	-0.651502	
0.280061	2.20397	0.847125	-0.648125	-1.76917	-0.68788	-0.299916	-1.90898	1.54631	1.57227	-0.0275974	-0.292906	-0.196921	-1.72599	-0.651501	
0.280061	2.20397	0.847141	-0.648114	-1.76916	-0.687881	-0.299913	-1.90898	1.54632	1.57227	-0.0275957	-0.292902	-0.196921	-1.726	-0.651499	
0.280061	2.20397	0.847156	-0.648103	-1.76915	-0.687882	-0.29991	-1.90898	1.54632	1.57226	-0.0275941	-0.292899	-0.196922	-1.726	-0.651498	
0.28006	2.20396	0.847171	-0.648093	-1.76914	-0.687883	-0.299908	-1.90899	1.54633	1.57225	-0.0275926	-0.292896	-0.196922	-1.72601	-0.651496	
0.28006	2.20396	0.847185	-0.648083	-1.76913	-0.687883	-0.299905	-1.90899	1.54633	1.57225	-0.0275912	-0.292893	-0.196923	-1.72601	-0.651495	
0.28006	2.20396	0.847198	-0.648074	-1.76912	-0.687884	-0.299903	-1.90899	1.54634	1.57224	-0.0275898	-0.29289	-0.196923	-1.72602	-0.651494	
0.28006	2.20395	0.84721	-0.648065	-1.76911	-0.687885	-0.299901	-1.90899	1.54634	1.57223	-0.0275885	-0.292887	-0.196924	-1.72603	-0.651493	
0.28006	2.20395	0.847222	-0.648057	-1.7691	-0.687885	-0.299899	-1.90899	1.54635	1.57223	-0.0275873	-0.292884	-0.196924	-1.72603	-0.651492	
0.280059	2.20395	0.847233	-0.648049	-1.7691	-0.687886	-0.299897	-1.90899	1.54635	1.57222	-0.0275862	-0.292882	-0.196925	-1.72604	-0.651491	
0.280059	2.20395	0.847244	-0.648042	-1.76909	-0.687887	-0.299895	-1.90899	1.54635	1.57222	-0.027585	-0.292879	-0.196925	-1.72604	-0.65149	
0.280059	2.20394	0.84727	-0.648023	-1.76907	-0.687888	-0.299891	-1.909	1.54636	1.57221	-0.0275823	-0.292874	-0.196926	-1.72605	-0.651487	
0.280059	2.20394	0.847279	-0.648017	-1.76907	-0.687889	-0.299889	-1.909	1.54636	1.5722	-0.0275813	-0.292871	-0.196926	-1.72606	-0.651486	
0.280058	2.20394	0.847288	-0.64801	-1.76906	-0.687889	-0.299887	-1.909	1.54637	1.5722	-0.0275804	-0.29287	-0.196927	-1.72606	-0.651486	
0.280058	2.20393	0.847301	-0.648001	-1.76905	-0.68789	-0.299885	-1.909	1.54637	1.57219	-0.027579	-0.292867	-0.196927	-1.72607	-0.651484	
0.280058	2.20393	0.847308	-0.647996	-1.76905	-0.68789	-0.299884	-1.909	1.54637	1.57219	-0.0275782	-0.292865	-0.196928	-1.72607	-0.651484	
0.280058	2.20393	0.847315	-0.647991	-1.76904	-0.687891	-0.299883	-1.909	1.54638	1.57218	-0.0275776	-0.292863	-0.196928	-1.72607	-0.651483	
0.280058	2.20393	0.847326	-0.647984	-1.76903	-0.687891	-0.299881	-1.909	1.54638	1.57218	-0.0275764	-0.292861	-0.196928	-1.72608	-0.651482	
0.280058	2.20392	0.847332	-0.64798	-1.76903	-0.687892	-0.29988	-1.909	1.54638	1.57218	-0.0275758	-0.29286	-0.196928	-1.72608	-0.651482	
0.280058	2.20392	0.847337	-0.647976	-1.76903	-0.687892	-0.299879	-1.909	1.54638	1.57217	-0.0275753	-0.292859	-0.196929	-1.72608	-0.651481	
0.280057	2.20392	0.847342	-0.647973	-1.76902	-0.687892	-0.299878	-1.909	1.54638	1.57217	-0.0275748	-0.292858	-0.196929	-1.72608	-0.651481	
0.280057	2.20392	0.847346	-0.647969	-1.76902	-0.687892	-0.299877	-1.909	1.54639	1.57217	-0.0275743	-0.292856	-0.196929	-1.72609	-0.65148	
0.280057	2.20392	0.847351	-0.647966	-1.76902	-0.687893	-0.299877	-1.909	1.54639	1.57217	-0.0275738	-0.292855	-0.196929	-1.72609	-0.65148	
0.280057	2.20392	0.847358	-0.647961	-1.76901	-0.687893	-0.299875	-1.909	1.54639	1.57216	-0.0275731	-0.292854	-0.196929	-1.72609	-0.651479	
0.280057	2.20392	0.847362	-0.647958	-1.76901	-0.687893	-0.299875	-1.909	1.54639	1.57216	-0.0275726	-0.292853	-0.19693	-1.72609	-0.651479	
0.280057	2.20392	0.847369	-0.647954	-1.76901	-0.687894	-0.299873	-1.90901	1.54639	1.57216	-0.027572	-0.292851	-0.19693	-1.7261	-0.651478	
0.280057	2.20391	0.847374	-0.647949	-1.769	-0.687894	-0.299872	-1.90901	1.5464	1.57216	-0.0275713	-0.29285	-0.19693	-1.7261	-0.651478	
0.280057	2.20391	0.847377	-0.647947	-1.769	-0.687894	-0.299872	-1.90901	1.5464	1.57215	-0.027571	-0.29285	-0.19693	-1.7261	-0.651477	
0.280057	2.20391	0.84738	-0.647946	-1.769	-0.687894	-0.299871	-1.90901	1.5464	1.57215	-0.0275708	-0.292849	-0.19693	-1.7261	-0.651477	
0.280057	2.20391	0.847382	-0.647944	-1.769	-0.687894	-0.299871	-1.90901	1.5464	1.57215	-0.0275705	-0.292848	-0.19693	-1.7261	-0.651477	
0.280057	2.20391	0.847385	-0.647942	-1.76899	-0.687894	-0.299871	-1.90901	1.5464	1.57215	-0.0275703	-0.292848	-0.19693	-1.7261	-0.651477	
0.280057	2.20391	0.847387	-0.647941	-1.76899	-0.687895	-0.29987	-1.90901	1.5464	1.57215	-0.02757	-0.292847	-0.196931	-1.7261	-0.651476	
0.280057	2.20391	0.847391	-0.647938	-1.76899	-0.687895	-0.29987	-1.90901	1.5464	1.57215	-0.0275696	-0.292846	-0.196931	-1.72611	-0.651476	
0.280056	2.20391	0.847393	-0.647936	-1.76899	-0.687895	-0.299869	-1.90901	1.5464	1.57215	-0.0275694	-0.292846	-0.196931	-1.72611	-0.651476	
0.280056	2.20391	0.847395	-0.647935	-1.76899	-0.687895	-0.299869	-1.90901	1.5464	1.57215	-0.0275692	-0.292846	-0.196931	-1.72611	-0.651476	
0.280056	2.20391	0.847399	-0.647932	-1.76898	-0.687895	-0.299868	-1.90901	1.5464	1.57214	-0.0275687	-0.292845	-0.196931	-1.72611	-0.651475	
0.280056	2.20391	0.847402	-0.64793	-1.76898	-0.687895	-0.299868	-1.90901	1.5464	1.57214	-0.0275685	-0.292844	-0.196931	-1.72611	-0.651475	
0.280056	2.20391	0.847403	-0.647929	-1.76898	-0.687896	-0.299867	-1.90901	1.5464	1.57214	-0.0275683	-0.292844	-0.196931	-1.72611	-0.651475	
0.280056	2.20391	0.847405	-0.647928	-1.76898	-0.687896	-0.299867	-1.90901	1.5464	1.57214	-0.0275682	-0.292843	-0.196931	-1.72611	-0.651475	
0.280056	2.20391	0.847407	-0.647927	-1.76898	-0.687896	-0.299867	-1.90901	1.54641	1.57214	-0.027568	-0.292843	-0.196931	-1.72611	-0.651475	
0.280056	2.20391	0.847408	-0.647926	-1.76898	-0.687896	-0.299867	-1.90901	1.54641	1.57214	-0.0275678	-0.292843	-0.196931	-1.72611	-0.651474	
0.280056	2.20391	0.84741	-0.647925	-1.76898	-0.687896	-0.299866	-1.90901	1.54641	1.57214	-0.0275677	-0.292842	-0.196931	-1.72612	-0.651474	
0.280056	2.20391	0.847411	-0.647924	-1.76898	-0.687896	-0.299866	-1.90901	1.54641	1.57214	-0.0275676	-0.292842	-0.196931	-1.72612	-0.651474	
0.280056	2.20391	0.847411	-0.647923	-1.76898	-0.687896	-0.299866	-1.90901	1.54641	1.57214	-0.0275675	-0.292842	-0.196931	-1.72612	-0.651474	
0.280056	2.20391	0.847412	-0.647923	-1.76898	-0.687896	-0.299866	-1.90901	1.54641	1.57214	-0.0275674	-0.292842	-0.196931	-1.72612	-0.651474	
0.280056	2.20391	0.847413	-0.647922	-1.76898	-0.687896	-0.299866	-1.90901	1.54641	1.57214	-0.0275673	-0.292842	-0.196931	-1.72612	-0.651474	
0.280056	2.20391	0.847414	-0.647921	-1.76897	-0.687896	-0.299865	-1.90901	1.54641	1.57214	-0.0275672	-0.292841	-0.196932	-1.72612	-0.651474	
0.280056	2.2039	0.847416	-0.64792	-1.76897	-0.687896	-0.299865	-1.90901	1.54641	1.57214	-0.027567	-0.292841	-0.196932	-1.72612	-0.651474	
0.280056	2.2039	0.847417	-0.647919	-1.76897	-0.687896	-0.299865	-1.90901	1.54641	1.57214	-0.0275669	-0.292841	-0.196932	-1.72612	-0.651474	
0.280056	2.2039	0.847418	-0.647919	-1.76897	-0.687896	-0.299865	-1.90901	1.54641	1.57213	-0.0275668	-0.29284	-0.196932	-1.72612	-0.651474	
0.280056	2.2039	0.847418	-0.647919	-1.76897	-0.687896	-0.299865	-1.90901	1.54641	1.57213	-0.0275668	-0.29284	-0.196932	-1.72612	-0.651474	
0.280056	2.2039	0.847419	-0.647918	-1.76897	-0.687896	-0.299865	-1.90901	1.54641	1.57213	-0.0275667	-0.29284	-0.196932	-1.72612	-0.651473	
0.280056	2.2039	0.847419	-0.647918	-1.76897	-0.687896	-0.299865	-1.90901	1.54641	1.57213	-0.0275667	-0.29284	-0.196932	-1.72612	-0.651473	
0.280056	2.2039	0.847419	-0.647918	-1.76897	-0.687896	-0.299865	-1.90901	1.54641	1.57213	-0.0275666	-0.29284	-0.196932	-1.72612	-0.651473	
0.280056	2.2039	0.84742	-0.647917	-1.76897	-0.687896	-0.299865	-1.90901	1.54641	1.57213	-0.0275666	-0.29284	-0.196932	-1.72612	-0.651473	
0.280056	2.2039	0.84742	-0.647917	-1.76897	-0.687896	-0.299864	-1.90901	1.54641	1.57213	-0.0275666	-0.29284	-0.196932	-1.72612	-0.651473	
0.280056	2.2039	0.84742	-0.647917	-1.76897	-0.687896	-0.299864	-1.90901	1.54641	1.57213	-0.0275665	-0.29284	-0.196932	-1.72612	-0.651473	
0.280056	2.2039	0.847421	-0.647917	-1.76897	-0.687897	-0.299864	-1.90901	1.54641	1.57213	-0.0275665	-0.29284	-0.196932	-1.72612	-0.651473	
0.280056	2.2039	0.847421	-0.647917	-1.76897	-0.687897	-0.299864	-1.90901	1.54641	1.57213	-0.0275665	-0.29284	-0.196932	-1.72612	-0.651473	
0.280056	2.2039	0.847421	-0.647916	-1.76897	-0.687897	-0.299864	-1.90901	1.54641	1.57213	-0.0275665	-0.29284	-0.196932	-1.72612	-0.651473	
0.280056	2.2039	0.847422	-0.647916	-1.76897	-0.687897	-0.299864	-1.90901	1.54641	1.57213	-0.0275664	-0.29284	-0.196932	-1.72612	-0.651473	
0.280056	2.2039	0.847422	-0.647916	-1.76897	-0.687897	-0.299864	-1.90901	1.54641	1.57213	-0.0275664	-0.29284	-0.196932	-1.72612	-0.651473	
0.280056	2.2039	0.847422	-0.647916	-1.76897	-0.687897	-0.299864	-1.90901	1.54641	1.57213	-0.0275663	-0.292839	-0.196932	-1.72612	-0.651473	
0.280056	2.2039	0.847423	-0.647916	-1.76897	-0.687897	-0.299864	-1.90901	1.54641	1.57213	-0.0275663	-0.292839	-0.196932	-1.72612	-0.651473	
0.280056	2.2039	0.847423	-0.647915	-1.76897	-0.687897	-0.299864	-1.90901	1.54641	1.57213	-0.0275663	-0.292839	-0.196932	-1.72612	-0.651473	
0.280056	2.2039	0.847423	-0.647915	-1.76897	-0.687897	-0.299864	-1.90901	1.54641	1.57213	-0.0275663	-0.292839	-0.196932	-1.72612	-0.651473	
0.280056	2.2039	0.847423	-0.647915	-1.76897	-0.687897	-0.299864	-1.90901	1.54641	1.57213	-0.0275662	-0.292839	-0.196932	-1.72612	-0.651473	
0.280056	2.2039	0.847424	-0.647915	-1.76897	-0.687897	-0.299864	-1.90901	1.54641	1.57213	-0.0275662	-0.292839	-0.196932	-1.72612	-0.651473	
0.280056	2.2039	0.847424	-0.647915	-1.76897	-0.687897	-0.299864	-1.90901	1.54641	1.57213	-0.0275662	-0.292839	-0.196932	-1.72612	-0.651473	
0.280056	2.2039	0.847424	-0.647915	-1.76897	-0.687897	-0.299864	-1.90901	1.54641	1.57213	-0.0275662	-0.292839	-0.196932	-1.72612	-0.651473	
0.280056	2.2039	0.847424	-0.647915	-1.76897	-0.687897	-0.299864	-1.90901	1.54641	1.57213	-0.0275662	-0.292839	-0.196932	-1.72612	-0.651473	
0.280056	2.2039	0.847424	-0.647915	-1.76897	-0.687897	-0.299864	-1.90901	1.54641	1.57213	-0.0275662	-0.292839	-0.196932	-1.72612	-0.651473	
0.280056	2.2039	0.847424	-0.647914	-1.76897	-0.687897	-0.299864	-1.90901	1.54641	1.57213	-0.0275661	-0.292839	-0.196932	-1.72612	-0.651473	
0.280056	2.2039	0.847424	-0.647914	-1.76897	-0.687897	-0.299864	-1.90901	1.54641	1.57213	-0.0275661	-0.292839	-0.196932	-1.72612	-0.651473	
0.280056	2.2039	0.847424	-0.647914	-1.76897	-0.687897	-0.299864	-1.90901	1.54641	1.57213	-0.0275661	-0.292839	-0.196932	-1.72612	-0.651473	
0.280056	2.2039	0.847425	-0.647914	-1.76897	-0.687897	-0.299864	-1.90901	1.54641	1.57213	-0.0275661	-0.292839	-0.196932	-1.72612	-0.651473	
0.280056	2.2039	0.847425	-0.647914	-1.76897	-0.687897	-0.299864	-1.90901	1.54641	1.57213	-0.0275661	-0.292839	-0.196932	-1.72612	-0.651473	
0.280056	2.2039	0.847425	-0.647914	-1.76897	-0.687897	-0.299864	-1.90901	1.54641	1.57213	-0.0275661	-0.292839	-0.196932	-1.72612	-0.651473	
0.280056	2.2039	0.847425	-0.647914	-1.76897	-0.687897	-0.299864	-1.90901	1.54641	1.57213	-0.0275661	-0.292839	-0.196932	-1.72612	-0.651473	
0.280056	2.2039	0.847425	-0.647914	-1.76897	-0.687897	-0.299864	-1.90901	1.54641	1.57213	-0.0275661	-0.292839	-0.196932	-1.72612	-0.651473	
0.280056	2.2039	0.847425	-0.647914	-1.76897	-0.687897	-0.299864	-1.90901	1.54641	1.57213	-0.0275661	-0.292839	-0.196932	-1.72612	-0.651473	
0.280056	2.2039	0.847425	-0.647914	-1.76897	-0.687897	-0.299864	-1.90901	1.54641	1.57213	-0.0275661	-0.292839	-0.196932	-1.72612	-0.651473	
0.280056	2.2039	0.847425	-0.647914	-1.76897	-0.687897	-0.299864	-1.90901	1.54641	1.57213	-0.0275661	-0.292839	-0.196932	-1.72612	-0.651473	
0.280056	2.2039	0.847425	-0.647914	-1.76897	-0.687897	-0.299864	-1.90901	1.54641	1.57213	-0.0275661	-0.292839	-0.196932	-1.72612	-0.651473	
0.280056	2.2039	0.847425	-0.647914	-1.76897	-0.687897	-0.299864	-1.90901	1.54641	1.57213	-0.027566	-0.292839	-0.196932	-1.72612	-0.651473	
0.280056	2.2039	0.847425	-0.647914	-1.76897	-0.687897	-0.299864	-1.90901	1.54641	1.57213	-0.027566	-0.292839	-0.196932	-1.72612	-0.651473	
0.280056	2.2039	0.847425	-0.647914	-1.76897	-0.687897	-0.299864	-1.90901	1.54641	1.57213	-0.027566	-0.292839	-0.196932	-1.72612	-0.651473	
0.280056	2.2039	0.847425	-0.647914	-1.76897	-0.687897	-0.299864	-1.90901	1.54641	1.57213	-0.027566	-0.292839	-0.196932	-1.72612	-0.651473	
0.280056	2.2039	0.847425	-0.647914	-1.76897	-0.687897	-0.299864	-1.90901	1.54641	1.57213	-0.027566	-0.292839	-0.196932	-1.72612	-0.651473	
0.280056	2.2039	0.847425	-0.647914	-1.76897	-0.687897	-0.299864	-1.90901	1.54641	1.57213	-0.027566	-0.292839	-0.196932	-1.72612	-0.651473	
0.280056	2.2039	0.847425	-0.647913	-1.76897	-0.687897	-0.299864	-1.90901	1.54641	1.57213	-0.027566	-0.292839	-0.196932	-1.72612	-0.651473	
0.280056	2.2039	0.847426	-0.647913	-1.76897	-0.687897	-0.299864	-1.90901	1.54641	1.57213	-0.027566	-0.292839	-0.196932	-1.72612	-0.651473	
0.280056	2.2039	0.847426	-0.647913	-1.76897	-0.687897	-0.299864	-1.90901	1.54641	1.57213	-0.027566	-0.292839	-0.196932	-1.72612	-0.651473	
0.280056	2.2039	0.847426	-0.647913	-1.76897	-0.687897	-0.299864	-1.90901	1.54641	1.57213	-0.027566	-0.292839	-0.196932	-1.72612	-0.651473	
0.280056	2.2039	0.847426	-0.647913	-1.76897	-0.687897	-0.299864	-1.90901	1.54641	1.57213	-0.027566	-0.292839	-0.196932	-1.72612	-0.651473	
0.280056	2.2039	0.847426	-0.647913	-1.76897	-0.687897	-0.299864	-1.90901	1.54641	1.57213	-0.027566	-0.292839	-0.196932	-1.72612	-0.651473	
0.280056	2.2039	0.847426	-0.647913	-1.76897	-0.687897	-0.299864	-1.90901	1.54641	1.57213	-0.027566	-0.292839	-0.196932	-1.72612	-0.651473	
0.280175	2.20375	0.847365	-0.647685	-1.76892	-0.687843	-0.29987	-1.90902	1.54654	1.57207	-0.0275414	-0.292896	-0.196821	-1.72607	-0.651578	
0.289178	2.19212	0.843507	-0.630735	-1.76607	-0.683219	-0.300487	-1.90956	1.55591	1.56814	-0.0261159	-0.2974	-0.18808	-1.72236	-0.659897	
0.332024	2.13686	0.826809	-0.550408	-1.75335	-0.660446	-0.303674	-1.91159	1.60044	1.54978	-0.0199078	-0.319268	-0.145963	-1.70497	-0.699989	
0.37487	2.08159	0.810112	-0.470081	-1.74062	-0.637673	-0.306861	-1.91363	1.64496	1.53143	-0.0136997	-0.341136	-0.103847	-1.68757	-0.740082	
0.417715	2.02633	0.793415	-0.389754	-1.72789	-0.614899	-0.310048	-1.91566	1.68949	1.51307	-0.00749153	-0.363004	-0.0617305	-1.67017	-0.780174	
0.467469	1.96339	0.789976	-0.295493	-1.71291	-0.589753	-0.314682	-1.91948	1.73996	1.48979	0.00161356	-0.392106	-0.0139669	-1.65191	-0.825329	
0.517223	1.90045	0.786537	-0.201232	-1.69793	-0.564607	-0.319315	-1.92329	1.79044	1.46651	0.0107186	-0.421208	0.0337967	-1.63364	-0.870484	
0.560191	1.84801	0.795817	-0.122838	-1.69053	-0.540447	-0.326418	-1.92552	1.83211	1.44989	0.0185582	-0.450094	0.0753545	-1.61948	-0.910511	
0.603158	1.79557	0.805097	-0.0444427	-1.68314	-0.516287	-0.33352	-1.92775	1.87379	1.43328	0.0263978	-0.47898	0.116912	-1.60532	-0.950538	
0.646126	1.74313	0.814377	0.0339522	-1.67574	-0.492128	-0.340623	-1.92998	1.91546	1.41666	0.0342374	-0.507867	0.15847	-1.59115	-0.990565	
0.710333	1.66968	0.843229	0.140919	-1.66774	-0.451843	-0.353822	-1.93186	1.97282	1.39207	0.0464997	-0.556557	0.220931	-1.57378	-1.05181	
0.77454	1.59623	0.872081	0.247887	-1.65974	-0.411558	-0.36702	-1.93375	2.03018	1.36748	0.0587619	-0.605246	0.283393	-1.55641	-1.11305	
0.824824	1.54425	0.903869	0.319808	-1.65638	-0.376097	-0.380737	-1.93462	2.06957	1.3493	0.0688971	-0.648105	0.331476	-1.54572	-1.16165	
0.875109	1.49227	0.935657	0.391729	-1.65301	-0.340637	-0.394453	-1.93549	2.10895	1.33111	0.0790322	-0.690964	0.37956	-1.53503	-1.21026	
0.925393	1.44029	0.967445	0.46365	-1.64965	-0.305176	-0.408169	-1.93635	2.14833	1.31293	0.0891674	-0.733823	0.427644	-1.52434	-1.25886	
0.96479	1.40233	0.994578	0.510816	-1.64795	-0.27732	-0.4215	-1.93653	2.17317	1.29889	0.0973023	-0.770285	0.463475	-1.51638	-1.29648	
1.00419	1.36438	1.02171	0.557982	-1.64625	-0.249464	-0.43483	-1.93671	2.19801	1.28486	0.105437	-0.806747	0.499305	-1.50842	-1.3341	
1.03073	1.29864	1.05693	0.585946	-1.65203	-0.251523	-0.443031	-1.90448	2.19217	1.26599	0.102048	-0.849744	0.523341	-1.50804	-1.37252	
1.05728	1.2329	1.09214	0.61391	-1.65781	-0.253581	-0.451232	-1.87225	2.18633	1.24712	0.0986582	-0.892741	0.547376	-1.50767	-1.41094	
1.04875	1.1631	1.11343	0.600022	-1.66509	-0.307413	-0.43981	-1.81233	2.13517	1.22485	0.0801747	-0.916191	0.538366	-1.51415	-1.42438	
1.04021	1.09329	1.13472	0.586133	-1.67237	-0.361246	-0.428388	-1.75241	2.08401	1.20259	0.0616912	-0.939641	0.529355	-1.52062	-1.43782	
1.05709	1.03136	1.14924	0.566342	-1.67127	-0.402086	-0.4212	-1.72415	2.03326	1.18019	0.0188962	-0.957377	0.493804	-1.51548	-1.44336	
1.07396	0.969432	1.16376	0.546552	-1.67018	-0.442925	-0.414012	-1.69589	1.9825	1.15779	-0.0238988	-0.975113	0.458252	-1.51034	-1.4489	
1.12171	0.928321	1.16889	0.526831	-1.65932	-0.456341	-0.415072	-1.71416	1.94561	1.14018	-0.0871407	-0.985173	0.400553	-1.49213	-1.44548	
1.16946	0.887211	1.17403	0.507111	-1.64845	-0.469757	-0.416131	-1.73242	1.90872	1.12258	-0.150383	-0.995233	0.342854	-1.47392	-1.44205	
1.23478	0.832245	1.18125	0.482613	-1.63593	-0.487017	-0.417775	-1.76634	1.86405	1.10552	-0.233155	-1.01467	0.274125	-1.45538	-1.43073	
1.3001	0.777279	1.18846	0.458115	-1.62341	-0.504276	-0.41942	-1.80025	1.81938	1.08846	-0.315927	-1.03411	0.205397	-1.43684	-1.4194	
1.36391	0.722254	1.19536	0.438444	-1.61296	-0.512866	-0.420625	-1.83048	1.77733	1.07376	-0.39052	-1.05293	0.14291	-1.41925	-1.41136	
1.42771	0.667229	1.20226	0.418773	-1.60251	-0.521455	-0.421829	-1.86072	1.73528	1.05905	-0.465112	-1.07175	0.0804228	-1.40167	-1.40331	
1.50117	0.602735	1.21165	0.395493	-1.59149	-0.530722	-0.424893	-1.89747	1.68803	1.04975	-0.546196	-1.09936	0.015547	-1.38904	-1.39209	
1.57462	0.538242	1.22104	0.372214	-1.58046	-0.539989	-0.427957	-1.93422	1.64078	1.04045	-0.62728	-1.12696	-0.0493288	-1.37642	-1.38086	
1.65374	0.467057	1.23158	0.35312	-1.5677	-0.54508	-0.435617	-1.96985	1.59161	1.03372	-0.704714	-1.15264	-0.108221	-1.36403	-1.37275	
1.74827	0.381764	1.24416	0.33147	-1.55222	-0.550271	-0.445454	-2.01155	1.5331	1.02576	-0.79572	-1.18215	-0.177038	-1.34891	-1.36394	
1.80945	0.324243	1.25414	0.31472	-1.53767	-0.547891	-0.454354	-2.04362	1.49083	1.01827	-0.858607	-1.20474	-0.225052	-1.33688	-1.35105	
1.80878	0.302173	1.27225	0.288076	-1.49334	-0.491943	-0.478811	-2.09291	1.44824	0.994879	-0.897263	-1.23862	-0.258881	-1.31474	-1.28099	
1.8081	0.280104	1.29036	0.261432	-1.44901	-0.435994	-0.503267	-2.14219	1.40564	0.971483	-0.935919	-1.27251	-0.292711	-1.29259	-1.21092	
1.76825	0.280817	1.31474	0.236001	-1.38808	-0.349515	-0.534873	-2.19318	1.36718	0.928105	-0.954807	-1.30563	-0.314712	-1.25983	-1.11536	
1.72841	0.28153	1.33911	0.21057	-1.32714	-0.263035	-0.566478	-2.24417	1.32871	0.884728	-0.973694	-1.33874	-0.336712	-1.22707	-1.01979	
1.68992	0.279586	1.37045	0.201317	-1.27554	-0.192267	-0.600147	-2.28455	1.29726	0.83654	-0.986389	-1.37306	-0.363292	-1.20214	-0.937364	
1.65144	0.277643	1.40178	0.192063	-1.22394	-0.121499	-0.633816	-2.32493	1.2658	0.788353	-0.999083	-1.40737	-0.389872	-1.17721	-0.854934	
1.62497	0.273985	1.42387	0.185283	-1.1889	-0.0743515	-0.655652	-2.34997	1.2466	0.755587	-1.01055	-1.43114	-0.40446	-1.16107	-0.80097	
1.5985	0.270328	1.44595	0.178503	-1.15386	-0.0272036	-0.677487	-2.37501	1.2274	0.72282	-1.02202	-1.45491	-0.419048	-1.14493	-0.747005	
1.5646	0.262495	1.47745	0.177742	-1.11588	0.0251796	-0.707949	-2.40194	1.20596	0.674398	-1.03817	-1.4882	-0.439151	-1.13153	-0.683023	
1.5307	0.254663	1.50894	0.176981	-1.07791	0.0775628	-0.738411	-2.42887	1.18453	0.625976	-1.05432	-1.52149	-0.459255	-1.11813	-0.619041	
1.49919	0.240936	1.54055	0.175213	-1.04509	0.120833	-0.760079	-2.44724	1.17105	0.580271	-1.07681	-1.55351	-0.470355	-1.10727	-0.566244	
1.46768	0.227209	1.57217	0.173445	-1.01227	0.164104	-0.781748	-2.4656	1.15757	0.534566	-1.09931	-1.58552	-0.481455	-1.09641	-0.513446	
1.42616	0.208653	1.61399	0.171036	-0.969208	0.220727	-0.809817	-2.48932	1.14028	0.474291	-1.1295	-1.62778	-0.49553	-1.08222	-0.44436	
1.40563	0.199458	1.63469	0.169842	-0.947914	0.248721	-0.823683	-2.50103	1.13175	0.444474	-1.14446	-1.64869	-0.502471	-1.0752	-0.410205	
1.3857	0.190544	1.65472	0.168719	-0.927308	0.275852	-0.837225	-2.51238	1.12346	0.415504	-1.15899	-1.66894	-0.509196	-1.06844	-0.377074	
1.34876	0.173692	1.69025	0.167845	-0.891413	0.324539	-0.865305	-2.53263	1.10841	0.359869	-1.1876	-1.70531	-0.52059	-1.05764	-0.316407	
1.30047	0.141788	1.72288	0.176194	-0.86826	0.368463	-0.924651	-2.54621	1.09863	0.266457	-1.24934	-1.74286	-0.518086	-1.05923	-0.249591	
1.26825	0.101646	1.75362	0.172667	-0.851682	0.389559	-0.939859	-2.5425	1.11096	0.202225	-1.31056	-1.77472	-0.498512	-1.05336	-0.218098	
1.23792	0.0624924	1.78207	0.168291	-0.836083	0.408946	-0.953154	-2.5382	1.12392	0.141533	-1.36993	-1.80389	-0.478445	-1.04705	-0.189289	
1.19847	0.0121132	1.79904	0.155908	-0.817557	0.436466	-0.984558	-2.5352	1.14024	0.0603175	-1.45219	-1.81879	-0.446637	-1.03427	-0.149523	
1.17157	-0.0355585	1.81682	0.140982	-0.805381	0.452394	-1.00274	-2.52992	1.16469	-0.0162171	-1.5321	-1.83512	-0.410235	-1.02401	-0.125452	
1.14625	-0.082215	1.83234	0.125816	-0.794006	0.46703	-1.02059	-2.52458	1.18948	-0.0913167	-1.61053	-1.84888	-0.37432	-1.01377	-0.103133	
1.11405	-0.145772	1.82928	0.100474	-0.77979	0.485669	-1.05745	-2.51828	1.22523	-0.196594	-1.71972	-1.83852	-0.326275	-0.995742	-0.0743093	
1.09206	-0.196902	1.82971	0.079137	-0.768923	0.497426	-1.0827	-2.51293	1.25738	-0.281219	-1.8092	-1.83232	-0.286049	-0.983064	-0.0556266	
1.07746	-0.230835	1.81737	0.0656259	-0.761727	0.503826	-1.10525	-2.50853	1.27871	-0.338356	-1.86633	-1.81385	-0.264784	-0.972622	-0.0439894	
1.06287	-0.264767	1.80503	0.0521148	-0.754531	0.510226	-1.12781	-2.50412	1.30004	-0.395493	-1.92346	-1.79538	-0.243519	-0.962181	-0.0323522	
1.04566	-0.31363	1.7855	0.0305525	-0.743261	0.515559	-1.15963	-2.49798	1.33405	-0.479204	-2.0082	-1.7643	-0.213467	-0.948593	-0.0196831	
1.02846	-0.362493	1.76596	0.00899017	-0.73199	0.520893	-1.19145	-2.49184	1.36807	-0.562916	-2.09295	-1.73321	-0.183414	-0.935005	-0.00701405	
1.01631	-0.397733	1.73447	-0.00357646	-0.722206	0.519713	-1.22147	-2.48451	1.39281	-0.625852	-2.14937	-1.69161	-0.173717	-0.92271	-0.000949614	
1.00415	-0.432973	1.70297	-0.0161431	-0.712421	0.518532	-1.2515	-2.47718	1.41756	-0.688788	-2.20578	-1.65002	-0.164019	-0.910416	0.00511482	
0.993356	-0.4646	1.67045	-0.0261046	-0.702373	0.51486	-1.28014	-2.46904	1.43986	-0.746707	-2.2553	-1.60825	-0.159375	-0.898829	0.00887702	
0.982561	-0.496226	1.63793	-0.0360662	-0.692324	0.511188	-1.30878	-2.4609	1.46217	-0.804626	-2.30483	-1.56647	-0.15473	-0.887242	0.0126392	
0.972318	-0.526603	1.6039	-0.0470256	-0.680355	0.505024	-1.33996	-2.45273	1.4837	-0.86438	-2.35313	-1.52319	-0.15242	-0.874504	0.015646	
0.962076	-0.55698	1.56987	-0.057985	-0.668385	0.498859	-1.37115	-2.44456	1.50524	-0.924134	-2.40143	-1.47991	-0.150111	-0.861767	0.0186528	
0.95049	-0.588148	1.52483	-0.0664471	-0.653159	0.487574	-1.40896	-2.43237	1.5264	-0.989864	-2.44794	-1.42574	-0.156237	-0.84621	0.0191792	
0.938904	-0.619315	1.47979	-0.0749092	-0.637933	0.476289	-1.44676	-2.42017	1.54756	-1.05559	-2.49446	-1.37157	-0.162364	-0.830654	0.0197056	
0.922984	-0.659473	1.4184	-0.08981	-0.613761	0.458611	-1.50391	-2.40444	1.57398	-1.14999	-2.55568	-1.29854	-0.171578	-0.806282	0.0213126	
0.912782	-0.685101	1.37928	-0.0997172	-0.598079	0.447246	-1.54084	-2.39452	1.5908	-1.21083	-2.59496	-1.25201	-0.177285	-0.790477	0.0224873	
0.899683	-0.716892	1.32826	-0.111736	-0.577563	0.431822	-1.58889	-2.38115	1.61128	-1.28832	-2.64306	-1.19197	-0.186271	-0.769938	0.0233938	
0.887713	-0.734031	1.27475	-0.116913	-0.554617	0.40992	-1.63988	-2.36369	1.61808	-1.35339	-2.66304	-1.13549	-0.210123	-0.748058	0.019155	
0.877251	-0.749137	1.2355	-0.12964	-0.533438	0.395035	-1.68684	-2.35461	1.62416	-1.41612	-2.68495	-1.09322	-0.221561	-0.726463	0.0214462	
0.870536	-0.758837	1.21059	-0.138117	-0.519804	0.385644	-1.71707	-2.34902	1.62806	-1.4566	-2.69918	-1.06636	-0.228544	-0.712513	0.023143	
0.867261	-0.763569	1.19845	-0.142264	-0.513152	0.381069	-1.73182	-2.3463	1.62996	-1.47635	-2.70613	-1.05327	-0.231938	-0.705704	0.0239792	
0.864023	-0.768248	1.18645	-0.146366	-0.506574	0.376545	-1.7464	-2.34362	1.63185	-1.49589	-2.713	-1.04033	-0.235292	-0.698971	0.0248068	
0.858765	-0.775843	1.16697	-0.153025	-0.495895	0.369202	-1.77007	-2.33925	1.6349	-1.5276	-2.72415	-1.01932	-0.240737	-0.688041	0.0261506	
0.853426	-0.783556	1.14719	-0.159786	-0.485052	0.361746	-1.79411	-2.33482	1.63801	-1.5598	-2.73547	-0.997981	-0.246266	-0.676942	0.027515	
0.848674	-0.790422	1.12957	-0.165805	-0.475399	0.355108	-1.81552	-2.33088	1.64077	-1.58847	-2.74555	-0.978987	-0.251188	-0.667062	0.0287297	
0.84626	-0.793909	1.12063	-0.168862	-0.470497	0.351737	-1.82638	-2.32887	1.64217	-1.60302	-2.75067	-0.969342	-0.253688	-0.662044	0.0293465	
0.843943	-0.797244	1.11204	-0.171792	-0.465793	0.348498	-1.83681	-2.32692	1.64351	-1.61698	-2.75555	-0.960051	-0.256079	-0.657254	0.0299242	
0.839778	-0.800859	1.09734	-0.177916	-0.458669	0.343303	-1.85234	-2.31883	1.6451	-1.64173	-2.76002	-0.9389	-0.254456	-0.654561	0.030335	
0.83633	-0.784528	1.09472	-0.191995	-0.466085	0.344056	-1.83389	-2.27304	1.64178	-1.66164	-2.72573	-0.882628	-0.195507	-0.706313	0.0292089	
0.832882	-0.768198	1.09211	-0.206074	-0.473502	0.344808	-1.81545	-2.22726	1.63847	-1.68154	-2.69144	-0.826356	-0.136559	-0.758064	0.0280828	
0.828156	-0.758877	1.09362	-0.224465	-0.489683	0.333041	-1.77811	-2.17118	1.6512	-1.70905	-2.61913	-0.742451	-0.0439403	-0.836926	0.0441718	
0.823431	-0.749557	1.09513	-0.242856	-0.505864	0.321274	-1.74077	-2.1151	1.66392	-1.73655	-2.54682	-0.658547	0.0486782	-0.915787	0.0602609	
0.818706	-0.740237	1.09664	-0.261248	-0.522044	0.309507	-1.70343	-2.05902	1.67664	-1.76406	-2.4745	-0.574642	0.141297	-0.994648	0.0763499	
0.813981	-0.730916	1.09815	-0.279639	-0.538225	0.29774	-1.66609	-2.00294	1.68937	-1.79157	-2.40219	-0.490738	0.233915	-1.07351	0.0924389	
0.80867	-0.731373	1.09892	-0.299321	-0.560672	0.274889	-1.62404	-1.95312	1.71469	-1.81063	-2.31253	-0.401643	0.329884	-1.14976	0.124091	
0.803358	-0.731829	1.09969	-0.319003	-0.58312	0.252039	-1.58199	-1.9033	1.74001	-1.82969	-2.22287	-0.312549	0.425853	-1.22601	0.155743	
0.798047	-0.732285	1.10047	-0.338684	-0.605567	0.229188	-1.53995	-1.85348	1.76533	-1.84876	-2.13321	-0.223454	0.521821	-1.30227	0.187395	
0.792706	-0.73813	1.10189	-0.359615	-0.633666	0.200781	-1.49789	-1.81516	1.79618	-1.8501	-2.04297	-0.138219	0.612571	-1.36095	0.230969	
0.787366	-0.743975	1.10332	-0.380545	-0.661765	0.172374	-1.45582	-1.77683	1.82703	-1.85144	-1.95274	-0.0529835	0.70332	-1.41963	0.274542	
0.782025	-0.74982	1.10475	-0.401475	-0.689864	0.143966	-1.41376	-1.7385	1.85788	-1.85278	-1.86251	0.032252	0.79407	-1.47832	0.318115	
0.776414	-0.753884	1.10858	-0.42489	-0.725639	0.11238	-1.36923	-1.70628	1.88822	-1.83351	-1.77634	0.11559	0.884801	-1.5171	0.371878	
0.770802	-0.757947	1.11241	-0.448305	-0.761415	0.0807931	-1.32469	-1.67406	1.91856	-1.81424	-1.69017	0.198928	0.975533	-1.55588	0.42564	
0.765191	-0.76201	1.11624	-0.471719	-0.797191	0.0492065	-1.28015	-1.64184	1.9489	-1.79497	-1.604	0.282265	1.06626	-1.59466	0.479403	
0.759614	-0.757546	1.1236	-0.494653	-0.838669	0.0187765	-1.23473	-1.61256	1.97054	-1.75678	-1.53217	0.355075	1.15071	-1.60879	0.535505	
0.754037	-0.753081	1.13097	-0.517588	-0.880148	-0.0116535	-1.18931	-1.58328	1.99219	-1.7186	-1.46034	0.427884	1.23515	-1.62292	0.591607	
0.748461	-0.748617	1.13833	-0.540522	-0.921626	-0.0420834	-1.14389	-1.554	2.01384	-1.68041	-1.38852	0.500693	1.31959	-1.63705	0.64771	
0.742884	-0.744152	1.1457	-0.563456	-0.963105	-0.0725134	-1.09847	-1.52472	2.03549	-1.64223	-1.31669	0.573503	1.40403	-1.65118	0.703812	
0.736652	-0.727544	1.15731	-0.585587	-1.01266	-0.103202	-1.04481	-1.48732	2.04806	-1.59053	-1.25053	0.633675	1.48925	-1.65131	0.761623	
0.73042	-0.710936	1.16892	-0.607718	-1.06221	-0.13389	-0.991152	-1.44993	2.06063	-1.53883	-1.18437	0.693848	1.57447	-1.65144	0.819435	
0.724189	-0.694328	1.18053	-0.629849	-1.11176	-0.164579	-0.937493	-1.41254	2.0732	-1.48713	-1.11821	0.75402	1.65969	-1.65156	0.877246	
0.717953	-0.669556	1.19511	-0.646924	-1.16256	-0.192925	-0.881892	-1.37062	2.07763	-1.43102	-1.05697	0.803938	1.73989	-1.64281	0.930653	
0.711717	-0.644784	1.20968	-0.663999	-1.21336	-0.221272	-0.826291	-1.32871	2.08206	-1.37492	-0.995721	0.853856	1.82009	-1.63405	0.98406	
0.705481	-0.620012	1.22426	-0.681073	-1.26416	-0.249618	-0.77069	-1.28679	2.08648	-1.31881	-0.934476	0.903774	1.90029	-1.6253	1.03747	
0.699009	-0.585882	1.2422	-0.689633	-1.31663	-0.277833	-0.711098	-1.23725	2.08266	-1.26045	-0.871433	0.948935	1.97695	-1.61186	1.08698	
0.692537	-0.551752	1.26014	-0.698193	-1.36909	-0.306048	-0.651506	-1.18771	2.07883	-1.20209	-0.80839	0.994097	2.0536	-1.59842	1.13649	
0.686066	-0.517622	1.27808	-0.706753	-1.42156	-0.334263	-0.591914	-1.13818	2.075	-1.14372	-0.745347	1.03926	2.13026	-1.58498	1.186	
0.679301	-0.476102	1.29744	-0.704439	-1.47351	-0.361999	-0.528366	-1.08133	2.06516	-1.08751	-0.676518	1.08142	2.20388	-1.57175	1.23271	
0.672537	-0.434582	1.31679	-0.702125	-1.52545	-0.389736	-0.464819	-1.02448	2.05531	-1.0313	-0.607689	1.12359	2.2775	-1.55851	1.27941	
0.665773	-0.393062	1.33614	-0.699812	-1.57739	-0.417473	-0.401272	-0.96763	2.04546	-0.975088	-0.53886	1.16575	2.35111	-1.54527	1.32612	
0.65882	-0.346185	1.35445	-0.684634	-1.62586	-0.442995	-0.335353	-0.905594	2.03114	-0.925031	-0.463478	1.20677	2.41854	-1.53405	1.37056	
0.651866	-0.299308	1.37275	-0.669456	-1.67434	-0.468516	-0.269434	-0.843558	2.01683	-0.874974	-0.388096	1.24778	2.48598	-1.52284	1.41501	
0.644913	-0.252431	1.39106	-0.654278	-1.72281	-0.494038	-0.203515	-0.781522	2.00251	-0.824917	-0.312714	1.2888	2.55341	-1.51162	1.45945	
0.637898	-0.203256	1.40568	-0.629181	-1.7667	-0.514129	-0.137274	-0.717706	1.98618	-0.783505	-0.232947	1.32773	2.61337	-1.50285	1.50314	
0.630883	-0.15408	1.4203	-0.604084	-1.8106	-0.53422	-0.0710336	-0.653891	1.96985	-0.742094	-0.15318	1.36666	2.67333	-1.49409	1.54683	
0.623867	-0.104905	1.43492	-0.578987	-1.85449	-0.554311	-0.00479301	-0.590075	1.95352	-0.700682	-0.0734133	1.40559	2.73328	-1.48533	1.59051	
0.615932	-0.0486165	1.44832	-0.53859	-1.89642	-0.569061	0.0716186	-0.517544	1.93439	-0.6701	0.0230025	1.45071	2.78567	-1.47698	1.63953	
0.607996	0.00767216	1.46172	-0.498194	-1.93834	-0.583811	0.14803	-0.445013	1.91526	-0.639519	0.119418	1.49583	2.83805	-1.46864	1.68855	
0.600929	0.056797	1.46986	-0.463588	-1.97616	-0.590449	0.21558	-0.382321	1.89923	-0.619324	0.204389	1.53116	2.88478	-1.46182	1.73426	
0.593863	0.105922	1.47799	-0.428982	-2.01399	-0.597088	0.28313	-0.319628	1.88319	-0.59913	0.28936	1.56648	2.9315	-1.45499	1.77996	
0.586796	0.155047	1.48612	-0.394376	-2.05181	-0.603726	0.35068	-0.256936	1.86716	-0.578935	0.37433	1.6018	2.97822	-1.44817	1.82567	
0.579279	0.205982	1.50045	-0.354759	-2.08772	-0.603556	0.424256	-0.189087	1.85141	-0.570426	0.468996	1.64569	3.01852	-1.43829	1.87293	
0.571762	0.256918	1.51479	-0.315142	-2.12363	-0.603386	0.497831	-0.121238	1.83567	-0.561918	0.563662	1.68958	3.05881	-1.4284	1.92019	
0.567963	0.292081	1.53601	-0.284679	-2.12966	-0.595985	0.528505	-0.0846803	1.81825	-0.527644	0.638564	1.74013	3.08205	-1.41521	1.94152	
0.564164	0.327243	1.55723	-0.254216	-2.1357	-0.588583	0.55918	-0.0481229	1.80083	-0.493371	0.713467	1.79069	3.10529	-1.40201	1.96285	
0.563754	0.358777	1.56629	-0.222067	-2.12219	-0.569074	0.552806	-0.0426948	1.77109	-0.406725	0.805049	1.84101	3.07916	-1.38915	1.96348	
0.563724	0.382063	1.57297	-0.197622	-2.10983	-0.553245	0.5449	-0.0410546	1.74784	-0.337568	0.875006	1.87959	3.05596	-1.37956	1.96213	
0.563702	0.409162	1.59067	-0.166881	-2.0879	-0.532161	0.533683	-0.0377583	1.72064	-0.254238	0.958303	1.93459	3.03502	-1.36761	1.95846	
0.563684	0.429563	1.58452	-0.146658	-2.08359	-0.518092	0.529519	-0.0376689	1.70015	-0.192371	1.02431	1.95216	3.00263	-1.36408	1.95834	
0.56367	0.444822	1.57896	-0.131667	-2.08096	-0.50765	0.526618	-0.0377229	1.68482	-0.146132	1.07388	1.96414	2.97755	-1.36172	1.95839	
0.563655	0.460709	1.5752	-0.115452	-2.07678	-0.496259	0.523265	-0.037638	1.66885	-0.0975129	1.12624	1.97904	2.9517	-1.35907	1.95827	
0.563632	0.473261	1.58962	-0.0974798	-2.06079	-0.482475	0.517697	-0.036248	1.65618	-0.0545823	1.17437	2.01083	2.93356	-1.35586	1.95672	
0.563615	0.480607	1.58434	-0.0908438	-2.05998	-0.476451	0.516587	-0.0361522	1.64874	-0.0307388	1.19985	2.01009	2.91954	-1.35732	1.95659	
0.563596	0.488205	1.57754	-0.084357	-2.05997	-0.470419	0.515648	-0.0361227	1.64105	-0.00620437	1.22594	2.00746	2.90471	-1.35915	1.95653	
0.563576	0.496168	1.57035	-0.0775777	-2.06	-0.464107	0.514674	-0.0360953	1.63298	0.0195023	1.25326	2.0046	2.88914	-1.36109	1.95647	
0.563564	0.501101	1.56589	-0.0733787	-2.06002	-0.460198	0.514071	-0.0360785	1.62799	0.0354264	1.27019	2.00283	2.8795	-1.36229	1.95644	
0.563543	0.50943	1.55836	-0.0662892	-2.06006	-0.453597	0.513052	-0.03605	1.61955	0.0623123	1.29877	1.99984	2.86323	-1.36431	1.95638	
0.56353	0.514631	1.55366	-0.0618615	-2.06008	-0.449475	0.512416	-0.0360323	1.61429	0.0791042	1.31662	1.99797	2.85306	-1.36558	1.95634	
0.563518	0.519678	1.5491	-0.0575656	-2.0601	-0.445475	0.511799	-0.036015	1.60917	0.0953958	1.33394	1.99616	2.8432	-1.3668	1.95631	
0.563504	0.525165	1.5442	-0.052871	-2.06008	-0.441107	0.511121	-0.035997	1.60362	0.113136	1.35282	1.99425	2.83244	-1.36814	1.95627	
0.563476	0.535591	1.53681	-0.0431469	-2.05858	-0.432133	0.50958	-0.0359819	1.59305	0.147778	1.39044	1.99291	2.81093	-1.37073	1.95623	
0.563434	0.541938	1.54935	-0.0300743	-2.04435	-0.420356	0.506276	-0.0360893	1.58648	0.177724	1.42907	2.01136	2.78809	-1.37333	1.95647	
0.5634	0.546277	1.54437	-0.0267237	-2.04376	-0.415993	0.50538	-0.0358564	1.58197	0.19346	1.44406	2.00525	2.77928	-1.37657	1.95621	
0.563365	0.550824	1.53802	-0.0236764	-2.0439	-0.411729	0.504555	-0.0355871	1.57724	0.209553	1.45882	1.99731	2.7706	-1.38009	1.95591	
0.563328	0.555584	1.53132	-0.0205097	-2.04409	-0.40728	0.503696	-0.0353039	1.57229	0.22638	1.47422	1.98891	2.76155	-1.38377	1.95559	
0.563307	0.558291	1.52751	-0.0187088	-2.0442	-0.40475	0.503208	-0.0351427	1.56947	0.235952	1.48299	1.98413	2.7564	-1.38587	1.95541	
0.563284	0.561244	1.52335	-0.016745	-2.04432	-0.40199	0.502676	-0.034967	1.5664	0.24639	1.49254	1.97892	2.75079	-1.38815	1.95521	
0.563244	0.566412	1.51608	-0.0133079	-2.04452	-0.397161	0.501744	-0.0346594	1.56103	0.264659	1.50927	1.96979	2.74096	-1.39216	1.95486	
0.563219	0.569642	1.51153	-0.0111592	-2.04465	-0.394141	0.501161	-0.0344671	1.55767	0.27608	1.51972	1.96409	2.73482	-1.39466	1.95465	
0.563195	0.572777	1.50712	-0.00907433	-2.04478	-0.391212	0.500596	-0.0342805	1.55441	0.287161	1.52986	1.95856	2.72886	-1.39708	1.95444	
0.56317	0.576014	1.50256	-0.00692139	-2.04491	-0.388187	0.500013	-0.0340878	1.55104	0.298605	1.54034	1.95284	2.7227	-1.39959	1.95422	
0.563144	0.579382	1.49782	-0.0046814	-2.04504	-0.385039	0.499405	-0.0338874	1.54754	0.310511	1.55124	1.9469	2.7163	-1.4022	1.95399	
0.563114	0.583207	1.49243	-0.00213767	-2.04519	-0.381465	0.498716	-0.0336597	1.54356	0.324031	1.56362	1.94015	2.70902	-1.40516	1.95374	
0.563062	0.589911	1.48299	0.00232134	-2.04546	-0.375199	0.497507	-0.0332607	1.53658	0.347732	1.58531	1.92831	2.69628	-1.41035	1.95329	
0.563028	0.594303	1.47685	0.00526354	-2.04559	-0.371072	0.496712	-0.0330009	1.53202	0.363305	1.5996	1.92061	2.68787	-1.41376	1.953	
0.562962	0.601933	1.46773	0.0111291	-2.04431	-0.363058	0.495197	-0.0325944	1.52404	0.39209	1.62695	1.90885	2.67135	-1.42011	1.95257	
0.56286	0.604728	1.47808	0.0204237	-2.02977	-0.351721	0.493143	-0.0327192	1.52072	0.419826	1.66087	1.91812	2.64729	-1.42696	1.95296	
0.562746	0.607784	1.47068	0.0233844	-2.02918	-0.345738	0.491223	-0.0318041	1.51708	0.436945	1.67295	1.9054	2.63975	-1.43225	1.95201	
0.562655	0.610247	1.46401	0.025496	-2.02929	-0.34116	0.489688	-0.0310267	1.51415	0.450239	1.68173	1.89428	2.63439	-1.43642	1.95118	
0.56252	0.613881	1.4541	0.0285849	-2.02951	-0.334431	0.487425	-0.0298762	1.50982	0.4698	1.6946	1.87779	2.62655	-1.44257	1.94996	
0.562416	0.616692	1.44643	0.0309745	-2.02968	-0.329225	0.485674	-0.0289859	1.50647	0.484935	1.70455	1.86503	2.62049	-1.44733	1.94901	
0.562358	0.618236	1.44222	0.0322864	-2.02978	-0.326367	0.484712	-0.028497	1.50463	0.493245	1.71002	1.85803	2.61716	-1.44994	1.94849	
0.562296	0.619913	1.43764	0.0337116	-2.02988	-0.323261	0.483668	-0.027966	1.50263	0.502272	1.71595	1.85042	2.61354	-1.45278	1.94793	
0.562187	0.622846	1.42964	0.0362047	-2.03006	-0.317829	0.481841	-0.027037	1.49913	0.518063	1.72633	1.8371	2.60722	-1.45775	1.94694	
0.562119	0.624679	1.42464	0.0377626	-2.03017	-0.314435	0.480699	-0.0264565	1.49695	0.527931	1.73282	1.82878	2.60326	-1.46085	1.94632	
0.562053	0.626458	1.41979	0.0392738	-2.03028	-0.311143	0.479592	-0.0258935	1.49483	0.537503	1.73912	1.82071	2.59943	-1.46386	1.94573	
0.561985	0.628293	1.41478	0.0408338	-2.03039	-0.307744	0.478449	-0.0253122	1.49264	0.547384	1.74561	1.81238	2.59547	-1.46697	1.94511	
0.561911	0.630299	1.40931	0.0425389	-2.03051	-0.304028	0.477199	-0.0246768	1.49025	0.558184	1.75272	1.80328	2.59114	-1.47036	1.94443	
0.561769	0.634128	1.39886	0.045793	-2.03075	-0.296939	0.474814	-0.0234643	1.48569	0.578795	1.76627	1.7859	2.58288	-1.47684	1.94314	
0.561682	0.636458	1.3925	0.0477729	-2.03089	-0.292625	0.473363	-0.0227266	1.48291	0.591336	1.77452	1.77532	2.57786	-1.48079	1.94236	
0.561523	0.640738	1.38083	0.0514103	-2.03115	-0.2847	0.470698	-0.0213712	1.47781	0.614375	1.78966	1.7559	2.56863	-1.48803	1.94092	
0.561426	0.643328	1.37377	0.053617	-2.03127	-0.27987	0.469079	-0.0205443	1.47472	0.62842	1.79893	1.74415	2.56297	-1.49245	1.94004	
0.561234	0.64772	1.36215	0.0575759	-2.03	-0.270467	0.466034	-0.0188888	1.46933	0.655909	1.8181	1.72429	2.55106	-1.50118	1.93832	
0.560943	0.646878	1.36649	0.0593723	-2.01546	-0.259532	0.462691	-0.016482	1.46867	0.688879	1.84916	1.72654	2.52966	-1.51234	1.93612	
0.560716	0.647255	1.36094	0.0613416	-2.01399	-0.255579	0.458572	-0.0154152	1.46712	0.699592	1.85381	1.71665	2.52535	-1.51564	1.93498	
0.560476	0.647729	1.35442	0.0634634	-2.01316	-0.251734	0.454111	-0.014347	1.46541	0.709822	1.8573	1.70537	2.5217	-1.51874	1.93382	
0.560225	0.648229	1.34758	0.0656848	-2.01233	-0.24773	0.44944	-0.0132327	1.46361	0.720469	1.86087	1.69352	2.51793	-1.52196	1.93261	
0.560082	0.648513	1.34368	0.0669474	-2.01186	-0.245454	0.446786	-0.0125994	1.46259	0.726518	1.8629	1.68679	2.51578	-1.52379	1.93192	
0.559926	0.648823	1.33944	0.0683232	-2.01135	-0.242974	0.443893	-0.0119094	1.46147	0.73311	1.86511	1.67945	2.51344	-1.52578	1.93117	
0.559645	0.649381	1.33179	0.0708058	-2.01042	-0.238499	0.438672	-0.0106642	1.45946	0.745004	1.86911	1.66621	2.50923	-1.52937	1.92981	
0.559311	0.650047	1.32267	0.0737629	-2.00931	-0.23317	0.432454	-0.00918106	1.45707	0.759173	1.87386	1.65044	2.5042	-1.53366	1.9282	
0.558988	0.650689	1.31387	0.0766177	-2.00824	-0.228024	0.426452	-0.0077492	1.45476	0.772851	1.87845	1.63522	2.49935	-1.53779	1.92664	
0.558781	0.651101	1.30822	0.0784486	-2.00756	-0.224724	0.422602	-0.00683089	1.45328	0.781623	1.8814	1.62545	2.49624	-1.54044	1.92564	
0.558412	0.651835	1.29817	0.0817108	-2.00634	-0.218844	0.415742	-0.00519471	1.45064	0.797253	1.88664	1.60806	2.4907	-1.54517	1.92386	
0.558198	0.65226	1.29235	0.0835977	-2.00564	-0.215443	0.411774	-0.00424833	1.44911	0.806294	1.88968	1.59799	2.48749	-1.5479	1.92283	
0.557966	0.652723	1.286	0.0856566	-2.00487	-0.211732	0.407445	-0.00321571	1.44744	0.816158	1.89299	1.58701	2.484	-1.55088	1.92171	
0.557558	0.653533	1.2749	0.0892564	-2.00352	-0.205244	0.399876	-0.00141019	1.44453	0.833406	1.89878	1.56781	2.47788	-1.55609	1.91974	
0.557304	0.654039	1.26797	0.0915043	-2.00268	-0.201192	0.395149	-0.000282732	1.44271	0.844176	1.90239	1.55583	2.47406	-1.55935	1.91852	
0.557057	0.654531	1.26124	0.0936894	-2.00186	-0.197254	0.390554	0.000813233	1.44094	0.854645	1.90591	1.54417	2.47035	-1.56251	1.91732	
0.556778	0.655086	1.25363	0.0961561	-2.00094	-0.192808	0.385368	0.0020504	1.43895	0.866464	1.90987	1.53102	2.46616	-1.56609	1.91598	
0.55629	0.656058	1.24032	0.100474	-1.99933	-0.185025	0.376287	0.00421626	1.43545	0.887153	1.91682	1.50799	2.45882	-1.57234	1.91362	
0.555985	0.656665	1.232	0.10317	-1.99832	-0.180166	0.370619	0.00556842	1.43327	0.90007	1.92115	1.49361	2.45424	-1.57624	1.91215	
0.555689	0.657252	1.22395	0.105783	-1.99734	-0.175456	0.365125	0.00687886	1.43115	0.912589	1.92536	1.47967	2.44981	-1.58003	1.91072	
0.555368	0.657892	1.21519	0.108623	-1.99628	-0.170338	0.359153	0.00830324	1.42885	0.926195	1.92992	1.46453	2.44498	-1.58414	1.90917	
0.554721	0.6594	1.19777	0.114964	-1.9938	-0.160505	0.346995	0.010564	1.424	0.953373	1.93974	1.43476	2.43488	-1.59258	1.90666	
0.553712	0.665818	1.17419	0.134249	-1.98429	-0.153723	0.325765	0.00380082	1.41238	0.991257	1.96493	1.40144	2.41279	-1.60782	1.91312	
0.552873	0.676059	1.15188	0.126142	-1.98177	-0.153236	0.306494	0.00216944	1.3978	1.0148	1.97344	1.37698	2.39844	-1.61118	1.91444	
0.551667	0.691424	1.11933	0.110503	-1.97912	-0.153111	0.278627	0.00071732	1.3762	1.04748	1.98347	1.34201	2.37863	-1.61451	1.91543	
0.550752	0.703092	1.09464	0.0985375	-1.97714	-0.153032	0.257488	-0.000360481	1.35981	1.07224	1.99101	1.3155	2.36362	-1.617	1.91616	
0.550244	0.709575	1.08092	0.0918862	-1.97604	-0.152988	0.245744	-0.000958448	1.3507	1.086	1.9952	1.30077	2.35528	-1.61838	1.91657	
0.54974	0.716013	1.0673	0.0852822	-1.97495	-0.152945	0.234084	-0.00155206	1.34166	1.09965	1.99936	1.28614	2.34701	-1.61975	1.91697	
0.549218	0.722667	1.05321	0.0784547	-1.97383	-0.152901	0.222029	-0.00216575	1.33231	1.11377	2.00366	1.27102	2.33845	-1.62117	1.91738	
0.548678	0.72956	1.03863	0.0713828	-1.97266	-0.152854	0.209543	-0.00280141	1.32262	1.1284	2.00812	1.25536	2.32959	-1.62264	1.91781	
0.548118	0.7367	1.02352	0.0640579	-1.97145	-0.152807	0.19661	-0.00345981	1.31259	1.14354	2.01273	1.23914	2.32041	-1.62416	1.91826	
0.547506	0.744527	1.00697	0.05607	-1.97012	-0.152782	0.182457	-0.00421214	1.3016	1.1601	2.01781	1.2214	2.31034	-1.62583	1.91878	
0.546248	0.761357	0.97252	0.0400188	-1.96727	-0.153776	0.153213	-0.00689507	1.27827	1.19365	2.02931	1.18565	2.28882	-1.62922	1.92097	
0.544308	0.795851	0.914455	0.0116704	-1.96388	-0.164855	0.105998	-0.0205795	1.23376	1.24122	2.0555	1.13896	2.24893	-1.63196	1.93386	
0.542125	0.837001	0.849147	-0.0514625	-1.96892	-0.170441	0.0511767	-0.0250443	1.18133	1.29888	2.07287	1.09072	2.21317	-1.62622	1.93749	
0.539646	0.884394	0.774607	-0.124746	-1.97541	-0.177084	-0.0113481	-0.030326	1.12113	1.36456	2.09293	1.03649	2.17244	-1.61911	1.94182	
0.53696	0.941633	0.689453	-0.209862	-1.98679	-0.188185	-0.080792	-0.0418082	1.05001	1.43599	2.12169	0.982722	2.12495	-1.6084	1.95231	
0.535453	0.974001	0.64081	-0.271406	-1.99594	-0.187401	-0.119435	-0.0424365	1.00986	1.4772	2.13055	0.955681	2.10499	-1.5987	1.95238	
0.533946	1.00637	0.592167	-0.332949	-2.00509	-0.186617	-0.158077	-0.0430648	0.969708	1.51841	2.13942	0.928641	2.08504	-1.589	1.95244	
0.531795	1.05406	0.521026	-0.427581	-2.01978	-0.181621	-0.213513	-0.0435822	0.910902	1.57685	2.15162	0.893285	2.05968	-1.57239	1.95228	
0.529643	1.10175	0.449885	-0.522212	-2.03446	-0.176624	-0.26895	-0.0440996	0.852096	1.63529	2.16383	0.857929	2.03432	-1.55579	1.95212	
0.52723	1.15385	0.368824	-0.64032	-2.04714	-0.15874	-0.328979	-0.0378882	0.787526	1.69637	2.16725	0.82287	2.01676	-1.53398	1.94516	
0.524817	1.20596	0.287763	-0.758428	-2.05981	-0.140855	-0.389008	-0.0316767	0.722955	1.75746	2.17067	0.787811	1.99919	-1.51217	1.93821	
0.523092	1.24125	0.230335	-0.846197	-2.06031	-0.119958	-0.429677	-0.0231045	0.678751	1.79404	2.16557	0.765796	1.99479	-1.49588	1.92913	
0.521366	1.27654	0.172908	-0.933966	-2.06081	-0.0990613	-0.470345	-0.0145322	0.634546	1.83062	2.16047	0.74378	1.99038	-1.47958	1.92005	
0.51964	1.31183	0.11548	-1.02174	-2.06131	-0.0781647	-0.511014	-0.00595996	0.590341	1.8672	2.15537	0.721765	1.98597	-1.46329	1.91097	
0.517494	1.35308	0.0469703	-1.12867	-2.05017	-0.0471578	-0.559296	0.00778401	0.537999	1.90395	2.14254	0.696934	1.98792	-1.44342	1.89656	
0.515348	1.39433	-0.0215394	-1.23561	-2.03902	-0.0161508	-0.607578	0.021528	0.485657	1.94069	2.12971	0.672104	1.98986	-1.42355	1.88215	
0.513695	1.42611	-0.0734527	-1.31125	-2.01308	0.00718702	-0.640736	0.0330112	0.44534	1.95536	2.11317	0.655963	1.99739	-1.41232	1.87009	
0.512042	1.45789	-0.125366	-1.3869	-1.98713	0.0305248	-0.673894	0.0444944	0.405022	1.97002	2.09662	0.639823	2.00492	-1.40109	1.85802	
0.509171	1.50033	-0.186769	-1.48272	-1.94705	0.0591217	-0.719319	0.0588898	0.35146	1.98695	2.07612	0.61724	2.01588	-1.38596	1.84335	
0.506301	1.54277	-0.248171	-1.57854	-1.90698	0.0877187	-0.764744	0.0732851	0.297898	2.00387	2.05561	0.594657	2.02684	-1.37084	1.82867	
0.495173	1.59084	-0.287562	-1.64527	-1.86813	0.117547	-0.790994	0.082034	0.256887	2.00321	2.04318	0.574259	2.03365	-1.36643	1.83779	
0.484045	1.63891	-0.326953	-1.712	-1.82928	0.147374	-0.817243	0.0907828	0.215876	2.00254	2.03076	0.553862	2.04046	-1.36201	1.84691	
0.506975	1.70057	-0.334914	-1.6992	-1.81314	0.200293	-0.833844	0.148637	0.224671	1.99945	2.0768	0.512249	2.08544	-1.35628	1.94499	
0.529906	1.76222	-0.342875	-1.68641	-1.79701	0.253211	-0.850445	0.206492	0.233467	1.99635	2.12284	0.470635	2.13042	-1.35054	2.04308	
0.56986	1.8062	-0.352945	-1.66308	-1.78677	0.289909	-0.869915	0.280549	0.250277	1.99814	2.18272	0.440381	2.19312	-1.34493	2.13797	
0.609815	1.85018	-0.363014	-1.63975	-1.77654	0.326608	-0.889386	0.354605	0.267087	1.99993	2.24261	0.410126	2.25583	-1.33931	2.23286	
0.597928	1.88741	-0.332327	-1.65077	-1.79297	0.340539	-0.874733	0.417836	0.266577	1.97348	2.34591	0.432961	2.33846	-1.32183	2.33528	
0.586041	1.92463	-0.301639	-1.6618	-1.80941	0.35447	-0.86008	0.481067	0.266066	1.94704	2.44921	0.455795	2.42109	-1.30434	2.4377	
0.574155	1.96185	-0.270951	-1.67282	-1.82585	0.368401	-0.845427	0.544298	0.265556	1.9206	2.55251	0.47863	2.50372	-1.28686	2.54012	
0.560031	2.00159	-0.237254	-1.68165	-1.846	0.381966	-0.830699	0.60769	0.260493	1.89683	2.6532	0.503565	2.58767	-1.27031	2.63827	
0.545907	2.04133	-0.203557	-1.69048	-1.86614	0.39553	-0.815971	0.671082	0.25543	1.87306	2.75389	0.5285	2.67162	-1.25376	2.73643	
0.531783	2.08107	-0.169861	-1.69931	-1.88628	0.409094	-0.801242	0.734474	0.250368	1.84929	2.85458	0.553435	2.75557	-1.23721	2.83458	
0.521817	2.11254	-0.145106	-1.70246	-1.90311	0.419505	-0.792357	0.781049	0.243103	1.83806	2.92244	0.574624	2.81645	-1.22809	2.90098	
0.51185	2.14402	-0.120351	-1.70561	-1.91994	0.429917	-0.783472	0.827625	0.235838	1.82683	2.9903	0.595813	2.87733	-1.21898	2.96738	
0.501884	2.17549	-0.0955966	-1.70875	-1.93677	0.440329	-0.774587	0.874201	0.228574	1.8156	3.05816	0.617002	2.93821	-1.20986	3.03378	
