0.183462	2.7124	-1.31258	1.59291	1.39413	1.47182	1.53363	0.596854	0.18007	1.07772	0.0924221	-1.58417	0.0644419	-0.661466	1.28516	
0.116698	2.68822	-1.30717	1.5514	1.39878	1.43368	1.50647	0.479139	0.195537	1.03265	0.0719829	-1.55903	-0.000482768	-0.586644	1.24437	
0.0499338	2.66404	-1.30176	1.50988	1.40343	1.39554	1.47932	0.361423	0.211003	0.987581	0.0515437	-1.53388	-0.0654074	-0.511821	1.20358	
-0.0168304	2.63986	-1.29636	1.46836	1.40808	1.3574	1.45217	0.243707	0.22647	0.942512	0.0311046	-1.50874	-0.130332	-0.436999	1.16279	
-0.0835946	2.61568	-1.29095	1.42684	1.41273	1.31926	1.42501	0.125992	0.241937	0.897443	0.0106654	-1.48359	-0.195257	-0.362177	1.122	
-0.150359	2.5915	-1.28554	1.38532	1.41738	1.28112	1.39786	0.00827584	0.257404	0.852374	-0.00977378	-1.45845	-0.260181	-0.287355	1.08121	
-0.217123	2.56731	-1.28013	1.34381	1.42203	1.24299	1.37071	-0.10944	0.27287	0.807304	-0.030213	-1.43331	-0.325106	-0.212533	1.04042	
-0.283887	2.54313	-1.27473	1.30229	1.42668	1.20485	1.34356	-0.227156	0.288337	0.762235	-0.0506521	-1.40816	-0.390031	-0.13771	0.999635	
-0.350651	2.51895	-1.26932	1.26077	1.43133	1.16671	1.3164	-0.344871	0.303804	0.717166	-0.0710913	-1.38302	-0.454955	-0.062888	0.958847	
-0.417416	2.49477	-1.26391	1.21925	1.43598	1.12857	1.28925	-0.462587	0.319271	0.672097	-0.0915305	-1.35787	-0.51988	0.0119342	0.918058	
-0.48418	2.47059	-1.2585	1.17774	1.44063	1.09043	1.2621	-0.580303	0.334738	0.627027	-0.11197	-1.33273	-0.584804	0.0867564	0.877269	
-0.550944	2.44641	-1.2531	1.13622	1.44528	1.05229	1.23494	-0.698018	0.350204	0.581958	-0.132409	-1.30758	-0.649729	0.161579	0.83648	
-0.617708	2.42222	-1.24769	1.0947	1.44993	1.01415	1.20779	-0.815734	0.365671	0.536889	-0.152848	-1.28244	-0.714654	0.236401	0.795691	
-0.684472	2.39804	-1.24228	1.05318	1.45458	0.976016	1.18064	-0.93345	0.381138	0.49182	-0.173287	-1.25729	-0.779578	0.311223	0.754902	
-0.751237	2.37386	-1.23687	1.01166	1.45923	0.937878	1.15349	-1.05117	0.396605	0.44675	-0.193726	-1.23215	-0.844503	0.386045	0.714114	
-0.818001	2.34968	-1.23146	0.970146	1.46388	0.89974	1.12633	-1.16888	0.412072	0.401681	-0.214166	-1.207	-0.909428	0.460868	0.673325	
-0.884765	2.3255	-1.22606	0.928629	1.46853	0.861601	1.09918	-1.2866	0.427538	0.356612	-0.234605	-1.18186	-0.974352	0.53569	0.632536	
-0.951529	2.30131	-1.22065	0.887111	1.47318	0.823463	1.07203	-1.40431	0.443005	0.311543	-0.255044	-1.15672	-1.03928	0.610512	0.591747	
-1.01829	2.27713	-1.21524	0.845593	1.47783	0.785324	1.04487	-1.52203	0.458472	0.266473	-0.275483	-1.13157	-1.1042	0.685334	0.550958	
-1.08506	2.25295	-1.20983	0.804075	1.48248	0.747186	1.01772	-1.63974	0.473939	0.221404	-0.295922	-1.10643	-1.16913	0.760157	0.510169	
-1.17062	2.20867	-1.19672	0.758997	1.48784	0.747083	1.00195	-1.71312	0.493539	0.114787	-0.336351	-1.06652	-1.19079	0.812459	0.546679	
-1.25618	2.16439	-1.18361	0.713918	1.49321	0.74698	0.986184	-1.78649	0.513139	0.00817045	-0.37678	-1.02662	-1.21246	0.864762	0.583188	
-1.34174	2.12011	-1.1705	0.66884	1.49858	0.746877	0.970416	-1.85986	0.532739	-0.0984464	-0.417209	-0.986715	-1.23413	0.917065	0.619697	
-1.4273	2.07583	-1.15739	0.623762	1.50395	0.746774	0.954647	-1.93323	0.552339	-0.205063	-0.457637	-0.946811	-1.2558	0.969368	0.656206	
-1.51286	2.03156	-1.14428	0.578683	1.50932	0.746671	0.938879	-2.0066	0.57194	-0.31168	-0.498066	-0.906907	-1.27747	1.02167	0.692715	
-1.59842	1.98728	-1.13117	0.533605	1.51469	0.746568	0.92311	-2.07997	0.59154	-0.418297	-0.538495	-0.867003	-1.29914	1.07397	0.729225	
-1.68398	1.943	-1.11806	0.488527	1.52006	0.746465	0.907342	-2.15334	0.61114	-0.524914	-0.578924	-0.8271	-1.3208	1.12628	0.765734	
-1.76955	1.89872	-1.10495	0.443448	1.52542	0.746362	0.891573	-2.22672	0.63074	-0.631531	-0.619352	-0.787196	-1.34247	1.17858	0.802243	
-1.85511	1.85444	-1.09184	0.39837	1.53079	0.746259	0.875805	-2.30009	0.65034	-0.738147	-0.659781	-0.747292	-1.36414	1.23088	0.838752	
-1.94067	1.81016	-1.07873	0.353292	1.53616	0.746156	0.860036	-2.37346	0.66994	-0.844764	-0.70021	-0.707388	-1.38581	1.28319	0.875261	
-2.02623	1.76588	-1.06562	0.308213	1.54153	0.746053	0.844268	-2.44683	0.689541	-0.951381	-0.740639	-0.667484	-1.40748	1.33549	0.91177	
-2.11179	1.7216	-1.05251	0.263135	1.5469	0.74595	0.828499	-2.5202	0.709141	-1.058	-0.781067	-0.627581	-1.42915	1.38779	0.94828	
-2.19735	1.67732	-1.0394	0.218057	1.55227	0.745847	0.812731	-2.59357	0.728741	-1.16461	-0.821496	-0.587677	-1.45081	1.4401	0.984789	
-2.28291	1.63304	-1.02629	0.172978	1.55764	0.745744	0.796962	-2.66694	0.748341	-1.27123	-0.861925	-0.547773	-1.47248	1.4924	1.0213	
-2.19954	1.52966	-1.02967	0.159064	1.53665	0.702927	0.807996	-2.66143	0.691085	-1.28146	-0.792861	-0.538957	-1.3717	1.49112	1.02234	
-2.11617	1.42628	-1.03305	0.145149	1.51567	0.660109	0.819031	-2.65591	0.633829	-1.2917	-0.723796	-0.530142	-1.27092	1.48985	1.02338	
-2.03279	1.3229	-1.03642	0.131235	1.49469	0.617292	0.830065	-2.6504	0.576572	-1.30193	-0.654732	-0.521327	-1.17014	1.48857	1.02442	
-1.94942	1.21952	-1.0398	0.117321	1.47371	0.574474	0.841099	-2.64488	0.519316	-1.31216	-0.585668	-0.512511	-1.06936	1.4873	1.02546	
-1.86605	1.11613	-1.04318	0.103406	1.45273	0.531657	0.852134	-2.63937	0.462059	-1.3224	-0.516604	-0.503696	-0.968575	1.48602	1.0265	
-1.78268	1.01275	-1.04656	0.0894917	1.43174	0.48884	0.863168	-2.63385	0.404803	-1.33263	-0.44754	-0.49488	-0.867793	1.48475	1.02754	
-1.69931	0.90937	-1.04993	0.0755773	1.41076	0.446022	0.874202	-2.62834	0.347547	-1.34286	-0.378475	-0.486065	-0.767012	1.48347	1.02858	
-1.61593	0.805988	-1.05331	0.0616629	1.38978	0.403205	0.885237	-2.62282	0.29029	-1.3531	-0.309411	-0.477249	-0.66623	1.4822	1.02962	
-1.53256	0.702607	-1.05669	0.0477485	1.3688	0.360387	0.896271	-2.61731	0.233034	-1.36333	-0.240347	-0.468434	-0.565448	1.48092	1.03066	
-1.44919	0.599225	-1.06007	0.0338341	1.34782	0.31757	0.907305	-2.61179	0.175778	-1.37356	-0.171283	-0.459618	-0.464667	1.47965	1.0317	
-1.36582	0.495843	-1.06344	0.0199197	1.32683	0.274753	0.91834	-2.60628	0.118521	-1.3838	-0.102218	-0.450803	-0.363885	1.47837	1.03274	
-1.28245	0.392462	-1.06682	0.00600527	1.30585	0.231935	0.929374	-2.60076	0.061265	-1.39403	-0.0331541	-0.441987	-0.263103	1.47709	1.03378	
-1.19907	0.28908	-1.0702	-0.00790914	1.28487	0.189118	0.940409	-2.59524	0.00400864	-1.40426	0.0359101	-0.433172	-0.162322	1.47582	1.03482	
-1.1157	0.185698	-1.07358	-0.0218235	1.26389	0.146301	0.951443	-2.58973	-0.0532477	-1.41449	0.104974	-0.424356	-0.0615402	1.47454	1.03586	
-1.03233	0.0823167	-1.07695	-0.035738	1.2429	0.103483	0.962477	-2.58421	-0.110504	-1.42473	0.174039	-0.415541	0.0392414	1.47327	1.0369	
-0.948957	-0.021065	-1.08033	-0.0496524	1.22192	0.0606658	0.973512	-2.5787	-0.16776	-1.43496	0.243103	-0.406725	0.140023	1.47199	1.03794	
-0.865585	-0.124447	-1.08371	-0.0635668	1.20094	0.0178485	0.984546	-2.57318	-0.225017	-1.44519	0.312167	-0.39791	0.240805	1.47072	1.03898	
-0.782213	-0.227828	-1.08709	-0.0774812	1.17996	-0.0249689	0.99558	-2.56767	-0.282273	-1.45543	0.381231	-0.389094	0.341586	1.46944	1.04002	
-0.698841	-0.33121	-1.09046	-0.0913956	1.15898	-0.0677863	1.00661	-2.56215	-0.339529	-1.46566	0.450295	-0.380279	0.442368	1.46817	1.04106	
-0.615469	-0.434592	-1.09384	-0.10531	1.13799	-0.110604	1.01765	-2.55664	-0.396786	-1.47589	0.51936	-0.371463	0.543149	1.46689	1.0421	
-0.532097	-0.537973	-1.09722	-0.119224	1.11701	-0.153421	1.02868	-2.55112	-0.454042	-1.48613	0.588424	-0.362648	0.643931	1.46562	1.04314	
-0.510188	-0.661204	-1.09036	-0.113941	1.14589	-0.149336	1.00732	-2.50934	-0.552656	-1.48131	0.641222	-0.412607	0.699043	1.46712	1.09722	
-0.488278	-0.784435	-1.0835	-0.108658	1.17477	-0.14525	0.985952	-2.46757	-0.65127	-1.47649	0.69402	-0.462566	0.754155	1.46862	1.1513	
-0.466368	-0.907665	-1.07664	-0.103376	1.20364	-0.141165	0.964587	-2.42579	-0.749884	-1.47167	0.746818	-0.512525	0.809266	1.47013	1.20537	
-0.444459	-1.0309	-1.06978	-0.0980926	1.23252	-0.137079	0.943221	-2.38402	-0.848499	-1.46685	0.799616	-0.562485	0.864378	1.47163	1.25945	
-0.422549	-1.15413	-1.06292	-0.0928096	1.2614	-0.132994	0.921856	-2.34224	-0.947113	-1.46203	0.852415	-0.612444	0.91949	1.47314	1.31352	
-0.40064	-1.27736	-1.05606	-0.0875267	1.29028	-0.128908	0.90049	-2.30046	-1.04573	-1.45721	0.905213	-0.662403	0.974602	1.47464	1.3676	
-0.37873	-1.40059	-1.0492	-0.0822437	1.31915	-0.124823	0.879125	-2.25869	-1.14434	-1.45239	0.958011	-0.712362	1.02971	1.47614	1.42168	
-0.356821	-1.52382	-1.04234	-0.0769608	1.34803	-0.120737	0.857759	-2.21691	-1.24295	-1.44757	1.01081	-0.762321	1.08482	1.47765	1.47575	
-0.334911	-1.64705	-1.03548	-0.0716778	1.37691	-0.116652	0.836393	-2.17513	-1.34157	-1.44275	1.06361	-0.812281	1.13994	1.47915	1.52983	
-0.313002	-1.77028	-1.02862	-0.0663949	1.40579	-0.112566	0.815028	-2.13336	-1.44018	-1.43793	1.11641	-0.86224	1.19505	1.48066	1.58391	
-0.291092	-1.89351	-1.02176	-0.0611119	1.43466	-0.108481	0.793662	-2.09158	-1.5388	-1.43311	1.1692	-0.912199	1.25016	1.48216	1.63798	
-0.269183	-2.01674	-1.0149	-0.055829	1.46354	-0.104395	0.772297	-2.0498	-1.63741	-1.42829	1.222	-0.962158	1.30527	1.48366	1.69206	
-0.247273	-2.13997	-1.00804	-0.050546	1.49242	-0.10031	0.750931	-2.00803	-1.73603	-1.42347	1.2748	-1.01212	1.36038	1.48517	1.74613	
-0.225364	-2.2632	-1.00118	-0.045263	1.52129	-0.0962246	0.729566	-1.96625	-1.83464	-1.41865	1.3276	-1.06208	1.4155	1.48667	1.80021	
-0.203454	-2.38643	-0.994323	-0.0399801	1.55017	-0.0921391	0.7082	-1.92447	-1.93325	-1.41383	1.3804	-1.11204	1.47061	1.48817	1.85429	
-0.181545	-2.50966	-0.987463	-0.0346971	1.57905	-0.0880536	0.686835	-1.8827	-2.03187	-1.40901	1.43319	-1.16199	1.52572	1.48968	1.90836	
-0.159635	-2.63289	-0.980603	-0.0294142	1.60793	-0.0839682	0.665469	-1.84092	-2.13048	-1.40419	1.48599	-1.21195	1.58083	1.49118	1.96244	
-0.137726	-2.75612	-0.973744	-0.0241312	1.6368	-0.0798827	0.644104	-1.79914	-2.2291	-1.39937	1.53879	-1.26191	1.63594	1.49269	2.01651	
-0.115816	-2.87935	-0.966884	-0.0188483	1.66568	-0.0757972	0.622738	-1.75737	-2.32771	-1.39456	1.59159	-1.31187	1.69105	1.49419	2.07059	
