0	0.785398	1.25664	-1.5708	-1.5708	0	0	0	0.785398	1.25664	-1.5708	-1.5708	0	0	0	
-0.051984	0.799916	1.22097	-1.56045	-1.52906	-0.050385	0.0145192	0.104913	0.724013	1.28158	-1.51376	-1.48888	0.0203993	0.0323563	-0.0270683	
-0.103968	0.814433	1.18531	-1.55011	-1.48733	-0.10077	0.0290385	0.209825	0.662628	1.30653	-1.45673	-1.40695	0.0407987	0.0647127	-0.0541367	
-0.155952	0.828951	1.14965	-1.53977	-1.4456	-0.151155	0.0435577	0.314738	0.601244	1.33147	-1.39969	-1.32503	0.061198	0.097069	-0.081205	
-0.207936	0.843468	1.11399	-1.52943	-1.40387	-0.20154	0.0580769	0.419651	0.539859	1.35642	-1.34265	-1.24311	0.0815974	0.129425	-0.108273	
-0.25992	0.857986	1.07832	-1.51909	-1.36214	-0.251925	0.0725962	0.524563	0.478474	1.38136	-1.28562	-1.16119	0.101997	0.161782	-0.135342	
-0.311904	0.872503	1.04266	-1.50874	-1.3204	-0.30231	0.0871154	0.629476	0.417089	1.40631	-1.22858	-1.07927	0.122396	0.194138	-0.16241	
-0.363888	0.887021	1.007	-1.4984	-1.27867	-0.352695	0.101635	0.734389	0.355704	1.43125	-1.17155	-0.997348	0.142795	0.226494	-0.189478	
-0.415872	0.901538	0.971336	-1.48806	-1.23694	-0.40308	0.116154	0.839301	0.294319	1.4562	-1.11451	-0.915427	0.163195	0.258851	-0.216547	
-0.53372	0.960843	0.913483	-1.44914	-1.2405	-0.407844	0.109069	0.932453	0.308601	1.48071	-1.09283	-0.916757	0.159769	0.326384	-0.207638	
-0.651568	1.02015	0.855629	-1.41023	-1.24406	-0.412609	0.101984	1.0256	0.322882	1.50523	-1.07114	-0.918087	0.156343	0.393917	-0.198729	
-0.769416	1.07945	0.797776	-1.37131	-1.24761	-0.417373	0.0948988	1.11875	0.337164	1.52974	-1.04945	-0.919417	0.152917	0.461451	-0.18982	
-0.887264	1.13876	0.739923	-1.33239	-1.25117	-0.422137	0.0878137	1.21191	0.351445	1.55426	-1.02777	-0.920747	0.149491	0.528984	-0.180911	
-1.00511	1.19806	0.68207	-1.29347	-1.25473	-0.426901	0.0807287	1.30506	0.365727	1.57877	-1.00608	-0.922077	0.146065	0.596517	-0.172002	
-1.12296	1.25737	0.624217	-1.25456	-1.25829	-0.431665	0.0736436	1.39821	0.380009	1.60329	-0.984392	-0.923407	0.14264	0.66405	-0.163093	
-1.24081	1.31667	0.566363	-1.21564	-1.26184	-0.43643	0.0665586	1.49136	0.39429	1.6278	-0.962706	-0.924736	0.139214	0.731584	-0.154184	
-1.35866	1.37598	0.50851	-1.17672	-1.2654	-0.441194	0.0594735	1.58451	0.408572	1.65232	-0.941019	-0.926066	0.135788	0.799117	-0.145275	
-1.47651	1.43528	0.450657	-1.1378	-1.26896	-0.445958	0.0523885	1.67766	0.422853	1.67683	-0.919332	-0.927396	0.132362	0.86665	-0.136366	
-1.59435	1.49459	0.392804	-1.09889	-1.27252	-0.450722	0.0453035	1.77081	0.437135	1.70135	-0.897646	-0.928726	0.128936	0.934184	-0.127457	
-1.7122	1.55389	0.33495	-1.05997	-1.27608	-0.455486	0.0382184	1.86396	0.451416	1.72587	-0.875959	-0.930056	0.12551	1.00172	-0.118548	
-1.63378	1.53725	0.391603	-1.0044	-1.26276	-0.422423	0.0577994	1.79132	0.526992	1.6928	-0.872509	-0.902553	0.179817	0.924546	-0.137574	
-1.55535	1.52061	0.448256	-0.948836	-1.24944	-0.38936	0.0773804	1.71867	0.602567	1.65973	-0.869059	-0.87505	0.234124	0.847375	-0.156599	
-1.47692	1.50397	0.504908	-0.893269	-1.23612	-0.356297	0.0969614	1.64602	0.678142	1.62666	-0.865609	-0.847548	0.288431	0.770204	-0.175625	
-1.3985	1.48733	0.561561	-0.837702	-1.2228	-0.323234	0.116542	1.57337	0.753718	1.5936	-0.862159	-0.820045	0.342738	0.693033	-0.194651	
-1.32007	1.47068	0.618213	-0.782136	-1.20948	-0.290171	0.136123	1.50072	0.829293	1.56053	-0.858709	-0.792542	0.397045	0.615862	-0.213676	
-1.24165	1.45404	0.674866	-0.726569	-1.19616	-0.257108	0.155704	1.42807	0.904869	1.52746	-0.855259	-0.765039	0.451352	0.538691	-0.232702	
-1.16322	1.4374	0.731518	-0.671002	-1.18284	-0.224045	0.175285	1.35543	0.980444	1.49439	-0.851808	-0.737536	0.505658	0.461521	-0.251728	
-1.07499	1.44925	0.768102	-0.733417	-1.20516	-0.206026	0.159677	1.25974	1.02709	1.47804	-0.903568	-0.799686	0.463179	0.432046	-0.230198	
-0.986758	1.46111	0.804685	-0.795831	-1.22748	-0.188007	0.144068	1.16406	1.07374	1.46168	-0.955328	-0.861836	0.4207	0.402572	-0.208669	
-0.898526	1.47296	0.841268	-0.858246	-1.24981	-0.169988	0.128459	1.06838	1.12039	1.44532	-1.00709	-0.923986	0.378221	0.373098	-0.187139	
-0.810293	1.48482	0.877852	-0.920661	-1.27213	-0.151969	0.11285	0.972702	1.16704	1.42896	-1.05885	-0.986136	0.335741	0.343624	-0.16561	
-0.722061	1.49667	0.914435	-0.983075	-1.29445	-0.13395	0.0972411	0.877021	1.21369	1.41261	-1.11061	-1.04829	0.293262	0.314149	-0.144081	
-0.633829	1.50852	0.951018	-1.04549	-1.31678	-0.115932	0.0816322	0.781341	1.26033	1.39625	-1.16237	-1.11044	0.250783	0.284675	-0.122551	
-0.545597	1.52038	0.987602	-1.1079	-1.3391	-0.0979127	0.0660234	0.68566	1.30698	1.37989	-1.21413	-1.17259	0.208303	0.255201	-0.101022	
-0.457365	1.53223	1.02419	-1.17032	-1.36143	-0.0798938	0.0504145	0.589979	1.35363	1.36354	-1.26589	-1.23474	0.165824	0.225726	-0.0794927	
-0.369133	1.54408	1.06077	-1.23273	-1.38375	-0.0618749	0.0348056	0.494298	1.40028	1.34718	-1.31765	-1.29689	0.123345	0.196252	-0.0579633	
-0.280901	1.55594	1.09735	-1.29515	-1.40607	-0.043856	0.0191968	0.398618	1.44693	1.33082	-1.36941	-1.35904	0.0808656	0.166778	-0.036434	
-0.192669	1.56779	1.13394	-1.35756	-1.4284	-0.0258372	0.00358793	0.302937	1.49357	1.31446	-1.42117	-1.42119	0.0383863	0.137304	-0.0149046	
-0.104437	1.57965	1.17052	-1.41998	-1.45072	-0.0078183	-0.0120209	0.207256	1.54022	1.29811	-1.47293	-1.48334	-0.00409296	0.107829	0.00662472	
-0.0162053	1.5915	1.2071	-1.48239	-1.47304	0.0102006	-0.0276298	0.111575	1.58687	1.28175	-1.52469	-1.54549	-0.0465722	0.0783552	0.0281541	
0.0720267	1.60335	1.24369	-1.54481	-1.49537	0.0282194	-0.0432386	0.0158944	1.63352	1.26539	-1.57645	-1.60764	-0.0890515	0.0488809	0.0496834	
