-1.55169	-0.446382	1.2884	1.76627	-1.69405	1.24704	-1.72268	-2.90199	-0.450673	1.21434	1.89572	-1.57891	1.17529	-1.87199	-2.84101	
-1.55169	-0.446312	1.28805	1.76572	-1.69343	1.24765	-1.72201	-2.83119	-0.448461	1.21439	1.89521	-1.57748	1.17654	-1.87226	-2.77135	
-1.55169	-0.446243	1.28769	1.76516	-1.69282	1.24827	-1.72134	-2.76039	-0.44625	1.21444	1.89471	-1.57605	1.17779	-1.87253	-2.70169	
-1.55169	-0.446173	1.28734	1.76461	-1.69221	1.24888	-1.72067	-2.68959	-0.444038	1.21449	1.8942	-1.57463	1.17904	-1.8728	-2.63203	
-1.55169	-0.446104	1.28699	1.76405	-1.69159	1.2495	-1.72	-2.6188	-0.441826	1.21454	1.89369	-1.5732	1.1803	-1.87308	-2.56237	
-1.55169	-0.446034	1.28663	1.7635	-1.69098	1.25011	-1.71933	-2.548	-0.439614	1.21459	1.89319	-1.57177	1.18155	-1.87335	-2.49271	
-1.55169	-0.445965	1.28628	1.76295	-1.69037	1.25073	-1.71866	-2.4772	-0.437403	1.21464	1.89268	-1.57035	1.1828	-1.87362	-2.42304	
-1.55169	-0.445895	1.28593	1.76239	-1.68976	1.25134	-1.71799	-2.40641	-0.435191	1.21469	1.89217	-1.56892	1.18405	-1.8739	-2.35338	
-1.55169	-0.445826	1.28557	1.76184	-1.68914	1.25196	-1.71732	-2.33561	-0.432979	1.21475	1.89166	-1.56749	1.1853	-1.87417	-2.28372	
-1.55169	-0.445756	1.28522	1.76128	-1.68853	1.25257	-1.71665	-2.26481	-0.430767	1.2148	1.89116	-1.56607	1.18656	-1.87444	-2.21406	
-1.55169	-0.445687	1.28486	1.76073	-1.68792	1.25319	-1.71598	-2.19402	-0.428556	1.21485	1.89065	-1.56464	1.18781	-1.87471	-2.1444	
-1.55169	-0.445617	1.28451	1.76017	-1.6873	1.2538	-1.71531	-2.12322	-0.426344	1.2149	1.89014	-1.56321	1.18906	-1.87499	-2.07474	
-1.55169	-0.445547	1.28416	1.75962	-1.68669	1.25442	-1.71464	-2.05242	-0.424132	1.21495	1.88963	-1.56179	1.19031	-1.87526	-2.00508	
-1.55169	-0.445478	1.2838	1.75906	-1.68608	1.25503	-1.71397	-1.98163	-0.42192	1.215	1.88913	-1.56036	1.19156	-1.87553	-1.93541	
-1.55169	-0.445408	1.28345	1.75851	-1.68547	1.25565	-1.7133	-1.91083	-0.419709	1.21505	1.88862	-1.55893	1.19282	-1.87581	-1.86575	
-1.55169	-0.445339	1.2831	1.75795	-1.68485	1.25626	-1.71263	-1.84003	-0.417497	1.2151	1.88811	-1.5575	1.19407	-1.87608	-1.79609	
-1.55169	-0.445269	1.28274	1.7574	-1.68424	1.25688	-1.71196	-1.76923	-0.415285	1.21515	1.88761	-1.55608	1.19532	-1.87635	-1.72643	
-1.55169	-0.4452	1.28239	1.75684	-1.68363	1.25749	-1.71129	-1.69844	-0.413073	1.2152	1.8871	-1.55465	1.19657	-1.87662	-1.65677	
-1.55169	-0.44513	1.28203	1.75629	-1.68301	1.25811	-1.71062	-1.62764	-0.410862	1.21525	1.88659	-1.55322	1.19782	-1.8769	-1.58711	
-1.55169	-0.445061	1.28168	1.75573	-1.6824	1.25872	-1.70995	-1.55684	-0.40865	1.2153	1.88608	-1.5518	1.19908	-1.87717	-1.51745	
-1.55169	-0.444991	1.28133	1.75518	-1.68179	1.25934	-1.70928	-1.48605	-0.406438	1.21535	1.88558	-1.55037	1.20033	-1.87744	-1.44779	
-1.55169	-0.444922	1.28097	1.75462	-1.68118	1.25995	-1.70861	-1.41525	-0.404227	1.2154	1.88507	-1.54894	1.20158	-1.87772	-1.37812	
-1.55169	-0.444852	1.28062	1.75407	-1.68056	1.26057	-1.70794	-1.34445	-0.402015	1.21546	1.88456	-1.54752	1.20283	-1.87799	-1.30846	
-1.55169	-0.444783	1.28027	1.75351	-1.67995	1.26118	-1.70727	-1.27366	-0.399803	1.21551	1.88405	-1.54609	1.20409	-1.87826	-1.2388	
-1.55169	-0.444713	1.27991	1.75296	-1.67934	1.2618	-1.7066	-1.20286	-0.397591	1.21556	1.88355	-1.54466	1.20534	-1.87853	-1.16914	
-1.55169	-0.444643	1.27956	1.7524	-1.67873	1.26241	-1.70593	-1.13206	-0.39538	1.21561	1.88304	-1.54324	1.20659	-1.87881	-1.09948	
-1.55169	-0.444574	1.27921	1.75185	-1.67811	1.26303	-1.70526	-1.06126	-0.393168	1.21566	1.88253	-1.54181	1.20784	-1.87908	-1.02982	
-1.55169	-0.444504	1.27885	1.75129	-1.6775	1.26364	-1.70459	-0.990468	-0.390956	1.21571	1.88203	-1.54038	1.20909	-1.87935	-0.960157	
-1.55169	-0.444435	1.2785	1.75074	-1.67689	1.26426	-1.70392	-0.919671	-0.388744	1.21576	1.88152	-1.53896	1.21035	-1.87963	-0.890495	
-1.55169	-0.444365	1.27814	1.75018	-1.67627	1.26487	-1.70325	-0.848874	-0.386533	1.21581	1.88101	-1.53753	1.2116	-1.8799	-0.820834	
-1.55169	-0.444296	1.27779	1.74963	-1.67566	1.26549	-1.70258	-0.778077	-0.384321	1.21586	1.8805	-1.5361	1.21285	-1.88017	-0.751173	
-1.55169	-0.444226	1.27744	1.74907	-1.67505	1.2661	-1.70191	-0.70728	-0.382109	1.21591	1.88	-1.53468	1.2141	-1.88044	-0.681512	
-1.55169	-0.444157	1.27708	1.74852	-1.67444	1.26672	-1.70124	-0.636483	-0.379897	1.21596	1.87949	-1.53325	1.21535	-1.88072	-0.61185	
-1.55169	-0.444087	1.27673	1.74796	-1.67382	1.26734	-1.70057	-0.565686	-0.377686	1.21601	1.87898	-1.53182	1.21661	-1.88099	-0.542189	
-1.55169	-0.444018	1.27638	1.74741	-1.67321	1.26795	-1.6999	-0.494889	-0.375474	1.21606	1.87847	-1.53039	1.21786	-1.88126	-0.472528	
-1.55169	-0.443948	1.27602	1.74685	-1.6726	1.26857	-1.69923	-0.424092	-0.373262	1.21611	1.87797	-1.52897	1.21911	-1.88154	-0.402866	
-1.55169	-0.443879	1.27567	1.7463	-1.67198	1.26918	-1.69856	-0.353295	-0.37105	1.21616	1.87746	-1.52754	1.22036	-1.88181	-0.333205	
-1.55169	-0.443809	1.27531	1.74574	-1.67137	1.2698	-1.69789	-0.282498	-0.368839	1.21622	1.87695	-1.52611	1.22161	-1.88208	-0.263544	
-1.55169	-0.443739	1.27496	1.74519	-1.67076	1.27041	-1.69722	-0.211701	-0.366627	1.21627	1.87645	-1.52469	1.22287	-1.88236	-0.193883	
-1.55169	-0.44367	1.27461	1.74463	-1.67015	1.27103	-1.69655	-0.140904	-0.364415	1.21632	1.87594	-1.52326	1.22412	-1.88263	-0.124221	
-1.55169	-0.4436	1.27425	1.74408	-1.66953	1.27164	-1.69588	-0.0701072	-0.362204	1.21637	1.87543	-1.52183	1.22537	-1.8829	-0.0545599	
-1.55169	-0.443531	1.2739	1.74352	-1.66892	1.27226	-1.69521	0.000689794	-0.359992	1.21642	1.87492	-1.52041	1.22662	-1.88317	0.0151014	
-1.55169	-0.443461	1.27355	1.74297	-1.66831	1.27287	-1.69454	0.0714868	-0.35778	1.21647	1.87442	-1.51898	1.22787	-1.88345	0.0847626	
-1.55169	-0.443392	1.27319	1.74241	-1.66769	1.27349	-1.69387	0.142284	-0.355568	1.21652	1.87391	-1.51755	1.22913	-1.88372	0.154424	
-1.55169	-0.443322	1.27284	1.74186	-1.66708	1.2741	-1.6932	0.213081	-0.353357	1.21657	1.8734	-1.51613	1.23038	-1.88399	0.224085	
-1.55169	-0.443253	1.27249	1.7413	-1.66647	1.27472	-1.69253	0.283878	-0.351145	1.21662	1.87289	-1.5147	1.23163	-1.88427	0.293747	
