-1.59061	-0.682979	1.40659	1.61872	-1.50468	1.38333	-1.62453	-2.39779	-0.70587	1.40642	1.71889	-1.62103	1.44354	-1.70555	2.46478	
-1.58923	-0.67908	1.40465	1.61657	-1.50407	1.38008	-1.6226	-2.39586	-0.70193	1.40432	1.71799	-1.62049	1.44266	-1.70378	2.45925	
-1.58784	-0.675181	1.40271	1.61441	-1.50345	1.37682	-1.62066	-2.39392	-0.697989	1.40222	1.71709	-1.61995	1.44179	-1.70201	2.45373	
-1.58646	-0.671282	1.40076	1.61225	-1.50284	1.37356	-1.61872	-2.39199	-0.694049	1.40012	1.71619	-1.61941	1.44091	-1.70024	2.4482	
-1.58507	-0.667383	1.39882	1.61009	-1.50223	1.37031	-1.61678	-2.39006	-0.690109	1.39803	1.71528	-1.61888	1.44004	-1.69848	2.44268	
-1.58369	-0.663484	1.39688	1.60794	-1.50161	1.36705	-1.61484	-2.38812	-0.686169	1.39593	1.71438	-1.61834	1.43916	-1.69671	2.43715	
-1.58231	-0.659585	1.39493	1.60578	-1.501	1.36379	-1.6129	-2.38619	-0.682228	1.39383	1.71348	-1.6178	1.43829	-1.69494	2.43162	
-1.58092	-0.655686	1.39299	1.60362	-1.50038	1.36054	-1.61096	-2.38425	-0.678288	1.39173	1.71257	-1.61727	1.43741	-1.69317	2.4261	
-1.57954	-0.651787	1.39105	1.60146	-1.49977	1.35728	-1.60902	-2.38232	-0.674348	1.38963	1.71167	-1.61673	1.43654	-1.69141	2.42057	
-1.57816	-0.647888	1.3891	1.5993	-1.49916	1.35402	-1.60708	-2.38039	-0.670408	1.38753	1.71077	-1.61619	1.43566	-1.68964	2.41505	
-1.57677	-0.643989	1.38716	1.59715	-1.49854	1.35077	-1.60514	-2.37845	-0.666467	1.38543	1.70987	-1.61566	1.43478	-1.68787	2.40952	
-1.57539	-0.64009	1.38522	1.59499	-1.49793	1.34751	-1.6032	-2.37652	-0.662527	1.38333	1.70896	-1.61512	1.43391	-1.6861	2.404	
-1.574	-0.636191	1.38327	1.59283	-1.49732	1.34426	-1.60126	-2.37458	-0.658587	1.38123	1.70806	-1.61458	1.43303	-1.68434	2.39847	
-1.57262	-0.632292	1.38133	1.59067	-1.4967	1.341	-1.59932	-2.37265	-0.654647	1.37913	1.70716	-1.61405	1.43216	-1.68257	2.39295	
-1.57124	-0.628392	1.37939	1.58851	-1.49609	1.33774	-1.59738	-2.37071	-0.650707	1.37703	1.70625	-1.61351	1.43128	-1.6808	2.38742	
-1.56985	-0.624493	1.37745	1.58636	-1.49547	1.33449	-1.59544	-2.36878	-0.646766	1.37493	1.70535	-1.61297	1.43041	-1.67903	2.3819	
-1.56847	-0.620594	1.3755	1.5842	-1.49486	1.33123	-1.5935	-2.36685	-0.642826	1.37284	1.70445	-1.61243	1.42953	-1.67727	2.37637	
-1.56709	-0.616695	1.37356	1.58204	-1.49425	1.32797	-1.59156	-2.36491	-0.638886	1.37074	1.70355	-1.6119	1.42866	-1.6755	2.37085	
-1.5657	-0.612796	1.37162	1.57988	-1.49363	1.32472	-1.58962	-2.36298	-0.634946	1.36864	1.70264	-1.61136	1.42778	-1.67373	2.36532	
-1.56432	-0.608897	1.36967	1.57773	-1.49302	1.32146	-1.58768	-2.36104	-0.631005	1.36654	1.70174	-1.61082	1.42691	-1.67196	2.3598	
-1.56293	-0.604998	1.36773	1.57557	-1.4924	1.3182	-1.58574	-2.35911	-0.627065	1.36444	1.70084	-1.61029	1.42603	-1.6702	2.35427	
-1.56155	-0.601099	1.36579	1.57341	-1.49179	1.31495	-1.58381	-2.35718	-0.623125	1.36234	1.69993	-1.60975	1.42516	-1.66843	2.34875	
-1.56017	-0.5972	1.36384	1.57125	-1.49118	1.31169	-1.58187	-2.35524	-0.619185	1.36024	1.69903	-1.60921	1.42428	-1.66666	2.34322	
-1.55878	-0.593301	1.3619	1.56909	-1.49056	1.30844	-1.57993	-2.35331	-0.615244	1.35814	1.69813	-1.60868	1.42341	-1.66489	2.3377	
-1.5574	-0.589402	1.35996	1.56694	-1.48995	1.30518	-1.57799	-2.35137	-0.611304	1.35604	1.69723	-1.60814	1.42253	-1.66313	2.33217	
-1.55602	-0.585503	1.35801	1.56478	-1.48933	1.30192	-1.57605	-2.34944	-0.607364	1.35394	1.69632	-1.6076	1.42166	-1.66136	2.32665	
-1.55463	-0.581604	1.35607	1.56262	-1.48872	1.29867	-1.57411	-2.3475	-0.603424	1.35184	1.69542	-1.60707	1.42078	-1.65959	2.32112	
-1.55325	-0.577705	1.35413	1.56046	-1.48811	1.29541	-1.57217	-2.34557	-0.599484	1.34974	1.69452	-1.60653	1.41991	-1.65782	2.31559	
-1.55186	-0.573806	1.35218	1.55831	-1.48749	1.29215	-1.57023	-2.34364	-0.595543	1.34764	1.69361	-1.60599	1.41903	-1.65606	2.31007	
-1.55048	-0.569907	1.35024	1.55615	-1.48688	1.2889	-1.56829	-2.3417	-0.591603	1.34555	1.69271	-1.60545	1.41816	-1.65429	2.30454	
-1.5491	-0.566007	1.3483	1.55399	-1.48627	1.28564	-1.56635	-2.33977	-0.587663	1.34345	1.69181	-1.60492	1.41728	-1.65252	2.29902	
-1.54771	-0.562108	1.34636	1.55183	-1.48565	1.28238	-1.56441	-2.33783	-0.583723	1.34135	1.69091	-1.60438	1.41641	-1.65075	2.29349	
-1.54633	-0.558209	1.34441	1.54967	-1.48504	1.27913	-1.56247	-2.3359	-0.579782	1.33925	1.69	-1.60384	1.41553	-1.64899	2.28797	
-1.54495	-0.55431	1.34247	1.54752	-1.48442	1.27587	-1.56053	-2.33397	-0.575842	1.33715	1.6891	-1.60331	1.41466	-1.64722	2.28244	
-1.54356	-0.550411	1.34053	1.54536	-1.48381	1.27261	-1.55859	-2.33203	-0.571902	1.33505	1.6882	-1.60277	1.41378	-1.64545	2.27692	
-1.54218	-0.546512	1.33858	1.5432	-1.4832	1.26936	-1.55665	-2.3301	-0.567962	1.33295	1.68729	-1.60223	1.41291	-1.64368	2.27139	
-1.54079	-0.542613	1.33664	1.54104	-1.48258	1.2661	-1.55471	-2.32816	-0.564021	1.33085	1.68639	-1.6017	1.41203	-1.64192	2.26587	
-1.53941	-0.538714	1.3347	1.53888	-1.48197	1.26285	-1.55277	-2.32623	-0.560081	1.32875	1.68549	-1.60116	1.41116	-1.64015	2.26034	
-1.53803	-0.534815	1.33275	1.53673	-1.48135	1.25959	-1.55083	-2.32429	-0.556141	1.32665	1.68459	-1.60062	1.41028	-1.63838	2.25482	
-1.53664	-0.530916	1.33081	1.53457	-1.48074	1.25633	-1.54889	-2.32236	-0.552201	1.32455	1.68368	-1.60008	1.4094	-1.63661	2.24929	
-1.53526	-0.527017	1.32887	1.53241	-1.48013	1.25308	-1.54695	-2.32043	-0.548261	1.32245	1.68278	-1.59955	1.40853	-1.63485	2.24377	
-1.53388	-0.523118	1.32692	1.53025	-1.47951	1.24982	-1.54501	-2.31849	-0.54432	1.32036	1.68188	-1.59901	1.40765	-1.63308	2.23824	
-1.53249	-0.519219	1.32498	1.5281	-1.4789	1.24656	-1.54308	-2.31656	-0.54038	1.31826	1.68098	-1.59847	1.40678	-1.63131	2.23272	
-1.53111	-0.51532	1.32304	1.52594	-1.47829	1.24331	-1.54114	-2.31462	-0.53644	1.31616	1.68007	-1.59794	1.4059	-1.62954	2.22719	
-1.52972	-0.511421	1.32109	1.52378	-1.47767	1.24005	-1.5392	-2.31269	-0.5325	1.31406	1.67917	-1.5974	1.40503	-1.62778	2.22167	
-1.52834	-0.507522	1.31915	1.52162	-1.47706	1.23679	-1.53726	-2.31076	-0.528559	1.31196	1.67827	-1.59686	1.40415	-1.62601	2.21614	
-1.52696	-0.503622	1.31721	1.51946	-1.47644	1.23354	-1.53532	-2.30882	-0.524619	1.30986	1.67736	-1.59633	1.40328	-1.62424	2.21061	
-1.52557	-0.499723	1.31527	1.51731	-1.47583	1.23028	-1.53338	-2.30689	-0.520679	1.30776	1.67646	-1.59579	1.4024	-1.62247	2.20509	
-1.52419	-0.495824	1.31332	1.51515	-1.47522	1.22703	-1.53144	-2.30495	-0.516739	1.30566	1.67556	-1.59525	1.40153	-1.62071	2.19956	
-1.5228	-0.491925	1.31138	1.51299	-1.4746	1.22377	-1.5295	-2.30302	-0.512799	1.30356	1.67466	-1.59472	1.40065	-1.61894	2.19404	
-1.52142	-0.488026	1.30944	1.51083	-1.47399	1.22051	-1.52756	-2.30108	-0.508858	1.30146	1.67375	-1.59418	1.39978	-1.61717	2.18851	
-1.52004	-0.484127	1.30749	1.50867	-1.47337	1.21726	-1.52562	-2.29915	-0.504918	1.29936	1.67285	-1.59364	1.3989	-1.6154	2.18299	
-1.51865	-0.480228	1.30555	1.50652	-1.47276	1.214	-1.52368	-2.29722	-0.500978	1.29726	1.67195	-1.5931	1.39803	-1.61364	2.17746	
-1.51727	-0.476329	1.30361	1.50436	-1.47215	1.21074	-1.52174	-2.29528	-0.497038	1.29517	1.67104	-1.59257	1.39715	-1.61187	2.17194	
-1.51589	-0.47243	1.30166	1.5022	-1.47153	1.20749	-1.5198	-2.29335	-0.493097	1.29307	1.67014	-1.59203	1.39628	-1.6101	2.16641	
-1.5145	-0.468531	1.29972	1.50004	-1.47092	1.20423	-1.51786	-2.29141	-0.489157	1.29097	1.66924	-1.59149	1.3954	-1.60833	2.16089	
-1.51312	-0.464632	1.29778	1.49789	-1.4703	1.20097	-1.51592	-2.28948	-0.485217	1.28887	1.66834	-1.59096	1.39453	-1.60657	2.15536	
-1.51173	-0.460733	1.29583	1.49573	-1.46969	1.19772	-1.51398	-2.28755	-0.481277	1.28677	1.66743	-1.59042	1.39365	-1.6048	2.14984	
-1.51035	-0.456834	1.29389	1.49357	-1.46908	1.19446	-1.51204	-2.28561	-0.477336	1.28467	1.66653	-1.58988	1.39278	-1.60303	2.14431	
-1.50897	-0.452935	1.29195	1.49141	-1.46846	1.19121	-1.5101	-2.28368	-0.473396	1.28257	1.66563	-1.58935	1.3919	-1.60126	2.13879	
-1.50758	-0.449036	1.29001	1.48925	-1.46785	1.18795	-1.50816	-2.28174	-0.469456	1.28047	1.66472	-1.58881	1.39103	-1.5995	2.13326	
-1.5062	-0.445137	1.28806	1.4871	-1.46724	1.18469	-1.50622	-2.27981	-0.465516	1.27837	1.66382	-1.58827	1.39015	-1.59773	2.12774	
-1.50482	-0.441237	1.28612	1.48494	-1.46662	1.18144	-1.50428	-2.27788	-0.461576	1.27627	1.66292	-1.58774	1.38928	-1.59596	2.12221	
-1.50343	-0.437338	1.28418	1.48278	-1.46601	1.17818	-1.50235	-2.27594	-0.457635	1.27417	1.66202	-1.5872	1.3884	-1.5942	2.11669	
-1.50205	-0.433439	1.28223	1.48062	-1.46539	1.17492	-1.50041	-2.27401	-0.453695	1.27207	1.66111	-1.58666	1.38753	-1.59243	2.11116	
-1.50066	-0.42954	1.28029	1.47846	-1.46478	1.17167	-1.49847	-2.27207	-0.449755	1.26998	1.66021	-1.58612	1.38665	-1.59066	2.10564	
-1.49928	-0.425641	1.27835	1.47631	-1.46417	1.16841	-1.49653	-2.27014	-0.445815	1.26788	1.65931	-1.58559	1.38577	-1.58889	2.10011	
-1.4979	-0.421742	1.2764	1.47415	-1.46355	1.16515	-1.49459	-2.2682	-0.441874	1.26578	1.6584	-1.58505	1.3849	-1.58713	2.09458	
-1.49651	-0.417843	1.27446	1.47199	-1.46294	1.1619	-1.49265	-2.26627	-0.437934	1.26368	1.6575	-1.58451	1.38402	-1.58536	2.08906	
-1.49513	-0.413944	1.27252	1.46983	-1.46232	1.15864	-1.49071	-2.26434	-0.433994	1.26158	1.6566	-1.58398	1.38315	-1.58359	2.08353	
-1.49375	-0.410045	1.27057	1.46768	-1.46171	1.15539	-1.48877	-2.2624	-0.430054	1.25948	1.6557	-1.58344	1.38227	-1.58182	2.07801	
-1.49236	-0.406146	1.26863	1.46552	-1.4611	1.15213	-1.48683	-2.26047	-0.426113	1.25738	1.65479	-1.5829	1.3814	-1.58006	2.07248	
-1.49098	-0.402247	1.26669	1.46336	-1.46048	1.14887	-1.48489	-2.25853	-0.422173	1.25528	1.65389	-1.58237	1.38052	-1.57829	2.06696	
-1.48959	-0.398348	1.26474	1.4612	-1.45987	1.14562	-1.48295	-2.2566	-0.418233	1.25318	1.65299	-1.58183	1.37965	-1.57652	2.06143	
-1.48821	-0.394449	1.2628	1.45904	-1.45926	1.14236	-1.48101	-2.25467	-0.414293	1.25108	1.65208	-1.58129	1.37877	-1.57475	2.05591	
-1.48683	-0.39055	1.26086	1.45689	-1.45864	1.1391	-1.47907	-2.25273	-0.410353	1.24898	1.65118	-1.58075	1.3779	-1.57299	2.05038	
-1.48544	-0.386651	1.25892	1.45473	-1.45803	1.13585	-1.47713	-2.2508	-0.406412	1.24688	1.65028	-1.58022	1.37702	-1.57122	2.04486	
-1.48406	-0.382752	1.25697	1.45257	-1.45741	1.13259	-1.47519	-2.24886	-0.402472	1.24479	1.64938	-1.57968	1.37615	-1.56945	2.03933	
-1.48268	-0.378852	1.25503	1.45041	-1.4568	1.12933	-1.47325	-2.24693	-0.398532	1.24269	1.64847	-1.57914	1.37527	-1.56768	2.03381	
-1.48129	-0.374953	1.25309	1.44825	-1.45619	1.12608	-1.47131	-2.24499	-0.394592	1.24059	1.64757	-1.57861	1.3744	-1.56592	2.02828	
-1.47991	-0.371054	1.25114	1.4461	-1.45557	1.12282	-1.46937	-2.24306	-0.390651	1.23849	1.64667	-1.57807	1.37352	-1.56415	2.02276	
-1.47852	-0.367155	1.2492	1.44394	-1.45496	1.11957	-1.46743	-2.24113	-0.386711	1.23639	1.64577	-1.57753	1.37265	-1.56238	2.01723	
-1.47714	-0.363256	1.24726	1.44178	-1.45434	1.11631	-1.46549	-2.23919	-0.382771	1.23429	1.64486	-1.577	1.37177	-1.56061	2.01171	
-1.47576	-0.359357	1.24531	1.43962	-1.45373	1.11305	-1.46355	-2.23726	-0.378831	1.23219	1.64396	-1.57646	1.3709	-1.55885	2.00618	
-1.47437	-0.355458	1.24337	1.43747	-1.45312	1.1098	-1.46162	-2.23532	-0.37489	1.23009	1.64306	-1.57592	1.37002	-1.55708	2.00066	
-1.47299	-0.351559	1.24143	1.43531	-1.4525	1.10654	-1.45968	-2.23339	-0.37095	1.22799	1.64215	-1.57539	1.36915	-1.55531	1.99513	
-1.47161	-0.34766	1.23948	1.43315	-1.45189	1.10328	-1.45774	-2.23146	-0.36701	1.22589	1.64125	-1.57485	1.36827	-1.55354	1.9896	
-1.47022	-0.343761	1.23754	1.43099	-1.45127	1.10003	-1.4558	-2.22952	-0.36307	1.22379	1.64035	-1.57431	1.3674	-1.55178	1.98408	
-1.46884	-0.339862	1.2356	1.42883	-1.45066	1.09677	-1.45386	-2.22759	-0.35913	1.22169	1.63945	-1.57377	1.36652	-1.55001	1.97855	
-1.46745	-0.335963	1.23365	1.42668	-1.45005	1.09351	-1.45192	-2.22565	-0.355189	1.2196	1.63854	-1.57324	1.36565	-1.54824	1.97303	
-1.46607	-0.332064	1.23171	1.42452	-1.44943	1.09026	-1.44998	-2.22372	-0.351249	1.2175	1.63764	-1.5727	1.36477	-1.54647	1.9675	
-1.46469	-0.328165	1.22977	1.42236	-1.44882	1.087	-1.44804	-2.22178	-0.347309	1.2154	1.63674	-1.57216	1.3639	-1.54471	1.96198	
-1.4633	-0.324266	1.22783	1.4202	-1.44821	1.08375	-1.4461	-2.21985	-0.343369	1.2133	1.63583	-1.57163	1.36302	-1.54294	1.95645	
-1.46192	-0.320367	1.22588	1.41805	-1.44759	1.08049	-1.44416	-2.21792	-0.339428	1.2112	1.63493	-1.57109	1.36214	-1.54117	1.95093	
-1.46054	-0.316467	1.22394	1.41589	-1.44698	1.07723	-1.44222	-2.21598	-0.335488	1.2091	1.63403	-1.57055	1.36127	-1.5394	1.9454	
-1.45915	-0.312568	1.222	1.41373	-1.44636	1.07398	-1.44028	-2.21405	-0.331548	1.207	1.63313	-1.57002	1.36039	-1.53764	1.93988	
-1.45777	-0.308669	1.22005	1.41157	-1.44575	1.07072	-1.43834	-2.21211	-0.327608	1.2049	1.63222	-1.56948	1.35952	-1.53587	1.93435	
-1.45638	-0.30477	1.21811	1.40941	-1.44514	1.06746	-1.4364	-2.21018	-0.323667	1.2028	1.63132	-1.56894	1.35864	-1.5341	1.92883	
-1.455	-0.300871	1.21617	1.40726	-1.44452	1.06421	-1.43446	-2.20825	-0.319727	1.2007	1.63042	-1.56841	1.35777	-1.53233	1.9233	
-1.45362	-0.296972	1.21422	1.4051	-1.44391	1.06095	-1.43252	-2.20631	-0.315787	1.1986	1.62951	-1.56787	1.35689	-1.53057	1.91778	
-1.45223	-0.293073	1.21228	1.40294	-1.44329	1.05769	-1.43058	-2.20438	-0.311847	1.1965	1.62861	-1.56733	1.35602	-1.5288	1.91225	
-1.45085	-0.289174	1.21034	1.40078	-1.44268	1.05444	-1.42864	-2.20244	-0.307907	1.19441	1.62771	-1.56679	1.35514	-1.52703	1.90673	
-1.44947	-0.285275	1.20839	1.39862	-1.44207	1.05118	-1.4267	-2.20051	-0.303966	1.19231	1.62681	-1.56626	1.35427	-1.52526	1.9012	
-1.44808	-0.281376	1.20645	1.39647	-1.44145	1.04792	-1.42476	-2.19857	-0.300026	1.19021	1.6259	-1.56572	1.35339	-1.5235	1.89568	
-1.4467	-0.277477	1.20451	1.39431	-1.44084	1.04467	-1.42282	-2.19664	-0.296086	1.18811	1.625	-1.56518	1.35252	-1.52173	1.89015	
-1.44531	-0.273578	1.20256	1.39215	-1.44023	1.04141	-1.42089	-2.19471	-0.292146	1.18601	1.6241	-1.56465	1.35164	-1.51996	1.88463	
-1.44393	-0.269679	1.20062	1.38999	-1.43961	1.03816	-1.41895	-2.19277	-0.288205	1.18391	1.62319	-1.56411	1.35077	-1.51819	1.8791	
-1.44255	-0.26578	1.19868	1.38784	-1.439	1.0349	-1.41701	-2.19084	-0.284265	1.18181	1.62229	-1.56357	1.34989	-1.51643	1.87357	
-1.44116	-0.261881	1.19674	1.38568	-1.43838	1.03164	-1.41507	-2.1889	-0.280325	1.17971	1.62139	-1.56304	1.34902	-1.51466	1.86805	
-1.43978	-0.257981	1.19479	1.38352	-1.43777	1.02839	-1.41313	-2.18697	-0.276385	1.17761	1.62049	-1.5625	1.34814	-1.51289	1.86252	
-1.4384	-0.254082	1.19285	1.38136	-1.43716	1.02513	-1.41119	-2.18504	-0.272444	1.17551	1.61958	-1.56196	1.34727	-1.51112	1.857	
-1.43701	-0.250183	1.19091	1.3792	-1.43654	1.02187	-1.40925	-2.1831	-0.268504	1.17341	1.61868	-1.56142	1.34639	-1.50936	1.85147	
-1.43563	-0.246284	1.18896	1.37705	-1.43593	1.01862	-1.40731	-2.18117	-0.264564	1.17131	1.61778	-1.56089	1.34552	-1.50759	1.84595	
-1.43424	-0.242385	1.18702	1.37489	-1.43531	1.01536	-1.40537	-2.17923	-0.260624	1.16922	1.61687	-1.56035	1.34464	-1.50582	1.84042	
-1.43286	-0.238486	1.18508	1.37273	-1.4347	1.0121	-1.40343	-2.1773	-0.256684	1.16712	1.61597	-1.55981	1.34377	-1.50405	1.8349	
-1.43148	-0.234587	1.18313	1.37057	-1.43409	1.00885	-1.40149	-2.17537	-0.252743	1.16502	1.61507	-1.55928	1.34289	-1.50229	1.82937	
-1.43009	-0.230688	1.18119	1.36841	-1.43347	1.00559	-1.39955	-2.17343	-0.248803	1.16292	1.61417	-1.55874	1.34202	-1.50052	1.82385	
-1.42871	-0.226789	1.17925	1.36626	-1.43286	1.00234	-1.39761	-2.1715	-0.244863	1.16082	1.61326	-1.5582	1.34114	-1.49875	1.81832	
-1.42733	-0.22289	1.1773	1.3641	-1.43224	0.999079	-1.39567	-2.16956	-0.240923	1.15872	1.61236	-1.55767	1.34027	-1.49698	1.8128	
-1.42594	-0.218991	1.17536	1.36194	-1.43163	0.995823	-1.39373	-2.16763	-0.236982	1.15662	1.61146	-1.55713	1.33939	-1.49522	1.80727	
-1.42456	-0.215092	1.17342	1.35978	-1.43102	0.992567	-1.39179	-2.16569	-0.233042	1.15452	1.61056	-1.55659	1.33852	-1.49345	1.80175	
-1.42317	-0.211193	1.17147	1.35763	-1.4304	0.98931	-1.38985	-2.16376	-0.229102	1.15242	1.60965	-1.55606	1.33764	-1.49168	1.79622	
-1.42179	-0.207294	1.16953	1.35547	-1.42979	0.986054	-1.38791	-2.16183	-0.225162	1.15032	1.60875	-1.55552	1.33676	-1.48991	1.7907	
-1.42041	-0.203395	1.16759	1.35331	-1.42918	0.982797	-1.38597	-2.15989	-0.221221	1.14822	1.60785	-1.55498	1.33589	-1.48815	1.78517	
-1.41902	-0.199496	1.16565	1.35115	-1.42856	0.979541	-1.38403	-2.15796	-0.217281	1.14612	1.60694	-1.55444	1.33501	-1.48638	1.77965	
-1.41764	-0.195596	1.1637	1.34899	-1.42795	0.976285	-1.38209	-2.15602	-0.213341	1.14403	1.60604	-1.55391	1.33414	-1.48461	1.77412	
-1.41626	-0.191697	1.16176	1.34684	-1.42733	0.973028	-1.38016	-2.15409	-0.209401	1.14193	1.60514	-1.55337	1.33326	-1.48284	1.76859	
-1.41487	-0.187798	1.15982	1.34468	-1.42672	0.969772	-1.37822	-2.15216	-0.205461	1.13983	1.60424	-1.55283	1.33239	-1.48108	1.76307	
-1.41349	-0.183899	1.15787	1.34252	-1.42611	0.966516	-1.37628	-2.15022	-0.20152	1.13773	1.60333	-1.5523	1.33151	-1.47931	1.75754	
-1.4121	-0.18	1.15593	1.34036	-1.42549	0.963259	-1.37434	-2.14829	-0.19758	1.13563	1.60243	-1.55176	1.33064	-1.47754	1.75202	
-1.41072	-0.176101	1.15399	1.3382	-1.42488	0.960003	-1.3724	-2.14635	-0.19364	1.13353	1.60153	-1.55122	1.32976	-1.47577	1.74649	
-1.40934	-0.172202	1.15204	1.33605	-1.42426	0.956746	-1.37046	-2.14442	-0.1897	1.13143	1.60062	-1.55069	1.32889	-1.47401	1.74097	
-1.40795	-0.168303	1.1501	1.33389	-1.42365	0.95349	-1.36852	-2.14248	-0.185759	1.12933	1.59972	-1.55015	1.32801	-1.47224	1.73544	
-1.40657	-0.164404	1.14816	1.33173	-1.42304	0.950234	-1.36658	-2.14055	-0.181819	1.12723	1.59882	-1.54961	1.32714	-1.47047	1.72992	
-1.40519	-0.160505	1.14621	1.32957	-1.42242	0.946977	-1.36464	-2.13862	-0.177879	1.12513	1.59792	-1.54908	1.32626	-1.4687	1.72439	
-1.4038	-0.156606	1.14427	1.32742	-1.42181	0.943721	-1.3627	-2.13668	-0.173939	1.12303	1.59701	-1.54854	1.32539	-1.46694	1.71887	
-1.40242	-0.152707	1.14233	1.32526	-1.4212	0.940465	-1.36076	-2.13475	-0.169998	1.12093	1.59611	-1.548	1.32451	-1.46517	1.71334	
-1.40103	-0.148808	1.14038	1.3231	-1.42058	0.937208	-1.35882	-2.13281	-0.166058	1.11884	1.59521	-1.54746	1.32364	-1.4634	1.70782	
-1.39965	-0.144909	1.13844	1.32094	-1.41997	0.933952	-1.35688	-2.13088	-0.162118	1.11674	1.5943	-1.54693	1.32276	-1.46163	1.70229	
-1.39827	-0.14101	1.1365	1.31878	-1.41935	0.930695	-1.35494	-2.12895	-0.158178	1.11464	1.5934	-1.54639	1.32189	-1.45987	1.69677	
-1.39688	-0.137111	1.13456	1.31663	-1.41874	0.927439	-1.353	-2.12701	-0.154238	1.11254	1.5925	-1.54585	1.32101	-1.4581	1.69124	
-1.3955	-0.133211	1.13261	1.31447	-1.41813	0.924183	-1.35106	-2.12508	-0.150297	1.11044	1.5916	-1.54532	1.32014	-1.45633	1.68572	
-1.39411	-0.129312	1.13067	1.31231	-1.41751	0.920926	-1.34912	-2.12314	-0.146357	1.10834	1.59069	-1.54478	1.31926	-1.45456	1.68019	
-1.39273	-0.125413	1.12873	1.31015	-1.4169	0.91767	-1.34718	-2.12121	-0.142417	1.10624	1.58979	-1.54424	1.31839	-1.4528	1.67467	
-1.39135	-0.121514	1.12678	1.30799	-1.41628	0.914414	-1.34524	-2.11927	-0.138477	1.10414	1.58889	-1.54371	1.31751	-1.45103	1.66914	
-1.38996	-0.117615	1.12484	1.30584	-1.41567	0.911157	-1.3433	-2.11734	-0.134536	1.10204	1.58798	-1.54317	1.31664	-1.44926	1.66362	
-1.38858	-0.113716	1.1229	1.30368	-1.41506	0.907901	-1.34136	-2.11541	-0.130596	1.09994	1.58708	-1.54263	1.31576	-1.44749	1.65809	
-1.3872	-0.109817	1.12095	1.30152	-1.41444	0.904644	-1.33943	-2.11347	-0.126656	1.09784	1.58618	-1.54209	1.31489	-1.44573	1.65256	
-1.38581	-0.105918	1.11901	1.29936	-1.41383	0.901388	-1.33749	-2.11154	-0.122716	1.09574	1.58528	-1.54156	1.31401	-1.44396	1.64704	
-1.38443	-0.102019	1.11707	1.29721	-1.41321	0.898132	-1.33555	-2.1096	-0.118775	1.09365	1.58437	-1.54102	1.31313	-1.44219	1.64151	
-1.38304	-0.0981199	1.11512	1.29505	-1.4126	0.894875	-1.33361	-2.10767	-0.114835	1.09155	1.58347	-1.54048	1.31226	-1.44042	1.63599	
-1.38166	-0.0942208	1.11318	1.29289	-1.41199	0.891619	-1.33167	-2.10574	-0.110895	1.08945	1.58257	-1.53995	1.31138	-1.43866	1.63046	
-1.38028	-0.0903218	1.11124	1.29073	-1.41137	0.888363	-1.32973	-2.1038	-0.106955	1.08735	1.58166	-1.53941	1.31051	-1.43689	1.62494	
-1.37889	-0.0864227	1.1093	1.28857	-1.41076	0.885106	-1.32779	-2.10187	-0.103015	1.08525	1.58076	-1.53887	1.30963	-1.43512	1.61941	
-1.37751	-0.0825237	1.10735	1.28642	-1.41015	0.88185	-1.32585	-2.09993	-0.0990743	1.08315	1.57986	-1.53834	1.30876	-1.43335	1.61389	
-1.37613	-0.0786246	1.10541	1.28426	-1.40953	0.878593	-1.32391	-2.098	-0.0951341	1.08105	1.57896	-1.5378	1.30788	-1.43159	1.60836	
-1.37474	-0.0747255	1.10347	1.2821	-1.40892	0.875337	-1.32197	-2.09606	-0.0911939	1.07895	1.57805	-1.53726	1.30701	-1.42982	1.60284	
-1.37336	-0.0708265	1.10152	1.27994	-1.4083	0.872081	-1.32003	-2.09413	-0.0872536	1.07685	1.57715	-1.53673	1.30613	-1.42805	1.59731	
-1.37197	-0.0669274	1.09958	1.27779	-1.40769	0.868824	-1.31809	-2.0922	-0.0833134	1.07475	1.57625	-1.53619	1.30526	-1.42628	1.59179	
-1.37059	-0.0630283	1.09764	1.27563	-1.40708	0.865568	-1.31615	-2.09026	-0.0793732	1.07265	1.57534	-1.53565	1.30438	-1.42452	1.58626	
-1.36921	-0.0591293	1.09569	1.27347	-1.40646	0.862312	-1.31421	-2.08833	-0.075433	1.07055	1.57444	-1.53511	1.30351	-1.42275	1.58074	
-1.36782	-0.0552302	1.09375	1.27131	-1.40585	0.859055	-1.31227	-2.08639	-0.0714927	1.06845	1.57354	-1.53458	1.30263	-1.42098	1.57521	
-1.36644	-0.0513311	1.09181	1.26915	-1.40523	0.855799	-1.31033	-2.08446	-0.0675525	1.06636	1.57264	-1.53404	1.30176	-1.41921	1.56969	
-1.36506	-0.0474321	1.08986	1.267	-1.40462	0.852542	-1.30839	-2.08253	-0.0636123	1.06426	1.57173	-1.5335	1.30088	-1.41745	1.56416	
-1.36367	-0.043533	1.08792	1.26484	-1.40401	0.849286	-1.30645	-2.08059	-0.059672	1.06216	1.57083	-1.53297	1.30001	-1.41568	1.55864	
-1.36229	-0.039634	1.08598	1.26268	-1.40339	0.84603	-1.30451	-2.07866	-0.0557318	1.06006	1.56993	-1.53243	1.29913	-1.41391	1.55311	
-1.3609	-0.0357349	1.08403	1.26052	-1.40278	0.842773	-1.30257	-2.07672	-0.0517916	1.05796	1.56903	-1.53189	1.29826	-1.41214	1.54758	
-1.35952	-0.0318358	1.08209	1.25836	-1.40217	0.839517	-1.30063	-2.07479	-0.0478513	1.05586	1.56812	-1.53136	1.29738	-1.41038	1.54206	
-1.35814	-0.0279368	1.08015	1.25621	-1.40155	0.836261	-1.2987	-2.07286	-0.0439111	1.05376	1.56722	-1.53082	1.29651	-1.40861	1.53653	
-1.35675	-0.0240377	1.07821	1.25405	-1.40094	0.833004	-1.29676	-2.07092	-0.0399709	1.05166	1.56632	-1.53028	1.29563	-1.40684	1.53101	
-1.35537	-0.0201386	1.07626	1.25189	-1.40032	0.829748	-1.29482	-2.06899	-0.0360307	1.04956	1.56541	-1.52975	1.29476	-1.40507	1.52548	
-1.35399	-0.0162396	1.07432	1.24973	-1.39971	0.826491	-1.29288	-2.06705	-0.0320904	1.04746	1.56451	-1.52921	1.29388	-1.40331	1.51996	
-1.3526	-0.0123405	1.07238	1.24758	-1.3991	0.823235	-1.29094	-2.06512	-0.0281502	1.04536	1.56361	-1.52867	1.29301	-1.40154	1.51443	
-1.35122	-0.00844145	1.07043	1.24542	-1.39848	0.819979	-1.289	-2.06318	-0.02421	1.04326	1.56271	-1.52813	1.29213	-1.39977	1.50891	
-1.34983	-0.00454239	1.06849	1.24326	-1.39787	0.816722	-1.28706	-2.06125	-0.0202697	1.04117	1.5618	-1.5276	1.29126	-1.398	1.50338	
-1.34845	-0.000643328	1.06655	1.2411	-1.39725	0.813466	-1.28512	-2.05932	-0.0163295	1.03907	1.5609	-1.52706	1.29038	-1.39624	1.49786	
-1.34707	0.00325574	1.0646	1.23894	-1.39664	0.81021	-1.28318	-2.05738	-0.0123893	1.03697	1.56	-1.52652	1.2895	-1.39447	1.49233	
-1.34568	0.0071548	1.06266	1.23679	-1.39603	0.806953	-1.28124	-2.05545	-0.00844904	1.03487	1.55909	-1.52599	1.28863	-1.3927	1.48681	
-1.3443	0.0110539	1.06072	1.23463	-1.39541	0.803697	-1.2793	-2.05351	-0.00450881	1.03277	1.55819	-1.52545	1.28775	-1.39093	1.48128	
-1.34292	0.0149529	1.05877	1.23247	-1.3948	0.80044	-1.27736	-2.05158	-0.000568582	1.03067	1.55729	-1.52491	1.28688	-1.38917	1.47576	
-1.34153	0.018852	1.05683	1.23031	-1.39418	0.797184	-1.27542	-2.04965	0.00337165	1.02857	1.55639	-1.52438	1.286	-1.3874	1.47023	
-1.34015	0.0227511	1.05489	1.22815	-1.39357	0.793928	-1.27348	-2.04771	0.00731188	1.02647	1.55548	-1.52384	1.28513	-1.38563	1.46471	
-1.33876	0.0266501	1.05294	1.226	-1.39296	0.790671	-1.27154	-2.04578	0.0112521	1.02437	1.55458	-1.5233	1.28425	-1.38386	1.45918	
-1.33738	0.0305492	1.051	1.22384	-1.39234	0.787415	-1.2696	-2.04384	0.0151923	1.02227	1.55368	-1.52276	1.28338	-1.3821	1.45366	
-1.336	0.0344482	1.04906	1.22168	-1.39173	0.784159	-1.26766	-2.04191	0.0191326	1.02017	1.55277	-1.52223	1.2825	-1.38033	1.44813	
-1.33461	0.0383473	1.04712	1.21952	-1.39112	0.780902	-1.26572	-2.03997	0.0230728	1.01807	1.55187	-1.52169	1.28163	-1.37856	1.44261	
-1.33323	0.0422464	1.04517	1.21737	-1.3905	0.777646	-1.26378	-2.03804	0.027013	1.01598	1.55097	-1.52115	1.28075	-1.37679	1.43708	
-1.33185	0.0461454	1.04323	1.21521	-1.38989	0.774389	-1.26184	-2.03611	0.0309533	1.01388	1.55007	-1.52062	1.27988	-1.37503	1.43155	
-1.33046	0.0500445	1.04129	1.21305	-1.38927	0.771133	-1.2599	-2.03417	0.0348935	1.01178	1.54916	-1.52008	1.279	-1.37326	1.42603	
-1.32908	0.0539436	1.03934	1.21089	-1.38866	0.767877	-1.25797	-2.03224	0.0388337	1.00968	1.54826	-1.51954	1.27813	-1.37149	1.4205	
-1.32769	0.0578426	1.0374	1.20873	-1.38805	0.76462	-1.25603	-2.0303	0.042774	1.00758	1.54736	-1.51901	1.27725	-1.36972	1.41498	
-1.32631	0.0617417	1.03546	1.20658	-1.38743	0.761364	-1.25409	-2.02837	0.0467142	1.00548	1.54645	-1.51847	1.27638	-1.36796	1.40945	
-1.32493	0.0656407	1.03351	1.20442	-1.38682	0.758108	-1.25215	-2.02644	0.0506544	1.00338	1.54555	-1.51793	1.2755	-1.36619	1.40393	
-1.32354	0.0695398	1.03157	1.20226	-1.3862	0.754851	-1.25021	-2.0245	0.0545946	1.00128	1.54465	-1.5174	1.27463	-1.36442	1.3984	
-1.32216	0.0734389	1.02963	1.2001	-1.38559	0.751595	-1.24827	-2.02257	0.0585349	0.999182	1.54375	-1.51686	1.27375	-1.36265	1.39288	
-1.32078	0.0773379	1.02768	1.19794	-1.38498	0.748338	-1.24633	-2.02063	0.0624751	0.997083	1.54284	-1.51632	1.27288	-1.36089	1.38735	
-1.31939	0.081237	1.02574	1.19579	-1.38436	0.745082	-1.24439	-2.0187	0.0664153	0.994984	1.54194	-1.51578	1.272	-1.35912	1.38183	
-1.31801	0.0851361	1.0238	1.19363	-1.38375	0.741826	-1.24245	-2.01676	0.0703556	0.992885	1.54104	-1.51525	1.27113	-1.35735	1.3763	
-1.31662	0.0890351	1.02185	1.19147	-1.38314	0.738569	-1.24051	-2.01483	0.0742958	0.990786	1.54013	-1.51471	1.27025	-1.35558	1.37078	
-1.31524	0.0929342	1.01991	1.18931	-1.38252	0.735313	-1.23857	-2.0129	0.078236	0.988686	1.53923	-1.51417	1.26938	-1.35382	1.36525	
-1.31386	0.0968333	1.01797	1.18716	-1.38191	0.732057	-1.23663	-2.01096	0.0821763	0.986587	1.53833	-1.51364	1.2685	-1.35205	1.35973	
-1.31247	0.100732	1.01603	1.185	-1.38129	0.7288	-1.23469	-2.00903	0.0861165	0.984488	1.53743	-1.5131	1.26763	-1.35028	1.3542	
-1.31109	0.104631	1.01408	1.18284	-1.38068	0.725544	-1.23275	-2.00709	0.0900567	0.982389	1.53652	-1.51256	1.26675	-1.34851	1.34868	
-1.30971	0.10853	1.01214	1.18068	-1.38007	0.722287	-1.23081	-2.00516	0.0939969	0.98029	1.53562	-1.51203	1.26588	-1.34675	1.34315	
-1.3108	0.104505	1.01287	1.18381	-1.38134	0.724031	-1.2334	-2.00768	0.0905322	0.981103	1.53752	-1.51236	1.26547	-1.34933	1.34875	
-1.31189	0.100479	1.01361	1.18694	-1.38261	0.725774	-1.23598	-2.01021	0.0870675	0.981916	1.53942	-1.51269	1.26506	-1.35191	1.35435	
-1.31298	0.0964535	1.01434	1.19007	-1.38389	0.727518	-1.23857	-2.01273	0.0836028	0.982729	1.54131	-1.51303	1.26465	-1.35449	1.35995	
-1.31407	0.0924279	1.01507	1.1932	-1.38516	0.729261	-1.24115	-2.01525	0.080138	0.983542	1.54321	-1.51336	1.26425	-1.35707	1.36555	
-1.31516	0.0884023	1.01581	1.19633	-1.38644	0.731005	-1.24374	-2.01778	0.0766733	0.984355	1.54511	-1.5137	1.26384	-1.35965	1.37115	
-1.31625	0.0843767	1.01654	1.19946	-1.38771	0.732748	-1.24632	-2.0203	0.0732086	0.985168	1.54701	-1.51403	1.26343	-1.36224	1.37675	
-1.31734	0.080351	1.01728	1.20258	-1.38899	0.734492	-1.24891	-2.02282	0.0697438	0.985981	1.54891	-1.51436	1.26302	-1.36482	1.38235	
-1.31843	0.0763254	1.01801	1.20571	-1.39026	0.736235	-1.25149	-2.02535	0.0662791	0.986794	1.5508	-1.5147	1.26262	-1.3674	1.38795	
-1.31952	0.0722998	1.01874	1.20884	-1.39153	0.737979	-1.25408	-2.02787	0.0628144	0.987607	1.5527	-1.51503	1.26221	-1.36998	1.39355	
-1.32061	0.0682741	1.01948	1.21197	-1.39281	0.739722	-1.25666	-2.0304	0.0593496	0.98842	1.5546	-1.51536	1.2618	-1.37256	1.39915	
-1.3217	0.0642485	1.02021	1.2151	-1.39408	0.741466	-1.25925	-2.03292	0.0558849	0.989233	1.5565	-1.5157	1.2614	-1.37514	1.40474	
-1.32279	0.0602229	1.02094	1.21823	-1.39536	0.743209	-1.26183	-2.03544	0.0524202	0.990046	1.55839	-1.51603	1.26099	-1.37773	1.41034	
-1.32388	0.0561972	1.02168	1.22136	-1.39663	0.744953	-1.26442	-2.03797	0.0489555	0.990859	1.56029	-1.51637	1.26058	-1.38031	1.41594	
-1.32497	0.0521716	1.02241	1.22449	-1.39791	0.746696	-1.267	-2.04049	0.0454907	0.991672	1.56219	-1.5167	1.26017	-1.38289	1.42154	
-1.32606	0.048146	1.02315	1.22762	-1.39918	0.74844	-1.26958	-2.04301	0.042026	0.992485	1.56409	-1.51703	1.25977	-1.38547	1.42714	
-1.32715	0.0441204	1.02388	1.23075	-1.40045	0.750183	-1.27217	-2.04554	0.0385613	0.993298	1.56599	-1.51737	1.25936	-1.38805	1.43274	
-1.32824	0.0400947	1.02461	1.23387	-1.40173	0.751927	-1.27475	-2.04806	0.0350965	0.994111	1.56788	-1.5177	1.25895	-1.39063	1.43834	
-1.32933	0.0360691	1.02535	1.237	-1.403	0.75367	-1.27734	-2.05058	0.0316318	0.994924	1.56978	-1.51803	1.25854	-1.39321	1.44394	
-1.33042	0.0320435	1.02608	1.24013	-1.40428	0.755414	-1.27992	-2.05311	0.0281671	0.995737	1.57168	-1.51837	1.25814	-1.3958	1.44954	
-1.33151	0.0280178	1.02681	1.24326	-1.40555	0.757157	-1.28251	-2.05563	0.0247023	0.99655	1.57358	-1.5187	1.25773	-1.39838	1.45514	
-1.3326	0.0239922	1.02755	1.24639	-1.40683	0.758901	-1.28509	-2.05815	0.0212376	0.997363	1.57547	-1.51904	1.25732	-1.40096	1.46074	
-1.33369	0.0199666	1.02828	1.24952	-1.4081	0.760644	-1.28768	-2.06068	0.0177729	0.998176	1.57737	-1.51937	1.25692	-1.40354	1.46634	
-1.33478	0.0159409	1.02902	1.25265	-1.40937	0.762388	-1.29026	-2.0632	0.0143082	0.998989	1.57927	-1.5197	1.25651	-1.40612	1.47194	
-1.33587	0.0119153	1.02975	1.25578	-1.41065	0.764131	-1.29285	-2.06573	0.0108434	0.999802	1.58117	-1.52004	1.2561	-1.4087	1.47754	
-1.33696	0.00788968	1.03048	1.25891	-1.41192	0.765875	-1.29543	-2.06825	0.00737869	1.00062	1.58307	-1.52037	1.25569	-1.41128	1.48314	
-1.33805	0.00386405	1.03122	1.26203	-1.4132	0.767618	-1.29802	-2.07077	0.00391396	1.00143	1.58496	-1.52071	1.25529	-1.41387	1.48874	
-1.33914	-0.000161584	1.03195	1.26516	-1.41447	0.769362	-1.3006	-2.0733	0.000449232	1.00224	1.58686	-1.52104	1.25488	-1.41645	1.49434	
-1.34023	-0.00418721	1.03268	1.26829	-1.41575	0.771105	-1.30319	-2.07582	-0.0030155	1.00305	1.58876	-1.52137	1.25447	-1.41903	1.49994	
-1.34132	-0.00821285	1.03342	1.27142	-1.41702	0.772849	-1.30577	-2.07834	-0.00648023	1.00387	1.59066	-1.52171	1.25407	-1.42161	1.50554	
-1.34241	-0.0122385	1.03415	1.27455	-1.41829	0.774592	-1.30836	-2.08087	-0.00994496	1.00468	1.59255	-1.52204	1.25366	-1.42419	1.51113	
-1.3435	-0.0162641	1.03488	1.27768	-1.41957	0.776335	-1.31094	-2.08339	-0.0134097	1.00549	1.59445	-1.52237	1.25325	-1.42677	1.51673	
-1.34459	-0.0202897	1.03562	1.28081	-1.42084	0.778079	-1.31353	-2.08591	-0.0168744	1.00631	1.59635	-1.52271	1.25284	-1.42936	1.52233	
-1.34568	-0.0243154	1.03635	1.28394	-1.42212	0.779822	-1.31611	-2.08844	-0.0203391	1.00712	1.59825	-1.52304	1.25244	-1.43194	1.52793	
-1.34677	-0.028341	1.03709	1.28707	-1.42339	0.781566	-1.3187	-2.09096	-0.0238039	1.00793	1.60015	-1.52338	1.25203	-1.43452	1.53353	
-1.34786	-0.0323666	1.03782	1.2902	-1.42467	0.783309	-1.32128	-2.09348	-0.0272686	1.00875	1.60204	-1.52371	1.25162	-1.4371	1.53913	
-1.34895	-0.0363923	1.03855	1.29332	-1.42594	0.785053	-1.32387	-2.09601	-0.0307333	1.00956	1.60394	-1.52404	1.25121	-1.43968	1.54473	
-1.35004	-0.0404179	1.03929	1.29645	-1.42721	0.786796	-1.32645	-2.09853	-0.0341981	1.01037	1.60584	-1.52438	1.25081	-1.44226	1.55033	
-1.35113	-0.0444435	1.04002	1.29958	-1.42849	0.78854	-1.32904	-2.10105	-0.0376628	1.01118	1.60774	-1.52471	1.2504	-1.44484	1.55593	
-1.35222	-0.0484692	1.04075	1.30271	-1.42976	0.790283	-1.33162	-2.10358	-0.0411275	1.012	1.60964	-1.52505	1.24999	-1.44743	1.56153	
-1.35331	-0.0524948	1.04149	1.30584	-1.43104	0.792027	-1.33421	-2.1061	-0.0445923	1.01281	1.61153	-1.52538	1.24959	-1.45001	1.56713	
-1.3544	-0.0565204	1.04222	1.30897	-1.43231	0.79377	-1.33679	-2.10863	-0.048057	1.01362	1.61343	-1.52571	1.24918	-1.45259	1.57273	
-1.35549	-0.060546	1.04296	1.3121	-1.43359	0.795514	-1.33938	-2.11115	-0.0515217	1.01444	1.61533	-1.52605	1.24877	-1.45517	1.57833	
-1.35658	-0.0645717	1.04369	1.31523	-1.43486	0.797257	-1.34196	-2.11367	-0.0549864	1.01525	1.61723	-1.52638	1.24836	-1.45775	1.58393	
-1.35767	-0.0685973	1.04442	1.31836	-1.43613	0.799001	-1.34455	-2.1162	-0.0584512	1.01606	1.61912	-1.52671	1.24796	-1.46033	1.58953	
-1.35876	-0.0726229	1.04516	1.32148	-1.43741	0.800744	-1.34713	-2.11872	-0.0619159	1.01688	1.62102	-1.52705	1.24755	-1.46292	1.59513	
-1.35985	-0.0766486	1.04589	1.32461	-1.43868	0.802488	-1.34971	-2.12124	-0.0653806	1.01769	1.62292	-1.52738	1.24714	-1.4655	1.60073	
-1.36094	-0.0806742	1.04662	1.32774	-1.43996	0.804231	-1.3523	-2.12377	-0.0688454	1.0185	1.62482	-1.52772	1.24674	-1.46808	1.60633	
-1.36203	-0.0846998	1.04736	1.33087	-1.44123	0.805975	-1.35488	-2.12629	-0.0723101	1.01931	1.62672	-1.52805	1.24633	-1.47066	1.61192	
-1.36312	-0.0887255	1.04809	1.334	-1.44251	0.807718	-1.35747	-2.12881	-0.0757748	1.02013	1.62861	-1.52838	1.24592	-1.47324	1.61752	
-1.36421	-0.0927511	1.04883	1.33713	-1.44378	0.809462	-1.36005	-2.13134	-0.0792396	1.02094	1.63051	-1.52872	1.24551	-1.47582	1.62312	
-1.3653	-0.0967767	1.04956	1.34026	-1.44505	0.811205	-1.36264	-2.13386	-0.0827043	1.02175	1.63241	-1.52905	1.24511	-1.4784	1.62872	
-1.36639	-0.100802	1.05029	1.34339	-1.44633	0.812949	-1.36522	-2.13638	-0.086169	1.02257	1.63431	-1.52939	1.2447	-1.48099	1.63432	
-1.36748	-0.104828	1.05103	1.34652	-1.4476	0.814692	-1.36781	-2.13891	-0.0896337	1.02338	1.6362	-1.52972	1.24429	-1.48357	1.63992	
-1.36857	-0.108854	1.05176	1.34965	-1.44888	0.816436	-1.37039	-2.14143	-0.0930985	1.02419	1.6381	-1.53005	1.24388	-1.48615	1.64552	
-1.36966	-0.112879	1.05249	1.35277	-1.45015	0.818179	-1.37298	-2.14395	-0.0965632	1.02501	1.64	-1.53039	1.24348	-1.48873	1.65112	
-1.37075	-0.116905	1.05323	1.3559	-1.45143	0.819923	-1.37556	-2.14648	-0.100028	1.02582	1.6419	-1.53072	1.24307	-1.49131	1.65672	
-1.37184	-0.120931	1.05396	1.35903	-1.4527	0.821666	-1.37815	-2.149	-0.103493	1.02663	1.6438	-1.53105	1.24266	-1.49389	1.66232	
-1.37293	-0.124956	1.0547	1.36216	-1.45397	0.82341	-1.38073	-2.15153	-0.106957	1.02744	1.64569	-1.53139	1.24226	-1.49648	1.66792	
-1.37402	-0.128982	1.05543	1.36529	-1.45525	0.825153	-1.38332	-2.15405	-0.110422	1.02826	1.64759	-1.53172	1.24185	-1.49906	1.67352	
-1.37511	-0.133007	1.05616	1.36842	-1.45652	0.826897	-1.3859	-2.15657	-0.113887	1.02907	1.64949	-1.53206	1.24144	-1.50164	1.67912	
-1.3762	-0.137033	1.0569	1.37155	-1.4578	0.82864	-1.38849	-2.1591	-0.117352	1.02988	1.65139	-1.53239	1.24103	-1.50422	1.68472	
-1.37729	-0.141059	1.05763	1.37468	-1.45907	0.830384	-1.39107	-2.16162	-0.120816	1.0307	1.65328	-1.53272	1.24063	-1.5068	1.69032	
-1.37838	-0.145084	1.05836	1.37781	-1.46035	0.832127	-1.39366	-2.16414	-0.124281	1.03151	1.65518	-1.53306	1.24022	-1.50938	1.69592	
-1.37947	-0.14911	1.0591	1.38093	-1.46162	0.833871	-1.39624	-2.16667	-0.127746	1.03232	1.65708	-1.53339	1.23981	-1.51196	1.70152	
-1.38056	-0.153136	1.05983	1.38406	-1.46289	0.835614	-1.39883	-2.16919	-0.131211	1.03314	1.65898	-1.53372	1.23941	-1.51455	1.70712	
-1.38165	-0.157161	1.06057	1.38719	-1.46417	0.837358	-1.40141	-2.17171	-0.134675	1.03395	1.66088	-1.53406	1.239	-1.51713	1.71272	
-1.38274	-0.161187	1.0613	1.39032	-1.46544	0.839101	-1.404	-2.17424	-0.13814	1.03476	1.66277	-1.53439	1.23859	-1.51971	1.71831	
-1.38383	-0.165212	1.06203	1.39345	-1.46672	0.840844	-1.40658	-2.17676	-0.141605	1.03558	1.66467	-1.53473	1.23818	-1.52229	1.72391	
-1.38492	-0.169238	1.06277	1.39658	-1.46799	0.842588	-1.40917	-2.17928	-0.145069	1.03639	1.66657	-1.53506	1.23778	-1.52487	1.72951	
-1.38601	-0.173264	1.0635	1.39971	-1.46927	0.844331	-1.41175	-2.18181	-0.148534	1.0372	1.66847	-1.53539	1.23737	-1.52745	1.73511	
-1.3871	-0.177289	1.06423	1.40284	-1.47054	0.846075	-1.41434	-2.18433	-0.151999	1.03801	1.67036	-1.53573	1.23696	-1.53004	1.74071	
-1.38819	-0.181315	1.06497	1.40597	-1.47181	0.847818	-1.41692	-2.18686	-0.155464	1.03883	1.67226	-1.53606	1.23655	-1.53262	1.74631	
-1.38928	-0.185341	1.0657	1.4091	-1.47309	0.849562	-1.41951	-2.18938	-0.158928	1.03964	1.67416	-1.5364	1.23615	-1.5352	1.75191	
-1.39037	-0.189366	1.06644	1.41222	-1.47436	0.851305	-1.42209	-2.1919	-0.162393	1.04045	1.67606	-1.53673	1.23574	-1.53778	1.75751	
-1.39146	-0.193392	1.06717	1.41535	-1.47564	0.853049	-1.42468	-2.19443	-0.165858	1.04127	1.67796	-1.53706	1.23533	-1.54036	1.76311	
-1.39255	-0.197417	1.0679	1.41848	-1.47691	0.854792	-1.42726	-2.19695	-0.169323	1.04208	1.67985	-1.5374	1.23493	-1.54294	1.76871	
-1.39364	-0.201443	1.06864	1.42161	-1.47818	0.856536	-1.42985	-2.19947	-0.172787	1.04289	1.68175	-1.53773	1.23452	-1.54552	1.77431	
-1.39473	-0.205469	1.06937	1.42474	-1.47946	0.858279	-1.43243	-2.202	-0.176252	1.04371	1.68365	-1.53806	1.23411	-1.54811	1.77991	
-1.39582	-0.209494	1.0701	1.42787	-1.48073	0.860023	-1.43501	-2.20452	-0.179717	1.04452	1.68555	-1.5384	1.2337	-1.55069	1.78551	
-1.39691	-0.21352	1.07084	1.431	-1.48201	0.861766	-1.4376	-2.20704	-0.183181	1.04533	1.68745	-1.53873	1.2333	-1.55327	1.79111	
-1.398	-0.217546	1.07157	1.43413	-1.48328	0.86351	-1.44018	-2.20957	-0.186646	1.04614	1.68934	-1.53907	1.23289	-1.55585	1.79671	
-1.39909	-0.221571	1.07231	1.43726	-1.48456	0.865253	-1.44277	-2.21209	-0.190111	1.04696	1.69124	-1.5394	1.23248	-1.55843	1.80231	
-1.40018	-0.225597	1.07304	1.44038	-1.48583	0.866997	-1.44535	-2.21461	-0.193576	1.04777	1.69314	-1.53973	1.23207	-1.56101	1.80791	
-1.40127	-0.229623	1.07377	1.44351	-1.4871	0.86874	-1.44794	-2.21714	-0.19704	1.04858	1.69504	-1.54007	1.23167	-1.5636	1.81351	
-1.40236	-0.233648	1.07451	1.44664	-1.48838	0.870484	-1.45052	-2.21966	-0.200505	1.0494	1.69693	-1.5404	1.23126	-1.56618	1.81911	
-1.40345	-0.237674	1.07524	1.44977	-1.48965	0.872227	-1.45311	-2.22218	-0.20397	1.05021	1.69883	-1.54074	1.23085	-1.56876	1.8247	
-1.40454	-0.241699	1.07597	1.4529	-1.49093	0.873971	-1.45569	-2.22471	-0.207435	1.05102	1.70073	-1.54107	1.23045	-1.57134	1.8303	
-1.40563	-0.245725	1.07671	1.45603	-1.4922	0.875714	-1.45828	-2.22723	-0.210899	1.05184	1.70263	-1.5414	1.23004	-1.57392	1.8359	
-1.40672	-0.249751	1.07744	1.45916	-1.49348	0.877458	-1.46086	-2.22976	-0.214364	1.05265	1.70453	-1.54174	1.22963	-1.5765	1.8415	
-1.40781	-0.253776	1.07818	1.46229	-1.49475	0.879201	-1.46345	-2.23228	-0.217829	1.05346	1.70642	-1.54207	1.22922	-1.57908	1.8471	
-1.4089	-0.257802	1.07891	1.46542	-1.49602	0.880945	-1.46603	-2.2348	-0.221293	1.05427	1.70832	-1.5424	1.22882	-1.58167	1.8527	
-1.40999	-0.261828	1.07964	1.46855	-1.4973	0.882688	-1.46862	-2.23733	-0.224758	1.05509	1.71022	-1.54274	1.22841	-1.58425	1.8583	
-1.41108	-0.265853	1.08038	1.47167	-1.49857	0.884432	-1.4712	-2.23985	-0.228223	1.0559	1.71212	-1.54307	1.228	-1.58683	1.8639	
-1.41217	-0.269879	1.08111	1.4748	-1.49985	0.886175	-1.47379	-2.24237	-0.231688	1.05671	1.71401	-1.54341	1.2276	-1.58941	1.8695	
-1.41326	-0.273904	1.08184	1.47793	-1.50112	0.887919	-1.47637	-2.2449	-0.235152	1.05753	1.71591	-1.54374	1.22719	-1.59199	1.8751	
-1.41435	-0.27793	1.08258	1.48106	-1.5024	0.889662	-1.47896	-2.24742	-0.238617	1.05834	1.71781	-1.54407	1.22678	-1.59457	1.8807	
-1.41544	-0.281956	1.08331	1.48419	-1.50367	0.891406	-1.48154	-2.24994	-0.242082	1.05915	1.71971	-1.54441	1.22637	-1.59716	1.8863	
-1.41653	-0.285981	1.08405	1.48732	-1.50494	0.893149	-1.48413	-2.25247	-0.245547	1.05997	1.72161	-1.54474	1.22597	-1.59974	1.8919	
-1.41762	-0.290007	1.08478	1.49045	-1.50622	0.894893	-1.48671	-2.25499	-0.249011	1.06078	1.7235	-1.54508	1.22556	-1.60232	1.8975	
-1.41871	-0.294033	1.08551	1.49358	-1.50749	0.896636	-1.4893	-2.25751	-0.252476	1.06159	1.7254	-1.54541	1.22515	-1.6049	1.9031	
-1.4198	-0.298058	1.08625	1.49671	-1.50877	0.89838	-1.49188	-2.26004	-0.255941	1.0624	1.7273	-1.54574	1.22474	-1.60748	1.9087	
-1.42089	-0.302084	1.08698	1.49983	-1.51004	0.900123	-1.49447	-2.26256	-0.259406	1.06322	1.7292	-1.54608	1.22434	-1.61006	1.9143	
-1.42198	-0.30611	1.08771	1.50296	-1.51132	0.901867	-1.49705	-2.26509	-0.26287	1.06403	1.73109	-1.54641	1.22393	-1.61264	1.9199	
-1.42307	-0.310135	1.08845	1.50609	-1.51259	0.90361	-1.49964	-2.26761	-0.266335	1.06484	1.73299	-1.54674	1.22352	-1.61523	1.92549	
-1.42416	-0.314161	1.08918	1.50922	-1.51386	0.905354	-1.50222	-2.27013	-0.2698	1.06566	1.73489	-1.54708	1.22312	-1.61781	1.93109	
-1.42525	-0.318186	1.08992	1.51235	-1.51514	0.907097	-1.50481	-2.27266	-0.273264	1.06647	1.73679	-1.54741	1.22271	-1.62039	1.93669	
-1.42634	-0.322212	1.09065	1.51548	-1.51641	0.90884	-1.50739	-2.27518	-0.276729	1.06728	1.73869	-1.54775	1.2223	-1.62297	1.94229	
-1.42743	-0.326238	1.09138	1.51861	-1.51769	0.910584	-1.50998	-2.2777	-0.280194	1.0681	1.74058	-1.54808	1.22189	-1.62555	1.94789	
-1.42852	-0.330263	1.09212	1.52174	-1.51896	0.912327	-1.51256	-2.28023	-0.283659	1.06891	1.74248	-1.54841	1.22149	-1.62813	1.95349	
-1.42961	-0.334289	1.09285	1.52487	-1.52024	0.914071	-1.51514	-2.28275	-0.287123	1.06972	1.74438	-1.54875	1.22108	-1.63072	1.95909	
-1.4307	-0.338315	1.09358	1.528	-1.52151	0.915814	-1.51773	-2.28527	-0.290588	1.07054	1.74628	-1.54908	1.22067	-1.6333	1.96469	
-1.43179	-0.34234	1.09432	1.53112	-1.52278	0.917558	-1.52031	-2.2878	-0.294053	1.07135	1.74817	-1.54941	1.22027	-1.63588	1.97029	
-1.43288	-0.346366	1.09505	1.53425	-1.52406	0.919301	-1.5229	-2.29032	-0.297518	1.07216	1.75007	-1.54975	1.21986	-1.63846	1.97589	
-1.43397	-0.350391	1.09579	1.53738	-1.52533	0.921045	-1.52548	-2.29284	-0.300982	1.07297	1.75197	-1.55008	1.21945	-1.64104	1.98149	
-1.43506	-0.354417	1.09652	1.54051	-1.52661	0.922788	-1.52807	-2.29537	-0.304447	1.07379	1.75387	-1.55042	1.21904	-1.64362	1.98709	
-1.43615	-0.358443	1.09725	1.54364	-1.52788	0.924532	-1.53065	-2.29789	-0.307912	1.0746	1.75577	-1.55075	1.21864	-1.6462	1.99269	
-1.43724	-0.362468	1.09799	1.54677	-1.52916	0.926275	-1.53324	-2.30041	-0.311376	1.07541	1.75766	-1.55108	1.21823	-1.64879	1.99829	
-1.43833	-0.366494	1.09872	1.5499	-1.53043	0.928019	-1.53582	-2.30294	-0.314841	1.07623	1.75956	-1.55142	1.21782	-1.65137	2.00389	
-1.43942	-0.37052	1.09945	1.55303	-1.5317	0.929762	-1.53841	-2.30546	-0.318306	1.07704	1.76146	-1.55175	1.21741	-1.65395	2.00949	
-1.44051	-0.374545	1.10019	1.55616	-1.53298	0.931506	-1.54099	-2.30799	-0.321771	1.07785	1.76336	-1.55209	1.21701	-1.65653	2.01509	
-1.4416	-0.378571	1.10092	1.55928	-1.53425	0.933249	-1.54358	-2.31051	-0.325235	1.07867	1.76526	-1.55242	1.2166	-1.65911	2.02069	
-1.44269	-0.382596	1.10166	1.56241	-1.53553	0.934993	-1.54616	-2.31303	-0.3287	1.07948	1.76715	-1.55275	1.21619	-1.66169	2.02629	
-1.44378	-0.386622	1.10239	1.56554	-1.5368	0.936736	-1.54875	-2.31556	-0.332165	1.08029	1.76905	-1.55309	1.21579	-1.66428	2.03188	
-1.44487	-0.390648	1.10312	1.56867	-1.53808	0.93848	-1.55133	-2.31808	-0.33563	1.0811	1.77095	-1.55342	1.21538	-1.66686	2.03748	
-1.44596	-0.394673	1.10386	1.5718	-1.53935	0.940223	-1.55392	-2.3206	-0.339094	1.08192	1.77285	-1.55375	1.21497	-1.66944	2.04308	
-1.44705	-0.398699	1.10459	1.57493	-1.54062	0.941967	-1.5565	-2.32313	-0.342559	1.08273	1.77474	-1.55409	1.21456	-1.67202	2.04868	
-1.44814	-0.402725	1.10532	1.57806	-1.5419	0.94371	-1.55909	-2.32565	-0.346024	1.08354	1.77664	-1.55442	1.21416	-1.6746	2.05428	
-1.44923	-0.40675	1.10606	1.58119	-1.54317	0.945454	-1.56167	-2.32817	-0.349489	1.08436	1.77854	-1.55476	1.21375	-1.67718	2.05988	
-1.45032	-0.410776	1.10679	1.58432	-1.54445	0.947197	-1.56426	-2.3307	-0.352953	1.08517	1.78044	-1.55509	1.21334	-1.67976	2.06548	
-1.45141	-0.414802	1.10753	1.58745	-1.54572	0.948941	-1.56684	-2.33322	-0.356418	1.08598	1.78234	-1.55542	1.21294	-1.68235	2.07108	
-1.4525	-0.418827	1.10826	1.59057	-1.547	0.950684	-1.56943	-2.33574	-0.359883	1.0868	1.78423	-1.55576	1.21253	-1.68493	2.07668	
-1.45359	-0.422853	1.10899	1.5937	-1.54827	0.952428	-1.57201	-2.33827	-0.363347	1.08761	1.78613	-1.55609	1.21212	-1.68751	2.08228	
-1.45468	-0.426878	1.10973	1.59683	-1.54954	0.954171	-1.5746	-2.34079	-0.366812	1.08842	1.78803	-1.55643	1.21171	-1.69009	2.08788	
-1.45577	-0.430904	1.11046	1.59996	-1.55082	0.955915	-1.57718	-2.34332	-0.370277	1.08923	1.78993	-1.55676	1.21131	-1.69267	2.09348	
-1.45686	-0.43493	1.11119	1.60309	-1.55209	0.957658	-1.57977	-2.34584	-0.373742	1.09005	1.79182	-1.55709	1.2109	-1.69525	2.09908	
-1.45795	-0.438955	1.11193	1.60622	-1.55337	0.959402	-1.58235	-2.34836	-0.377206	1.09086	1.79372	-1.55743	1.21049	-1.69784	2.10468	
-1.45904	-0.442981	1.11266	1.60935	-1.55464	0.961145	-1.58494	-2.35089	-0.380671	1.09167	1.79562	-1.55776	1.21008	-1.70042	2.11028	
-1.46013	-0.447007	1.1134	1.61248	-1.55592	0.962889	-1.58752	-2.35341	-0.384136	1.09249	1.79752	-1.55809	1.20968	-1.703	2.11588	
-1.46122	-0.451032	1.11413	1.61561	-1.55719	0.964632	-1.59011	-2.35593	-0.387601	1.0933	1.79942	-1.55843	1.20927	-1.70558	2.12148	
-1.46231	-0.455058	1.11486	1.61873	-1.55846	0.966376	-1.59269	-2.35846	-0.391065	1.09411	1.80131	-1.55876	1.20886	-1.70816	2.12708	
-1.4634	-0.459083	1.1156	1.62186	-1.55974	0.968119	-1.59528	-2.36098	-0.39453	1.09493	1.80321	-1.5591	1.20846	-1.71074	2.13267	
-1.46449	-0.463109	1.11633	1.62499	-1.56101	0.969863	-1.59786	-2.3635	-0.397995	1.09574	1.80511	-1.55943	1.20805	-1.71332	2.13827	
-1.46558	-0.467135	1.11706	1.62812	-1.56229	0.971606	-1.60044	-2.36603	-0.401459	1.09655	1.80701	-1.55976	1.20764	-1.71591	2.14387	
-1.46667	-0.47116	1.1178	1.63125	-1.56356	0.97335	-1.60303	-2.36855	-0.404924	1.09736	1.8089	-1.5601	1.20723	-1.71849	2.14947	
-1.46776	-0.475186	1.11853	1.63438	-1.56484	0.975093	-1.60561	-2.37107	-0.408389	1.09818	1.8108	-1.56043	1.20683	-1.72107	2.15507	
-1.46885	-0.479212	1.11927	1.63751	-1.56611	0.976836	-1.6082	-2.3736	-0.411854	1.09899	1.8127	-1.56077	1.20642	-1.72365	2.16067	
-1.46994	-0.483237	1.12	1.64064	-1.56738	0.97858	-1.61078	-2.37612	-0.415318	1.0998	1.8146	-1.5611	1.20601	-1.72623	2.16627	
-1.47103	-0.487263	1.12073	1.64377	-1.56866	0.980323	-1.61337	-2.37864	-0.418783	1.10062	1.8165	-1.56143	1.2056	-1.72881	2.17187	
-1.47212	-0.491289	1.12147	1.6469	-1.56993	0.982067	-1.61595	-2.38117	-0.422248	1.10143	1.81839	-1.56177	1.2052	-1.7314	2.17747	
-1.47321	-0.495314	1.1222	1.65002	-1.57121	0.98381	-1.61854	-2.38369	-0.425713	1.10224	1.82029	-1.5621	1.20479	-1.73398	2.18307	
-1.47431	-0.49934	1.12293	1.65315	-1.57248	0.985554	-1.62112	-2.38622	-0.429177	1.10306	1.82219	-1.56243	1.20438	-1.73656	2.18867	
-1.4754	-0.503365	1.12367	1.65628	-1.57376	0.987297	-1.62371	-2.38874	-0.432642	1.10387	1.82409	-1.56277	1.20398	-1.73914	2.19427	
-1.47649	-0.507391	1.1244	1.65941	-1.57503	0.989041	-1.62629	-2.39126	-0.436107	1.10468	1.82598	-1.5631	1.20357	-1.74172	2.19987	
-1.47758	-0.511417	1.12513	1.66254	-1.5763	0.990784	-1.62888	-2.39379	-0.439571	1.10549	1.82788	-1.56344	1.20316	-1.7443	2.20547	
-1.47867	-0.515442	1.12587	1.66567	-1.57758	0.992528	-1.63146	-2.39631	-0.443036	1.10631	1.82978	-1.56377	1.20275	-1.74688	2.21107	
-1.47976	-0.519468	1.1266	1.6688	-1.57885	0.994271	-1.63405	-2.39883	-0.446501	1.10712	1.83168	-1.5641	1.20235	-1.74947	2.21667	
-1.48085	-0.523494	1.12734	1.67193	-1.58013	0.996015	-1.63663	-2.40136	-0.449966	1.10793	1.83358	-1.56444	1.20194	-1.75205	2.22227	
-1.48194	-0.527519	1.12807	1.67506	-1.5814	0.997758	-1.63922	-2.40388	-0.45343	1.10875	1.83547	-1.56477	1.20153	-1.75463	2.22787	
-1.48303	-0.531545	1.1288	1.67818	-1.58268	0.999502	-1.6418	-2.4064	-0.456895	1.10956	1.83737	-1.5651	1.20113	-1.75721	2.23347	
-1.48412	-0.53557	1.12954	1.68131	-1.58395	1.00125	-1.64439	-2.40893	-0.46036	1.11037	1.83927	-1.56544	1.20072	-1.75979	2.23906	
-1.48521	-0.539596	1.13027	1.68444	-1.58522	1.00299	-1.64697	-2.41145	-0.463825	1.11119	1.84117	-1.56577	1.20031	-1.76237	2.24466	
-1.4863	-0.543622	1.131	1.68757	-1.5865	1.00473	-1.64956	-2.41397	-0.467289	1.112	1.84307	-1.56611	1.1999	-1.76496	2.25026	
-1.48739	-0.547647	1.13174	1.6907	-1.58777	1.00648	-1.65214	-2.4165	-0.470754	1.11281	1.84496	-1.56644	1.1995	-1.76754	2.25586	
-1.48848	-0.551673	1.13247	1.69383	-1.58905	1.00822	-1.65473	-2.41902	-0.474219	1.11363	1.84686	-1.56677	1.19909	-1.77012	2.26146	
-1.48957	-0.555699	1.13321	1.69696	-1.59032	1.00996	-1.65731	-2.42155	-0.477684	1.11444	1.84876	-1.56711	1.19868	-1.7727	2.26706	
-1.49066	-0.559724	1.13394	1.70009	-1.5916	1.01171	-1.6599	-2.42407	-0.481148	1.11525	1.85066	-1.56744	1.19827	-1.77528	2.27266	
-1.49175	-0.56375	1.13467	1.70322	-1.59287	1.01345	-1.66248	-2.42659	-0.484613	1.11606	1.85255	-1.56778	1.19787	-1.77786	2.27826	
-1.49284	-0.567775	1.13541	1.70635	-1.59414	1.01519	-1.66507	-2.42912	-0.488078	1.11688	1.85445	-1.56811	1.19746	-1.78044	2.28386	
-1.49393	-0.571801	1.13614	1.70947	-1.59542	1.01694	-1.66765	-2.43164	-0.491542	1.11769	1.85635	-1.56844	1.19705	-1.78303	2.28946	
-1.49502	-0.575827	1.13687	1.7126	-1.59669	1.01868	-1.67024	-2.43416	-0.495007	1.1185	1.85825	-1.56878	1.19665	-1.78561	2.29506	
-1.49611	-0.579852	1.13761	1.71573	-1.59797	1.02042	-1.67282	-2.43669	-0.498472	1.11932	1.86015	-1.56911	1.19624	-1.78819	2.30066	
-1.4972	-0.583878	1.13834	1.71886	-1.59924	1.02217	-1.67541	-2.43921	-0.501937	1.12013	1.86204	-1.56944	1.19583	-1.79077	2.30626	
-1.49829	-0.587904	1.13908	1.72199	-1.60052	1.02391	-1.67799	-2.44173	-0.505401	1.12094	1.86394	-1.56978	1.19542	-1.79335	2.31186	
-1.49938	-0.591929	1.13981	1.72512	-1.60179	1.02565	-1.68057	-2.44426	-0.508866	1.12176	1.86584	-1.57011	1.19502	-1.79593	2.31746	
-1.50047	-0.595955	1.14054	1.72825	-1.60306	1.0274	-1.68316	-2.44678	-0.512331	1.12257	1.86774	-1.57045	1.19461	-1.79851	2.32306	
-1.50156	-0.599981	1.14128	1.73138	-1.60434	1.02914	-1.68574	-2.4493	-0.515796	1.12338	1.86963	-1.57078	1.1942	-1.8011	2.32866	
-1.50265	-0.604006	1.14201	1.73451	-1.60561	1.03088	-1.68833	-2.45183	-0.51926	1.12419	1.87153	-1.57111	1.1938	-1.80368	2.33426	
-1.50374	-0.608032	1.14274	1.73763	-1.60689	1.03263	-1.69091	-2.45435	-0.522725	1.12501	1.87343	-1.57145	1.19339	-1.80626	2.33986	
-1.50483	-0.612057	1.14348	1.74076	-1.60816	1.03437	-1.6935	-2.45687	-0.52619	1.12582	1.87533	-1.57178	1.19298	-1.80884	2.34545	
-1.50592	-0.616083	1.14421	1.74389	-1.60944	1.03612	-1.69608	-2.4594	-0.529654	1.12663	1.87723	-1.57212	1.19257	-1.81142	2.35105	
-1.50701	-0.620109	1.14495	1.74702	-1.61071	1.03786	-1.69867	-2.46192	-0.533119	1.12745	1.87912	-1.57245	1.19217	-1.814	2.35665	
-1.5081	-0.624134	1.14568	1.75015	-1.61198	1.0396	-1.70125	-2.46445	-0.536584	1.12826	1.88102	-1.57278	1.19176	-1.81659	2.36225	
-1.50919	-0.62816	1.14641	1.75328	-1.61326	1.04135	-1.70384	-2.46697	-0.540049	1.12907	1.88292	-1.57312	1.19135	-1.81917	2.36785	
-1.51028	-0.632186	1.14715	1.75641	-1.61453	1.04309	-1.70642	-2.46949	-0.543513	1.12989	1.88482	-1.57345	1.19094	-1.82175	2.37345	
-1.51137	-0.636211	1.14788	1.75954	-1.61581	1.04483	-1.70901	-2.47202	-0.546978	1.1307	1.88671	-1.57378	1.19054	-1.82433	2.37905	
-1.51246	-0.640237	1.14861	1.76267	-1.61708	1.04658	-1.71159	-2.47454	-0.550443	1.13151	1.88861	-1.57412	1.19013	-1.82691	2.38465	
-1.51355	-0.644262	1.14935	1.7658	-1.61835	1.04832	-1.71418	-2.47706	-0.553908	1.13232	1.89051	-1.57445	1.18972	-1.82949	2.39025	
-1.51464	-0.648288	1.15008	1.76892	-1.61963	1.05006	-1.71676	-2.47959	-0.557372	1.13314	1.89241	-1.57479	1.18932	-1.83207	2.39585	
-1.51573	-0.652314	1.15082	1.77205	-1.6209	1.05181	-1.71935	-2.48211	-0.560837	1.13395	1.89431	-1.57512	1.18891	-1.83466	2.40145	
-1.51682	-0.656339	1.15155	1.77518	-1.62218	1.05355	-1.72193	-2.48463	-0.564302	1.13476	1.8962	-1.57545	1.1885	-1.83724	2.40705	
-1.51791	-0.660365	1.15228	1.77831	-1.62345	1.05529	-1.72452	-2.48716	-0.567766	1.13558	1.8981	-1.57579	1.18809	-1.83982	2.41265	
-1.519	-0.664391	1.15302	1.78144	-1.62473	1.05704	-1.7271	-2.48968	-0.571231	1.13639	1.9	-1.57612	1.18769	-1.8424	2.41825	
-1.52009	-0.668416	1.15375	1.78457	-1.626	1.05878	-1.72969	-2.4922	-0.574696	1.1372	1.9019	-1.57646	1.18728	-1.84498	2.42385	
-1.52118	-0.672442	1.15448	1.7877	-1.62727	1.06052	-1.73227	-2.49473	-0.578161	1.13802	1.90379	-1.57679	1.18687	-1.84756	2.42945	
-1.52227	-0.676468	1.15522	1.79083	-1.62855	1.06227	-1.73486	-2.49725	-0.581625	1.13883	1.90569	-1.57712	1.18646	-1.85015	2.43505	
-1.52336	-0.680493	1.15595	1.79396	-1.62982	1.06401	-1.73744	-2.49978	-0.58509	1.13964	1.90759	-1.57746	1.18606	-1.85273	2.44065	
-1.52445	-0.684519	1.15669	1.79708	-1.6311	1.06575	-1.74003	-2.5023	-0.588555	1.14045	1.90949	-1.57779	1.18565	-1.85531	2.44624	
-1.52554	-0.688544	1.15742	1.80021	-1.63237	1.0675	-1.74261	-2.50482	-0.59202	1.14127	1.91139	-1.57812	1.18524	-1.85789	2.45184	
-1.52663	-0.69257	1.15815	1.80334	-1.63365	1.06924	-1.7452	-2.50735	-0.595484	1.14208	1.91328	-1.57846	1.18484	-1.86047	2.45744	
-1.52772	-0.696596	1.15889	1.80647	-1.63492	1.07098	-1.74778	-2.50987	-0.598949	1.14289	1.91518	-1.57879	1.18443	-1.86305	2.46304	
-1.52881	-0.700621	1.15962	1.8096	-1.63619	1.07273	-1.75037	-2.51239	-0.602414	1.14371	1.91708	-1.57913	1.18402	-1.86563	2.46864	
-1.5299	-0.704647	1.16035	1.81273	-1.63747	1.07447	-1.75295	-2.51492	-0.605879	1.14452	1.91898	-1.57946	1.18361	-1.86822	2.47424	
-1.53099	-0.708673	1.16109	1.81586	-1.63874	1.07622	-1.75554	-2.51744	-0.609343	1.14533	1.92088	-1.57979	1.18321	-1.8708	2.47984	
-1.53208	-0.712698	1.16182	1.81899	-1.64002	1.07796	-1.75812	-2.51996	-0.612808	1.14615	1.92277	-1.58013	1.1828	-1.87338	2.48544	
-1.53317	-0.716724	1.16256	1.82212	-1.64129	1.0797	-1.76071	-2.52249	-0.616273	1.14696	1.92467	-1.58046	1.18239	-1.87596	2.49104	
-1.53426	-0.720749	1.16329	1.82525	-1.64257	1.08145	-1.76329	-2.52501	-0.619737	1.14777	1.92657	-1.58079	1.18199	-1.87854	2.49664	
-1.53535	-0.724775	1.16402	1.82837	-1.64384	1.08319	-1.76587	-2.52753	-0.623202	1.14858	1.92847	-1.58113	1.18158	-1.88112	2.50224	
-1.53644	-0.728801	1.16476	1.8315	-1.64511	1.08493	-1.76846	-2.53006	-0.626667	1.1494	1.93036	-1.58146	1.18117	-1.88371	2.50784	
-1.53753	-0.732826	1.16549	1.83463	-1.64639	1.08668	-1.77104	-2.53258	-0.630132	1.15021	1.93226	-1.5818	1.18076	-1.88629	2.51344	
-1.53862	-0.736852	1.16622	1.83776	-1.64766	1.08842	-1.77363	-2.5351	-0.633596	1.15102	1.93416	-1.58213	1.18036	-1.88887	2.51904	
-1.53971	-0.740878	1.16696	1.84089	-1.64894	1.09016	-1.77621	-2.53763	-0.637061	1.15184	1.93606	-1.58246	1.17995	-1.89145	2.52464	
-1.5408	-0.744903	1.16769	1.84402	-1.65021	1.09191	-1.7788	-2.54015	-0.640526	1.15265	1.93796	-1.5828	1.17954	-1.89403	2.53024	
-1.54189	-0.748929	1.16843	1.84715	-1.65149	1.09365	-1.78138	-2.54268	-0.643991	1.15346	1.93985	-1.58313	1.17913	-1.89661	2.53584	
-1.54298	-0.752954	1.16916	1.85028	-1.65276	1.09539	-1.78397	-2.5452	-0.647455	1.15428	1.94175	-1.58347	1.17873	-1.89919	2.54144	
-1.54407	-0.75698	1.16989	1.85341	-1.65403	1.09714	-1.78655	-2.54772	-0.65092	1.15509	1.94365	-1.5838	1.17832	-1.90178	2.54704	
-1.54516	-0.761006	1.17063	1.85653	-1.65531	1.09888	-1.78914	-2.55025	-0.654385	1.1559	1.94555	-1.58413	1.17791	-1.90436	2.55263	
-1.54625	-0.765031	1.17136	1.85966	-1.65658	1.10062	-1.79172	-2.55277	-0.657849	1.15672	1.94744	-1.58447	1.17751	-1.90694	2.55823	
-1.54734	-0.769057	1.17209	1.86279	-1.65786	1.10237	-1.79431	-2.55529	-0.661314	1.15753	1.94934	-1.5848	1.1771	-1.90952	2.56383	
-1.54843	-0.773083	1.17283	1.86592	-1.65913	1.10411	-1.79689	-2.55782	-0.664779	1.15834	1.95124	-1.58513	1.17669	-1.9121	2.56943	
-1.54952	-0.777108	1.17356	1.86905	-1.66041	1.10585	-1.79948	-2.56034	-0.668244	1.15915	1.95314	-1.58547	1.17628	-1.91468	2.57503	
-1.55061	-0.781134	1.1743	1.87218	-1.66168	1.1076	-1.80206	-2.56286	-0.671708	1.15997	1.95504	-1.5858	1.17588	-1.91727	2.58063	
-1.5517	-0.78516	1.17503	1.87531	-1.66295	1.10934	-1.80465	-2.56539	-0.675173	1.16078	1.95693	-1.58614	1.17547	-1.91985	2.58623	
