-1.5517	-0.78516	1.17503	1.87531	-1.66295	1.10934	-1.80465	-2.56539	-0.675173	1.16078	1.95693	-1.58614	1.17547	-1.91985	2.58623	
-1.55083	-0.783913	1.17343	1.87035	-1.66022	1.10593	-1.80393	-2.56122	-0.671323	1.16047	1.95752	-1.58574	1.17766	-1.91719	2.58387	
-1.54996	-0.782666	1.17183	1.86538	-1.65749	1.10251	-1.80321	-2.55706	-0.667473	1.16015	1.9581	-1.58535	1.17986	-1.91454	2.58151	
-1.54908	-0.781419	1.17023	1.86042	-1.65475	1.0991	-1.80249	-2.55289	-0.663624	1.15984	1.95869	-1.58496	1.18205	-1.91189	2.57914	
-1.54821	-0.780172	1.16864	1.85546	-1.65202	1.09568	-1.80177	-2.54873	-0.659774	1.15953	1.95927	-1.58457	1.18425	-1.90923	2.57678	
-1.54734	-0.778926	1.16704	1.85049	-1.64928	1.09227	-1.80105	-2.54456	-0.655924	1.15921	1.95986	-1.58418	1.18644	-1.90658	2.57442	
-1.54647	-0.777679	1.16544	1.84553	-1.64655	1.08885	-1.80033	-2.54039	-0.652074	1.1589	1.96044	-1.58379	1.18864	-1.90393	2.57206	
-1.5456	-0.776432	1.16384	1.84057	-1.64381	1.08544	-1.79961	-2.53623	-0.648224	1.15859	1.96102	-1.5834	1.19083	-1.90127	2.5697	
-1.54472	-0.775185	1.16224	1.8356	-1.64108	1.08202	-1.79889	-2.53206	-0.644374	1.15827	1.96161	-1.58301	1.19303	-1.89862	2.56733	
-1.54385	-0.773939	1.16065	1.83064	-1.63834	1.07861	-1.79817	-2.5279	-0.640524	1.15796	1.96219	-1.58261	1.19522	-1.89597	2.56497	
-1.54298	-0.772692	1.15905	1.82568	-1.63561	1.07519	-1.79746	-2.52373	-0.636674	1.15765	1.96278	-1.58222	1.19742	-1.89331	2.56261	
-1.54211	-0.771445	1.15745	1.82072	-1.63287	1.07178	-1.79674	-2.51957	-0.632825	1.15733	1.96336	-1.58183	1.19961	-1.89066	2.56025	
-1.54124	-0.770198	1.15585	1.81575	-1.63014	1.06836	-1.79602	-2.5154	-0.628975	1.15702	1.96395	-1.58144	1.2018	-1.88801	2.55788	
-1.54036	-0.768951	1.15425	1.81079	-1.6274	1.06495	-1.7953	-2.51124	-0.625125	1.15671	1.96453	-1.58105	1.204	-1.88535	2.55552	
-1.53949	-0.767705	1.15266	1.80583	-1.62467	1.06153	-1.79458	-2.50707	-0.621275	1.15639	1.96511	-1.58066	1.20619	-1.8827	2.55316	
-1.53862	-0.766458	1.15106	1.80086	-1.62193	1.05812	-1.79386	-2.5029	-0.617425	1.15608	1.9657	-1.58027	1.20839	-1.88005	2.5508	
-1.53775	-0.765211	1.14946	1.7959	-1.6192	1.0547	-1.79314	-2.49874	-0.613575	1.15577	1.96628	-1.57988	1.21058	-1.8774	2.54844	
-1.53688	-0.763964	1.14786	1.79094	-1.61647	1.05129	-1.79242	-2.49457	-0.609725	1.15546	1.96687	-1.57948	1.21278	-1.87474	2.54607	
-1.536	-0.762718	1.14626	1.78597	-1.61373	1.04787	-1.7917	-2.49041	-0.605875	1.15514	1.96745	-1.57909	1.21497	-1.87209	2.54371	
-1.53513	-0.761471	1.14467	1.78101	-1.611	1.04446	-1.79098	-2.48624	-0.602026	1.15483	1.96804	-1.5787	1.21717	-1.86944	2.54135	
-1.53426	-0.760224	1.14307	1.77605	-1.60826	1.04104	-1.79026	-2.48208	-0.598176	1.15452	1.96862	-1.57831	1.21936	-1.86678	2.53899	
-1.53339	-0.758977	1.14147	1.77109	-1.60553	1.03763	-1.78954	-2.47791	-0.594326	1.1542	1.9692	-1.57792	1.22155	-1.86413	2.53662	
-1.53252	-0.75773	1.13987	1.76612	-1.60279	1.03421	-1.78883	-2.47375	-0.590476	1.15389	1.96979	-1.57753	1.22375	-1.86148	2.53426	
-1.53164	-0.756484	1.13827	1.76116	-1.60006	1.0308	-1.78811	-2.46958	-0.586626	1.15358	1.97037	-1.57714	1.22594	-1.85882	2.5319	
-1.53077	-0.755237	1.13667	1.7562	-1.59732	1.02738	-1.78739	-2.46541	-0.582776	1.15326	1.97096	-1.57675	1.22814	-1.85617	2.52954	
-1.5299	-0.75399	1.13508	1.75123	-1.59459	1.02397	-1.78667	-2.46125	-0.578926	1.15295	1.97154	-1.57635	1.23033	-1.85352	2.52717	
-1.52903	-0.752743	1.13348	1.74627	-1.59185	1.02055	-1.78595	-2.45708	-0.575076	1.15264	1.97213	-1.57596	1.23253	-1.85086	2.52481	
-1.52816	-0.751497	1.13188	1.74131	-1.58912	1.01714	-1.78523	-2.45292	-0.571227	1.15232	1.97271	-1.57557	1.23472	-1.84821	2.52245	
-1.52729	-0.75025	1.13028	1.73634	-1.58638	1.01372	-1.78451	-2.44875	-0.567377	1.15201	1.97329	-1.57518	1.23692	-1.84556	2.52009	
-1.52641	-0.749003	1.12868	1.73138	-1.58365	1.01031	-1.78379	-2.44459	-0.563527	1.1517	1.97388	-1.57479	1.23911	-1.8429	2.51773	
-1.52554	-0.747756	1.12709	1.72642	-1.58091	1.00689	-1.78307	-2.44042	-0.559677	1.15138	1.97446	-1.5744	1.24131	-1.84025	2.51536	
-1.52467	-0.746509	1.12549	1.72145	-1.57818	1.00348	-1.78235	-2.43626	-0.555827	1.15107	1.97505	-1.57401	1.2435	-1.8376	2.513	
-1.5238	-0.745263	1.12389	1.71649	-1.57545	1.00006	-1.78163	-2.43209	-0.551977	1.15076	1.97563	-1.57361	1.24569	-1.83494	2.51064	
-1.52293	-0.744016	1.12229	1.71153	-1.57271	0.996647	-1.78091	-2.42793	-0.548127	1.15044	1.97622	-1.57322	1.24789	-1.83229	2.50828	
-1.52205	-0.742769	1.12069	1.70657	-1.56998	0.993232	-1.7802	-2.42376	-0.544278	1.15013	1.9768	-1.57283	1.25008	-1.82964	2.50591	
-1.52118	-0.741522	1.1191	1.7016	-1.56724	0.989817	-1.77948	-2.41959	-0.540428	1.14982	1.97739	-1.57244	1.25228	-1.82698	2.50355	
-1.52031	-0.740276	1.1175	1.69664	-1.56451	0.986402	-1.77876	-2.41543	-0.536578	1.1495	1.97797	-1.57205	1.25447	-1.82433	2.50119	
-1.51944	-0.739029	1.1159	1.69168	-1.56177	0.982987	-1.77804	-2.41126	-0.532728	1.14919	1.97855	-1.57166	1.25667	-1.82168	2.49883	
-1.51857	-0.737782	1.1143	1.68671	-1.55904	0.979572	-1.77732	-2.4071	-0.528878	1.14888	1.97914	-1.57127	1.25886	-1.81902	2.49647	
-1.51769	-0.736535	1.1127	1.68175	-1.5563	0.976157	-1.7766	-2.40293	-0.525028	1.14856	1.97972	-1.57088	1.26106	-1.81637	2.4941	
-1.51682	-0.735289	1.1111	1.67679	-1.55357	0.972742	-1.77588	-2.39877	-0.521178	1.14825	1.98031	-1.57048	1.26325	-1.81372	2.49174	
-1.51595	-0.734042	1.10951	1.67182	-1.55083	0.969327	-1.77516	-2.3946	-0.517328	1.14794	1.98089	-1.57009	1.26545	-1.81106	2.48938	
-1.51508	-0.732795	1.10791	1.66686	-1.5481	0.965912	-1.77444	-2.39044	-0.513479	1.14762	1.98148	-1.5697	1.26764	-1.80841	2.48702	
-1.51421	-0.731548	1.10631	1.6619	-1.54536	0.962497	-1.77372	-2.38627	-0.509629	1.14731	1.98206	-1.56931	1.26983	-1.80576	2.48465	
-1.51333	-0.730301	1.10471	1.65694	-1.54263	0.959082	-1.773	-2.3821	-0.505779	1.147	1.98264	-1.56892	1.27203	-1.8031	2.48229	
-1.51246	-0.729055	1.10311	1.65197	-1.53989	0.955667	-1.77228	-2.37794	-0.501929	1.14668	1.98323	-1.56853	1.27422	-1.80045	2.47993	
-1.51159	-0.727808	1.10152	1.64701	-1.53716	0.952252	-1.77156	-2.37377	-0.498079	1.14637	1.98381	-1.56814	1.27642	-1.7978	2.47757	
-1.51072	-0.726561	1.09992	1.64205	-1.53443	0.948837	-1.77085	-2.36961	-0.494229	1.14606	1.9844	-1.56775	1.27861	-1.79515	2.4752	
-1.50985	-0.725314	1.09832	1.63708	-1.53169	0.945422	-1.77013	-2.36544	-0.490379	1.14574	1.98498	-1.56735	1.28081	-1.79249	2.47284	
-1.50897	-0.724068	1.09672	1.63212	-1.52896	0.942008	-1.76941	-2.36128	-0.486529	1.14543	1.98557	-1.56696	1.283	-1.78984	2.47048	
-1.5081	-0.722821	1.09512	1.62716	-1.52622	0.938593	-1.76869	-2.35711	-0.48268	1.14512	1.98615	-1.56657	1.2852	-1.78719	2.46812	
-1.50723	-0.721574	1.09353	1.62219	-1.52349	0.935178	-1.76797	-2.35295	-0.47883	1.1448	1.98673	-1.56618	1.28739	-1.78453	2.46576	
-1.50636	-0.720327	1.09193	1.61723	-1.52075	0.931763	-1.76725	-2.34878	-0.47498	1.14449	1.98732	-1.56579	1.28959	-1.78188	2.46339	
-1.50549	-0.71908	1.09033	1.61227	-1.51802	0.928348	-1.76653	-2.34461	-0.47113	1.14418	1.9879	-1.5654	1.29178	-1.77923	2.46103	
-1.50461	-0.717834	1.08873	1.60731	-1.51528	0.924933	-1.76581	-2.34045	-0.46728	1.14387	1.98849	-1.56501	1.29397	-1.77657	2.45867	
-1.50374	-0.716587	1.08713	1.60234	-1.51255	0.921518	-1.76509	-2.33628	-0.46343	1.14355	1.98907	-1.56462	1.29617	-1.77392	2.45631	
-1.50287	-0.71534	1.08554	1.59738	-1.50981	0.918103	-1.76437	-2.33212	-0.45958	1.14324	1.98966	-1.56422	1.29836	-1.77127	2.45394	
-1.502	-0.714093	1.08394	1.59242	-1.50708	0.914688	-1.76365	-2.32795	-0.455731	1.14293	1.99024	-1.56383	1.30056	-1.76861	2.45158	
-1.50113	-0.712847	1.08234	1.58745	-1.50434	0.911273	-1.76293	-2.32379	-0.451881	1.14261	1.99082	-1.56344	1.30275	-1.76596	2.44922	
-1.50026	-0.7116	1.08074	1.58249	-1.50161	0.907858	-1.76222	-2.31962	-0.448031	1.1423	1.99141	-1.56305	1.30495	-1.76331	2.44686	
-1.49938	-0.710353	1.07914	1.57753	-1.49887	0.904443	-1.7615	-2.31546	-0.444181	1.14199	1.99199	-1.56266	1.30714	-1.76065	2.4445	
-1.49851	-0.709106	1.07754	1.57256	-1.49614	0.901028	-1.76078	-2.31129	-0.440331	1.14167	1.99258	-1.56227	1.30934	-1.758	2.44213	
-1.49764	-0.707859	1.07595	1.5676	-1.49341	0.897613	-1.76006	-2.30712	-0.436481	1.14136	1.99316	-1.56188	1.31153	-1.75535	2.43977	
-1.49677	-0.706613	1.07435	1.56264	-1.49067	0.894198	-1.75934	-2.30296	-0.432631	1.14105	1.99375	-1.56148	1.31373	-1.75269	2.43741	
-1.4959	-0.705366	1.07275	1.55768	-1.48794	0.890783	-1.75862	-2.29879	-0.428781	1.14073	1.99433	-1.56109	1.31592	-1.75004	2.43505	
-1.49502	-0.704119	1.07115	1.55271	-1.4852	0.887368	-1.7579	-2.29463	-0.424932	1.14042	1.99492	-1.5607	1.31811	-1.74739	2.43268	
-1.49415	-0.702872	1.06955	1.54775	-1.48247	0.883953	-1.75718	-2.29046	-0.421082	1.14011	1.9955	-1.56031	1.32031	-1.74473	2.43032	
-1.49328	-0.701626	1.06796	1.54279	-1.47973	0.880538	-1.75646	-2.2863	-0.417232	1.13979	1.99608	-1.55992	1.3225	-1.74208	2.42796	
-1.49241	-0.700379	1.06636	1.53782	-1.477	0.877123	-1.75574	-2.28213	-0.413382	1.13948	1.99667	-1.55953	1.3247	-1.73943	2.4256	
-1.49154	-0.699132	1.06476	1.53286	-1.47426	0.873708	-1.75502	-2.27797	-0.409532	1.13917	1.99725	-1.55914	1.32689	-1.73677	2.42323	
-1.49066	-0.697885	1.06316	1.5279	-1.47153	0.870293	-1.7543	-2.2738	-0.405682	1.13885	1.99784	-1.55875	1.32909	-1.73412	2.42087	
-1.48979	-0.696638	1.06156	1.52293	-1.46879	0.866878	-1.75359	-2.26964	-0.401832	1.13854	1.99842	-1.55835	1.33128	-1.73147	2.41851	
-1.48892	-0.695392	1.05997	1.51797	-1.46606	0.863463	-1.75287	-2.26547	-0.397982	1.13823	1.99901	-1.55796	1.33348	-1.72881	2.41615	
-1.48805	-0.694145	1.05837	1.51301	-1.46332	0.860048	-1.75215	-2.2613	-0.394133	1.13791	1.99959	-1.55757	1.33567	-1.72616	2.41379	
-1.48718	-0.692898	1.05677	1.50804	-1.46059	0.856633	-1.75143	-2.25714	-0.390283	1.1376	2.00017	-1.55718	1.33787	-1.72351	2.41142	
-1.4863	-0.691651	1.05517	1.50308	-1.45785	0.853218	-1.75071	-2.25297	-0.386433	1.13729	2.00076	-1.55679	1.34006	-1.72085	2.40906	
-1.48543	-0.690405	1.05357	1.49812	-1.45512	0.849803	-1.74999	-2.24881	-0.382583	1.13697	2.00134	-1.5564	1.34225	-1.7182	2.4067	
-1.48456	-0.689158	1.05197	1.49316	-1.45239	0.846388	-1.74927	-2.24464	-0.378733	1.13666	2.00193	-1.55601	1.34445	-1.71555	2.40434	
-1.48369	-0.687911	1.05038	1.48819	-1.44965	0.842973	-1.74855	-2.24048	-0.374883	1.13635	2.00251	-1.55562	1.34664	-1.71289	2.40197	
-1.48282	-0.686664	1.04878	1.48323	-1.44692	0.839558	-1.74783	-2.23631	-0.371033	1.13603	2.0031	-1.55522	1.34884	-1.71024	2.39961	
-1.48194	-0.685417	1.04718	1.47827	-1.44418	0.836143	-1.74711	-2.23215	-0.367183	1.13572	2.00368	-1.55483	1.35103	-1.70759	2.39725	
-1.48107	-0.684171	1.04558	1.4733	-1.44145	0.832728	-1.74639	-2.22798	-0.363334	1.13541	2.00426	-1.55444	1.35323	-1.70494	2.39489	
-1.4802	-0.682924	1.04398	1.46834	-1.43871	0.829313	-1.74567	-2.22381	-0.359484	1.13509	2.00485	-1.55405	1.35542	-1.70228	2.39253	
-1.47933	-0.681677	1.04239	1.46338	-1.43598	0.825898	-1.74496	-2.21965	-0.355634	1.13478	2.00543	-1.55366	1.35762	-1.69963	2.39016	
-1.47846	-0.68043	1.04079	1.45841	-1.43324	0.822483	-1.74424	-2.21548	-0.351784	1.13447	2.00602	-1.55327	1.35981	-1.69698	2.3878	
-1.47758	-0.679184	1.03919	1.45345	-1.43051	0.819068	-1.74352	-2.21132	-0.347934	1.13415	2.0066	-1.55288	1.36201	-1.69432	2.38544	
-1.47671	-0.677937	1.03759	1.44849	-1.42777	0.815653	-1.7428	-2.20715	-0.344084	1.13384	2.00719	-1.55249	1.3642	-1.69167	2.38308	
-1.47584	-0.67669	1.03599	1.44353	-1.42504	0.812238	-1.74208	-2.20299	-0.340234	1.13353	2.00777	-1.55209	1.36639	-1.68902	2.38071	
-1.47497	-0.675443	1.0344	1.43856	-1.4223	0.808823	-1.74136	-2.19882	-0.336385	1.13321	2.00835	-1.5517	1.36859	-1.68636	2.37835	
-1.4741	-0.674196	1.0328	1.4336	-1.41957	0.805408	-1.74064	-2.19466	-0.332535	1.1329	2.00894	-1.55131	1.37078	-1.68371	2.37599	
-1.47323	-0.67295	1.0312	1.42864	-1.41683	0.801993	-1.73992	-2.19049	-0.328685	1.13259	2.00952	-1.55092	1.37298	-1.68106	2.37363	
-1.47235	-0.671703	1.0296	1.42367	-1.4141	0.798578	-1.7392	-2.18632	-0.324835	1.13228	2.01011	-1.55053	1.37517	-1.6784	2.37126	
-1.47148	-0.670456	1.028	1.41871	-1.41137	0.795163	-1.73848	-2.18216	-0.320985	1.13196	2.01069	-1.55014	1.37737	-1.67575	2.3689	
-1.47061	-0.669209	1.0264	1.41375	-1.40863	0.791748	-1.73776	-2.17799	-0.317135	1.13165	2.01128	-1.54975	1.37956	-1.6731	2.36654	
-1.46974	-0.667963	1.02481	1.40878	-1.4059	0.788333	-1.73704	-2.17383	-0.313285	1.13134	2.01186	-1.54935	1.38176	-1.67044	2.36418	
-1.46887	-0.666716	1.02321	1.40382	-1.40316	0.784918	-1.73632	-2.16966	-0.309435	1.13102	2.01245	-1.54896	1.38395	-1.66779	2.36182	
-1.46799	-0.665469	1.02161	1.39886	-1.40043	0.781503	-1.73561	-2.1655	-0.305586	1.13071	2.01303	-1.54857	1.38614	-1.66514	2.35945	
-1.46712	-0.664222	1.02001	1.3939	-1.39769	0.778089	-1.73489	-2.16133	-0.301736	1.1304	2.01361	-1.54818	1.38834	-1.66248	2.35709	
-1.46625	-0.662975	1.01841	1.38893	-1.39496	0.774674	-1.73417	-2.15717	-0.297886	1.13008	2.0142	-1.54779	1.39053	-1.65983	2.35473	
-1.46538	-0.661729	1.01682	1.38397	-1.39222	0.771259	-1.73345	-2.153	-0.294036	1.12977	2.01478	-1.5474	1.39273	-1.65718	2.35237	
-1.46451	-0.660482	1.01522	1.37901	-1.38949	0.767844	-1.73273	-2.14883	-0.290186	1.12946	2.01537	-1.54701	1.39492	-1.65452	2.35	
-1.46363	-0.659235	1.01362	1.37404	-1.38675	0.764429	-1.73201	-2.14467	-0.286336	1.12914	2.01595	-1.54662	1.39712	-1.65187	2.34764	
-1.46276	-0.657988	1.01202	1.36908	-1.38402	0.761014	-1.73129	-2.1405	-0.282486	1.12883	2.01654	-1.54622	1.39931	-1.64922	2.34528	
-1.46189	-0.656742	1.01042	1.36412	-1.38128	0.757599	-1.73057	-2.13634	-0.278636	1.12852	2.01712	-1.54583	1.40151	-1.64656	2.34292	
-1.46102	-0.655495	1.00883	1.35915	-1.37855	0.754184	-1.72985	-2.13217	-0.274787	1.1282	2.0177	-1.54544	1.4037	-1.64391	2.34056	
-1.46015	-0.654248	1.00723	1.35419	-1.37581	0.750769	-1.72913	-2.12801	-0.270937	1.12789	2.01829	-1.54505	1.4059	-1.64126	2.33819	
-1.45927	-0.653001	1.00563	1.34923	-1.37308	0.747354	-1.72841	-2.12384	-0.267087	1.12758	2.01887	-1.54466	1.40809	-1.6386	2.33583	
-1.4584	-0.651755	1.00403	1.34427	-1.37035	0.743939	-1.72769	-2.11968	-0.263237	1.12726	2.01946	-1.54427	1.41028	-1.63595	2.33347	
-1.45753	-0.650508	1.00243	1.3393	-1.36761	0.740524	-1.72698	-2.11551	-0.259387	1.12695	2.02004	-1.54388	1.41248	-1.6333	2.33111	
-1.45666	-0.649261	1.00084	1.33434	-1.36488	0.737109	-1.72626	-2.11135	-0.255537	1.12664	2.02063	-1.54349	1.41467	-1.63064	2.32874	
-1.45579	-0.648014	0.999237	1.32938	-1.36214	0.733694	-1.72554	-2.10718	-0.251687	1.12632	2.02121	-1.54309	1.41687	-1.62799	2.32638	
-1.45491	-0.646767	0.997639	1.32441	-1.35941	0.730279	-1.72482	-2.10301	-0.247838	1.12601	2.02179	-1.5427	1.41906	-1.62534	2.32402	
-1.45404	-0.645521	0.996041	1.31945	-1.35667	0.726864	-1.7241	-2.09885	-0.243988	1.1257	2.02238	-1.54231	1.42126	-1.62269	2.32166	
-1.45317	-0.644274	0.994443	1.31449	-1.35394	0.723449	-1.72338	-2.09468	-0.240138	1.12538	2.02296	-1.54192	1.42345	-1.62003	2.31929	
-1.4523	-0.643027	0.992845	1.30952	-1.3512	0.720034	-1.72266	-2.09052	-0.236288	1.12507	2.02355	-1.54153	1.42565	-1.61738	2.31693	
-1.45143	-0.64178	0.991246	1.30456	-1.34847	0.716619	-1.72194	-2.08635	-0.232438	1.12476	2.02413	-1.54114	1.42784	-1.61473	2.31457	
-1.45055	-0.640534	0.989648	1.2996	-1.34573	0.713204	-1.72122	-2.08219	-0.228588	1.12444	2.02472	-1.54075	1.43004	-1.61207	2.31221	
-1.44968	-0.639287	0.98805	1.29463	-1.343	0.709789	-1.7205	-2.07802	-0.224738	1.12413	2.0253	-1.54036	1.43223	-1.60942	2.30985	
-1.44881	-0.63804	0.986452	1.28967	-1.34026	0.706374	-1.71978	-2.07386	-0.220888	1.12382	2.02588	-1.53996	1.43442	-1.60677	2.30748	
-1.44794	-0.636793	0.984854	1.28471	-1.33753	0.702959	-1.71906	-2.06969	-0.217039	1.1235	2.02647	-1.53957	1.43662	-1.60411	2.30512	
-1.44707	-0.635546	0.983256	1.27975	-1.33479	0.699544	-1.71835	-2.06552	-0.213189	1.12319	2.02705	-1.53918	1.43881	-1.60146	2.30276	
-1.4462	-0.6343	0.981658	1.27478	-1.33206	0.696129	-1.71763	-2.06136	-0.209339	1.12288	2.02764	-1.53879	1.44101	-1.59881	2.3004	
-1.44532	-0.633053	0.98006	1.26982	-1.32933	0.692714	-1.71691	-2.05719	-0.205489	1.12256	2.02822	-1.5384	1.4432	-1.59615	2.29803	
-1.44445	-0.631806	0.978462	1.26486	-1.32659	0.689299	-1.71619	-2.05303	-0.201639	1.12225	2.02881	-1.53801	1.4454	-1.5935	2.29567	
-1.44358	-0.630559	0.976863	1.25989	-1.32386	0.685884	-1.71547	-2.04886	-0.197789	1.12194	2.02939	-1.53762	1.44759	-1.59085	2.29331	
-1.44271	-0.629313	0.975265	1.25493	-1.32112	0.682469	-1.71475	-2.0447	-0.193939	1.12162	2.02998	-1.53722	1.44979	-1.58819	2.29095	
-1.44184	-0.628066	0.973667	1.24997	-1.31839	0.679054	-1.71403	-2.04053	-0.190089	1.12131	2.03056	-1.53683	1.45198	-1.58554	2.28859	
-1.44096	-0.626819	0.972069	1.245	-1.31565	0.675639	-1.71331	-2.03637	-0.18624	1.121	2.03114	-1.53644	1.45418	-1.58289	2.28622	
-1.44009	-0.625572	0.970471	1.24004	-1.31292	0.672224	-1.71259	-2.0322	-0.18239	1.12069	2.03173	-1.53605	1.45637	-1.58023	2.28386	
-1.43922	-0.624325	0.968873	1.23508	-1.31018	0.668809	-1.71187	-2.02803	-0.17854	1.12037	2.03231	-1.53566	1.45856	-1.57758	2.2815	
-1.43835	-0.623079	0.967275	1.23012	-1.30745	0.665394	-1.71115	-2.02387	-0.17469	1.12006	2.0329	-1.53527	1.46076	-1.57493	2.27914	
-1.43748	-0.621832	0.965677	1.22515	-1.30471	0.661979	-1.71043	-2.0197	-0.17084	1.11975	2.03348	-1.53488	1.46295	-1.57227	2.27677	
-1.4366	-0.620585	0.964079	1.22019	-1.30198	0.658564	-1.70971	-2.01554	-0.16699	1.11943	2.03407	-1.53449	1.46515	-1.56962	2.27441	
-1.43573	-0.619338	0.96248	1.21523	-1.29924	0.655149	-1.709	-2.01137	-0.16314	1.11912	2.03465	-1.53409	1.46734	-1.56697	2.27205	
-1.43486	-0.618092	0.960882	1.21026	-1.29651	0.651734	-1.70828	-2.00721	-0.15929	1.11881	2.03523	-1.5337	1.46954	-1.56431	2.26969	
-1.43399	-0.616845	0.959284	1.2053	-1.29378	0.648319	-1.70756	-2.00304	-0.155441	1.11849	2.03582	-1.53331	1.47173	-1.56166	2.26732	
-1.43312	-0.615598	0.957686	1.20034	-1.29104	0.644904	-1.70684	-1.99888	-0.151591	1.11818	2.0364	-1.53292	1.47393	-1.55901	2.26496	
-1.43224	-0.614351	0.956088	1.19537	-1.28831	0.641489	-1.70612	-1.99471	-0.147741	1.11787	2.03699	-1.53253	1.47612	-1.55635	2.2626	
-1.43137	-0.613104	0.95449	1.19041	-1.28557	0.638074	-1.7054	-1.99054	-0.143891	1.11755	2.03757	-1.53214	1.47832	-1.5537	2.26024	
-1.4305	-0.611858	0.952892	1.18545	-1.28284	0.634659	-1.70468	-1.98638	-0.140041	1.11724	2.03816	-1.53175	1.48051	-1.55105	2.25788	
-1.42963	-0.610611	0.951294	1.18049	-1.2801	0.631244	-1.70396	-1.98221	-0.136191	1.11693	2.03874	-1.53136	1.4827	-1.54839	2.25551	
-1.42876	-0.609364	0.949696	1.17552	-1.27737	0.627829	-1.70324	-1.97805	-0.132341	1.11661	2.03932	-1.53096	1.4849	-1.54574	2.25315	
-1.42788	-0.608117	0.948097	1.17056	-1.27463	0.624414	-1.70252	-1.97388	-0.128492	1.1163	2.03991	-1.53057	1.48709	-1.54309	2.25079	
-1.42701	-0.606871	0.946499	1.1656	-1.2719	0.620999	-1.7018	-1.96972	-0.124642	1.11599	2.04049	-1.53018	1.48929	-1.54043	2.24843	
-1.42614	-0.605624	0.944901	1.16063	-1.26916	0.617584	-1.70108	-1.96555	-0.120792	1.11567	2.04108	-1.52979	1.49148	-1.53778	2.24606	
-1.42527	-0.604377	0.943303	1.15567	-1.26643	0.61417	-1.70037	-1.96139	-0.116942	1.11536	2.04166	-1.5294	1.49368	-1.53513	2.2437	
-1.4244	-0.60313	0.941705	1.15071	-1.26369	0.610755	-1.69965	-1.95722	-0.113092	1.11505	2.04225	-1.52901	1.49587	-1.53248	2.24134	
-1.42352	-0.601883	0.940107	1.14574	-1.26096	0.60734	-1.69893	-1.95306	-0.109242	1.11473	2.04283	-1.52862	1.49807	-1.52982	2.23898	
-1.42265	-0.600637	0.938509	1.14078	-1.25822	0.603925	-1.69821	-1.94889	-0.105392	1.11442	2.04341	-1.52823	1.50026	-1.52717	2.23662	
-1.42178	-0.59939	0.936911	1.13582	-1.25549	0.60051	-1.69749	-1.94472	-0.101542	1.11411	2.044	-1.52783	1.50246	-1.52452	2.23425	
-1.42091	-0.598143	0.935313	1.13086	-1.25276	0.597095	-1.69677	-1.94056	-0.0976926	1.11379	2.04458	-1.52744	1.50465	-1.52186	2.23189	
-1.42004	-0.596896	0.933714	1.12589	-1.25002	0.59368	-1.69605	-1.93639	-0.0938427	1.11348	2.04517	-1.52705	1.50684	-1.51921	2.22953	
-1.41917	-0.59565	0.932116	1.12093	-1.24729	0.590265	-1.69533	-1.93223	-0.0899928	1.11317	2.04575	-1.52666	1.50904	-1.51656	2.22717	
-1.41829	-0.594403	0.930518	1.11597	-1.24455	0.58685	-1.69461	-1.92806	-0.086143	1.11285	2.04634	-1.52627	1.51123	-1.5139	2.2248	
-1.41742	-0.593156	0.92892	1.111	-1.24182	0.583435	-1.69389	-1.9239	-0.0822931	1.11254	2.04692	-1.52588	1.51343	-1.51125	2.22244	
-1.41655	-0.591909	0.927322	1.10604	-1.23908	0.58002	-1.69317	-1.91973	-0.0784432	1.11223	2.04751	-1.52549	1.51562	-1.5086	2.22008	
-1.41568	-0.590662	0.925724	1.10108	-1.23635	0.576605	-1.69245	-1.91557	-0.0745933	1.11191	2.04809	-1.52509	1.51782	-1.50594	2.21772	
-1.41481	-0.589416	0.924126	1.09611	-1.23361	0.57319	-1.69174	-1.9114	-0.0707435	1.1116	2.04867	-1.5247	1.52001	-1.50329	2.21536	
-1.41393	-0.588169	0.922528	1.09115	-1.23088	0.569775	-1.69102	-1.90723	-0.0668936	1.11129	2.04926	-1.52431	1.52221	-1.50064	2.21299	
-1.41306	-0.586922	0.92093	1.08619	-1.22814	0.56636	-1.6903	-1.90307	-0.0630437	1.11097	2.04984	-1.52392	1.5244	-1.49798	2.21063	
-1.41219	-0.585675	0.919331	1.08123	-1.22541	0.562945	-1.68958	-1.8989	-0.0591939	1.11066	2.05043	-1.52353	1.5266	-1.49533	2.20827	
-1.41132	-0.584429	0.917733	1.07626	-1.22267	0.55953	-1.68886	-1.89474	-0.055344	1.11035	2.05101	-1.52314	1.52879	-1.49268	2.20591	
-1.41045	-0.583182	0.916135	1.0713	-1.21994	0.556115	-1.68814	-1.89057	-0.0514941	1.11003	2.0516	-1.52275	1.53098	-1.49002	2.20354	
-1.40957	-0.581935	0.914537	1.06634	-1.2172	0.5527	-1.68742	-1.88641	-0.0476443	1.10972	2.05218	-1.52236	1.53318	-1.48737	2.20118	
-1.4087	-0.580688	0.912939	1.06137	-1.21447	0.549285	-1.6867	-1.88224	-0.0437944	1.10941	2.05276	-1.52196	1.53537	-1.48472	2.19882	
-1.40783	-0.579442	0.911341	1.05641	-1.21174	0.54587	-1.68598	-1.87808	-0.0399445	1.1091	2.05335	-1.52157	1.53757	-1.48206	2.19646	
-1.40696	-0.578195	0.909743	1.05145	-1.209	0.542455	-1.68526	-1.87391	-0.0360946	1.10878	2.05393	-1.52118	1.53976	-1.47941	2.19409	
-1.40609	-0.576948	0.908145	1.04648	-1.20627	0.53904	-1.68454	-1.86974	-0.0322448	1.10847	2.05452	-1.52079	1.54196	-1.47676	2.19173	
-1.40521	-0.575701	0.906547	1.04152	-1.20353	0.535625	-1.68382	-1.86558	-0.0283949	1.10816	2.0551	-1.5204	1.54415	-1.4741	2.18937	
-1.40434	-0.574454	0.904948	1.03656	-1.2008	0.53221	-1.68311	-1.86141	-0.024545	1.10784	2.05569	-1.52001	1.54635	-1.47145	2.18701	
-1.40347	-0.573208	0.90335	1.03159	-1.19806	0.528795	-1.68239	-1.85725	-0.0206952	1.10753	2.05627	-1.51962	1.54854	-1.4688	2.18465	
-1.4026	-0.571961	0.901752	1.02663	-1.19533	0.52538	-1.68167	-1.85308	-0.0168453	1.10722	2.05685	-1.51923	1.55074	-1.46614	2.18228	
-1.40173	-0.570714	0.900154	1.02167	-1.19259	0.521965	-1.68095	-1.84892	-0.0129954	1.1069	2.05744	-1.51883	1.55293	-1.46349	2.17992	
-1.40085	-0.569467	0.898556	1.01671	-1.18986	0.51855	-1.68023	-1.84475	-0.00914555	1.10659	2.05802	-1.51844	1.55512	-1.46084	2.17756	
-1.39998	-0.568221	0.896958	1.01174	-1.18712	0.515135	-1.67951	-1.84059	-0.00529568	1.10628	2.05861	-1.51805	1.55732	-1.45818	2.1752	
-1.39911	-0.566974	0.89536	1.00678	-1.18439	0.51172	-1.67879	-1.83642	-0.00144581	1.10596	2.05919	-1.51766	1.55951	-1.45553	2.17283	
-1.39824	-0.565727	0.893762	1.00182	-1.18165	0.508305	-1.67807	-1.83226	0.00240406	1.10565	2.05978	-1.51727	1.56171	-1.45288	2.17047	
-1.39737	-0.56448	0.892164	0.996854	-1.17892	0.50489	-1.67735	-1.82809	0.00625393	1.10534	2.06036	-1.51688	1.5639	-1.45022	2.16811	
-1.39649	-0.563233	0.890565	0.991891	-1.17618	0.501475	-1.67663	-1.82392	0.0101038	1.10502	2.06095	-1.51649	1.5661	-1.44757	2.16575	
-1.39562	-0.561987	0.888967	0.986928	-1.17345	0.49806	-1.67591	-1.81976	0.0139537	1.10471	2.06153	-1.5161	1.56829	-1.44492	2.16339	
-1.39475	-0.56074	0.887369	0.981965	-1.17072	0.494645	-1.67519	-1.81559	0.0178035	1.1044	2.06211	-1.5157	1.57049	-1.44227	2.16102	
-1.39388	-0.559493	0.885771	0.977002	-1.16798	0.49123	-1.67447	-1.81143	0.0216534	1.10408	2.0627	-1.51531	1.57268	-1.43961	2.15866	
-1.39301	-0.558246	0.884173	0.972039	-1.16525	0.487815	-1.67376	-1.80726	0.0255033	1.10377	2.06328	-1.51492	1.57487	-1.43696	2.1563	
-1.39213	-0.557	0.882575	0.967076	-1.16251	0.4844	-1.67304	-1.8031	0.0293532	1.10346	2.06387	-1.51453	1.57707	-1.43431	2.15394	
-1.39126	-0.555753	0.880977	0.962113	-1.15978	0.480985	-1.67232	-1.79893	0.033203	1.10314	2.06445	-1.51414	1.57926	-1.43165	2.15157	
-1.39039	-0.554506	0.879379	0.957149	-1.15704	0.47757	-1.6716	-1.79477	0.0370529	1.10283	2.06504	-1.51375	1.58146	-1.429	2.14921	
-1.38952	-0.553259	0.877781	0.952186	-1.15431	0.474155	-1.67088	-1.7906	0.0409028	1.10252	2.06562	-1.51336	1.58365	-1.42635	2.14685	
-1.38865	-0.552012	0.876182	0.947223	-1.15157	0.47074	-1.67016	-1.78643	0.0447526	1.1022	2.0662	-1.51296	1.58585	-1.42369	2.14449	
-1.38778	-0.550766	0.874584	0.94226	-1.14884	0.467325	-1.66944	-1.78227	0.0486025	1.10189	2.06679	-1.51257	1.58804	-1.42104	2.14212	
-1.3869	-0.549519	0.872986	0.937297	-1.1461	0.46391	-1.66872	-1.7781	0.0524524	1.10158	2.06737	-1.51218	1.59024	-1.41839	2.13976	
-1.38603	-0.548272	0.871388	0.932334	-1.14337	0.460495	-1.668	-1.77394	0.0563022	1.10126	2.06796	-1.51179	1.59243	-1.41573	2.1374	
-1.38516	-0.547025	0.86979	0.927371	-1.14063	0.45708	-1.66728	-1.76977	0.0601521	1.10095	2.06854	-1.5114	1.59463	-1.41308	2.13504	
-1.38429	-0.545779	0.868192	0.922408	-1.1379	0.453665	-1.66656	-1.76561	0.064002	1.10064	2.06913	-1.51101	1.59682	-1.41043	2.13268	
-1.38342	-0.544532	0.866594	0.917445	-1.13516	0.450251	-1.66584	-1.76144	0.0678519	1.10032	2.06971	-1.51062	1.59901	-1.40777	2.13031	
-1.38254	-0.543285	0.864996	0.912482	-1.13243	0.446836	-1.66513	-1.75728	0.0717017	1.10001	2.07029	-1.51023	1.60121	-1.40512	2.12795	
-1.38167	-0.542038	0.863398	0.907519	-1.1297	0.443421	-1.66441	-1.75311	0.0755516	1.0997	2.07088	-1.50983	1.6034	-1.40247	2.12559	
-1.3808	-0.540791	0.861799	0.902556	-1.12696	0.440006	-1.66369	-1.74894	0.0794015	1.09938	2.07146	-1.50944	1.6056	-1.39981	2.12323	
-1.37993	-0.539545	0.860201	0.897593	-1.12423	0.436591	-1.66297	-1.74478	0.0832513	1.09907	2.07205	-1.50905	1.60779	-1.39716	2.12086	
-1.37906	-0.538298	0.858603	0.89263	-1.12149	0.433176	-1.66225	-1.74061	0.0871012	1.09876	2.07263	-1.50866	1.60999	-1.39451	2.1185	
-1.37818	-0.537051	0.857005	0.887667	-1.11876	0.429761	-1.66153	-1.73645	0.0909511	1.09844	2.07322	-1.50827	1.61218	-1.39185	2.11614	
-1.37731	-0.535804	0.855407	0.882704	-1.11602	0.426346	-1.66081	-1.73228	0.094801	1.09813	2.0738	-1.50788	1.61438	-1.3892	2.11378	
-1.37644	-0.534558	0.853809	0.877741	-1.11329	0.422931	-1.66009	-1.72812	0.0986508	1.09782	2.07438	-1.50749	1.61657	-1.38655	2.11142	
-1.37557	-0.533311	0.852211	0.872778	-1.11055	0.419516	-1.65937	-1.72395	0.102501	1.0975	2.07497	-1.5071	1.61877	-1.38389	2.10905	
-1.3747	-0.532064	0.850613	0.867815	-1.10782	0.416101	-1.65865	-1.71979	0.106351	1.09719	2.07555	-1.5067	1.62096	-1.38124	2.10669	
-1.37382	-0.530817	0.849015	0.862852	-1.10508	0.412686	-1.65793	-1.71562	0.1102	1.09688	2.07614	-1.50631	1.62315	-1.37859	2.10433	
-1.37295	-0.52957	0.847416	0.857889	-1.10235	0.409271	-1.65721	-1.71145	0.11405	1.09657	2.07672	-1.50592	1.62535	-1.37593	2.10197	
-1.37208	-0.528324	0.845818	0.852926	-1.09961	0.405856	-1.6565	-1.70729	0.1179	1.09625	2.07731	-1.50553	1.62754	-1.37328	2.0996	
-1.37121	-0.527077	0.84422	0.847963	-1.09688	0.402441	-1.65578	-1.70312	0.12175	1.09594	2.07789	-1.50514	1.62974	-1.37063	2.09724	
-1.37034	-0.52583	0.842622	0.843	-1.09414	0.399026	-1.65506	-1.69896	0.1256	1.09563	2.07848	-1.50475	1.63193	-1.36797	2.09488	
-1.36946	-0.524583	0.841024	0.838037	-1.09141	0.395611	-1.65434	-1.69479	0.12945	1.09531	2.07906	-1.50436	1.63413	-1.36532	2.09252	
-1.36859	-0.523337	0.839426	0.833074	-1.08868	0.392196	-1.65362	-1.69063	0.1333	1.095	2.07964	-1.50397	1.63632	-1.36267	2.09015	
-1.36772	-0.52209	0.837828	0.828111	-1.08594	0.388781	-1.6529	-1.68646	0.13715	1.09469	2.08023	-1.50357	1.63852	-1.36002	2.08779	
-1.36685	-0.520843	0.83623	0.823148	-1.08321	0.385366	-1.65218	-1.6823	0.140999	1.09437	2.08081	-1.50318	1.64071	-1.35736	2.08543	
-1.36598	-0.519596	0.834632	0.818185	-1.08047	0.381951	-1.65146	-1.67813	0.144849	1.09406	2.0814	-1.50279	1.64291	-1.35471	2.08307	
-1.3651	-0.518349	0.833033	0.813222	-1.07774	0.378536	-1.65074	-1.67397	0.148699	1.09375	2.08198	-1.5024	1.6451	-1.35206	2.08071	
-1.36423	-0.517103	0.831435	0.808259	-1.075	0.375121	-1.65002	-1.6698	0.152549	1.09343	2.08257	-1.50201	1.64729	-1.3494	2.07834	
-1.36336	-0.515856	0.829837	0.803296	-1.07227	0.371706	-1.6493	-1.66563	0.156399	1.09312	2.08315	-1.50162	1.64949	-1.34675	2.07598	
-1.36249	-0.514609	0.828239	0.798333	-1.06953	0.368291	-1.64858	-1.66147	0.160249	1.09281	2.08373	-1.50123	1.65168	-1.3441	2.07362	
-1.36162	-0.513362	0.826641	0.79337	-1.0668	0.364876	-1.64787	-1.6573	0.164099	1.09249	2.08432	-1.50083	1.65388	-1.34144	2.07126	
-1.36075	-0.512116	0.825043	0.788407	-1.06406	0.361461	-1.64715	-1.65314	0.167948	1.09218	2.0849	-1.50044	1.65607	-1.33879	2.06889	
-1.35987	-0.510869	0.823445	0.783444	-1.06133	0.358046	-1.64643	-1.64897	0.171798	1.09187	2.08549	-1.50005	1.65827	-1.33614	2.06653	
-1.359	-0.509622	0.821847	0.778481	-1.05859	0.354631	-1.64571	-1.64481	0.175648	1.09155	2.08607	-1.49966	1.66046	-1.33348	2.06417	
-1.35813	-0.508375	0.820249	0.773518	-1.05586	0.351216	-1.64499	-1.64064	0.179498	1.09124	2.08666	-1.49927	1.66266	-1.33083	2.06181	
-1.35726	-0.507128	0.81865	0.768555	-1.05312	0.347801	-1.64427	-1.63648	0.183348	1.09093	2.08724	-1.49888	1.66485	-1.32818	2.05945	
-1.35639	-0.505882	0.817052	0.763592	-1.05039	0.344386	-1.64355	-1.63231	0.187198	1.09061	2.08782	-1.49849	1.66705	-1.32552	2.05708	
-1.35551	-0.504635	0.815454	0.758629	-1.04766	0.340971	-1.64283	-1.62814	0.191048	1.0903	2.08841	-1.4981	1.66924	-1.32287	2.05472	
-1.35464	-0.503388	0.813856	0.753666	-1.04492	0.337556	-1.64211	-1.62398	0.194898	1.08999	2.08899	-1.4977	1.67143	-1.32022	2.05236	
-1.35377	-0.502141	0.812258	0.748703	-1.04219	0.334141	-1.64139	-1.61981	0.198747	1.08967	2.08958	-1.49731	1.67363	-1.31756	2.05	
-1.3529	-0.500895	0.81066	0.74374	-1.03945	0.330726	-1.64067	-1.61565	0.202597	1.08936	2.09016	-1.49692	1.67582	-1.31491	2.04763	
-1.35203	-0.499648	0.809062	0.738777	-1.03672	0.327311	-1.63995	-1.61148	0.206447	1.08905	2.09075	-1.49653	1.67802	-1.31226	2.04527	
-1.35115	-0.498401	0.807464	0.733814	-1.03398	0.323896	-1.63923	-1.60732	0.210297	1.08873	2.09133	-1.49614	1.68021	-1.3096	2.04291	
-1.35028	-0.497154	0.805866	0.72885	-1.03125	0.320481	-1.63852	-1.60315	0.214147	1.08842	2.09191	-1.49575	1.68241	-1.30695	2.04055	
-1.34941	-0.495908	0.804267	0.723887	-1.02851	0.317066	-1.6378	-1.59899	0.217997	1.08811	2.0925	-1.49536	1.6846	-1.3043	2.03818	
-1.34854	-0.494661	0.802669	0.718924	-1.02578	0.313651	-1.63708	-1.59482	0.221847	1.08779	2.09308	-1.49497	1.6868	-1.30164	2.03582	
-1.34767	-0.493414	0.801071	0.713961	-1.02304	0.310236	-1.63636	-1.59065	0.225697	1.08748	2.09367	-1.49457	1.68899	-1.29899	2.03346	
-1.34679	-0.492167	0.799473	0.708998	-1.02031	0.306821	-1.63564	-1.58649	0.229546	1.08717	2.09425	-1.49418	1.69119	-1.29634	2.0311	
-1.34592	-0.49092	0.797875	0.704035	-1.01757	0.303406	-1.63492	-1.58232	0.233396	1.08685	2.09484	-1.49379	1.69338	-1.29368	2.02874	
-1.34505	-0.489674	0.796277	0.699072	-1.01484	0.299991	-1.6342	-1.57816	0.237246	1.08654	2.09542	-1.4934	1.69557	-1.29103	2.02637	
-1.34418	-0.488427	0.794679	0.694109	-1.0121	0.296576	-1.63348	-1.57399	0.241096	1.08623	2.09601	-1.49301	1.69777	-1.28838	2.02401	
-1.34331	-0.48718	0.793081	0.689146	-1.00937	0.293161	-1.63276	-1.56983	0.244946	1.08591	2.09659	-1.49262	1.69996	-1.28572	2.02165	
-1.34243	-0.485933	0.791483	0.684183	-1.00664	0.289746	-1.63204	-1.56566	0.248796	1.0856	2.09717	-1.49223	1.70216	-1.28307	2.01929	
-1.34156	-0.484687	0.789884	0.67922	-1.0039	0.286332	-1.63132	-1.5615	0.252646	1.08529	2.09776	-1.49184	1.70435	-1.28042	2.01692	
-1.34069	-0.48344	0.788286	0.674257	-1.00117	0.282917	-1.6306	-1.55733	0.256496	1.08498	2.09834	-1.49144	1.70655	-1.27776	2.01456	
-1.33982	-0.482193	0.786688	0.669294	-0.998432	0.279502	-1.62989	-1.55316	0.260345	1.08466	2.09893	-1.49105	1.70874	-1.27511	2.0122	
-1.33895	-0.480946	0.78509	0.664331	-0.995697	0.276087	-1.62917	-1.549	0.264195	1.08435	2.09951	-1.49066	1.71094	-1.27246	2.00984	
-1.33807	-0.479699	0.783492	0.659368	-0.992962	0.272672	-1.62845	-1.54483	0.268045	1.08404	2.1001	-1.49027	1.71313	-1.26981	2.00748	
-1.3372	-0.478453	0.781894	0.654405	-0.990228	0.269257	-1.62773	-1.54067	0.271895	1.08372	2.10068	-1.48988	1.71533	-1.26715	2.00511	
-1.33633	-0.477206	0.780296	0.649442	-0.987493	0.265842	-1.62701	-1.5365	0.275745	1.08341	2.10126	-1.48949	1.71752	-1.2645	2.00275	
-1.33546	-0.475959	0.778698	0.644479	-0.984758	0.262427	-1.62629	-1.53234	0.279595	1.0831	2.10185	-1.4891	1.71971	-1.26185	2.00039	
-1.33459	-0.474712	0.777099	0.639516	-0.982024	0.259012	-1.62557	-1.52817	0.283445	1.08278	2.10243	-1.4887	1.72191	-1.25919	1.99803	
-1.33372	-0.473466	0.775501	0.634553	-0.979289	0.255597	-1.62485	-1.52401	0.287294	1.08247	2.10302	-1.48831	1.7241	-1.25654	1.99566	
-1.33284	-0.472219	0.773903	0.62959	-0.976554	0.252182	-1.62413	-1.51984	0.291144	1.08216	2.1036	-1.48792	1.7263	-1.25389	1.9933	
-1.33197	-0.470972	0.772305	0.624627	-0.97382	0.248767	-1.62341	-1.51568	0.294994	1.08184	2.10419	-1.48753	1.72849	-1.25123	1.99094	
-1.3311	-0.469725	0.770707	0.619664	-0.971085	0.245352	-1.62269	-1.51151	0.298844	1.08153	2.10477	-1.48714	1.73069	-1.24858	1.98858	
-1.33023	-0.468478	0.769109	0.614701	-0.96835	0.241937	-1.62197	-1.50734	0.302694	1.08122	2.10535	-1.48675	1.73288	-1.24593	1.98621	
-1.32936	-0.467232	0.767511	0.609738	-0.965616	0.238522	-1.62126	-1.50318	0.306544	1.0809	2.10594	-1.48636	1.73508	-1.24327	1.98385	
-1.32848	-0.465985	0.765913	0.604775	-0.962881	0.235107	-1.62054	-1.49901	0.310394	1.08059	2.10652	-1.48597	1.73727	-1.24062	1.98149	
-1.32761	-0.464738	0.764315	0.599812	-0.960146	0.231692	-1.61982	-1.49485	0.314244	1.08028	2.10711	-1.48557	1.73946	-1.23797	1.97913	
-1.32815	-0.460709	0.766145	0.601756	-0.960591	0.235065	-1.61952	-1.50068	0.316469	1.08093	2.10574	-1.48383	1.73878	-1.23956	1.98329	
-1.3287	-0.456679	0.767975	0.603699	-0.961036	0.238438	-1.61922	-1.50652	0.318694	1.08159	2.10437	-1.48208	1.73809	-1.24116	1.98744	
-1.32924	-0.45265	0.769805	0.605643	-0.961482	0.241812	-1.61892	-1.51235	0.32092	1.08225	2.103	-1.48033	1.7374	-1.24275	1.9916	
-1.32978	-0.44862	0.771635	0.607586	-0.961927	0.245185	-1.61862	-1.51818	0.323145	1.08291	2.10163	-1.47859	1.73671	-1.24435	1.99576	
-1.33033	-0.444591	0.773464	0.60953	-0.962372	0.248558	-1.61833	-1.52402	0.32537	1.08356	2.10026	-1.47684	1.73602	-1.24594	1.99992	
-1.33087	-0.440561	0.775294	0.611474	-0.962817	0.251931	-1.61803	-1.52985	0.327595	1.08422	2.09889	-1.47509	1.73533	-1.24754	2.00407	
-1.33141	-0.436532	0.777124	0.613417	-0.963262	0.255305	-1.61773	-1.53569	0.329821	1.08488	2.09752	-1.47335	1.73464	-1.24913	2.00823	
-1.33195	-0.432502	0.778954	0.615361	-0.963707	0.258678	-1.61743	-1.54152	0.332046	1.08553	2.09615	-1.4716	1.73395	-1.25073	2.01239	
-1.3325	-0.428473	0.780784	0.617305	-0.964152	0.262051	-1.61713	-1.54735	0.334271	1.08619	2.09478	-1.46985	1.73326	-1.25232	2.01655	
-1.33304	-0.424443	0.782614	0.619248	-0.964597	0.265424	-1.61683	-1.55319	0.336497	1.08685	2.09341	-1.46811	1.73257	-1.25392	2.02071	
-1.33358	-0.420414	0.784444	0.621192	-0.965042	0.268798	-1.61654	-1.55902	0.338722	1.08751	2.09204	-1.46636	1.73188	-1.25551	2.02486	
-1.33412	-0.416384	0.786274	0.623136	-0.965487	0.272171	-1.61624	-1.56485	0.340947	1.08816	2.09067	-1.46461	1.73119	-1.25711	2.02902	
-1.33467	-0.412355	0.788104	0.625079	-0.965932	0.275544	-1.61594	-1.57069	0.343173	1.08882	2.0893	-1.46287	1.7305	-1.2587	2.03318	
-1.33521	-0.408325	0.789934	0.627023	-0.966378	0.278917	-1.61564	-1.57652	0.345398	1.08948	2.08793	-1.46112	1.72981	-1.2603	2.03734	
-1.33575	-0.404296	0.791764	0.628966	-0.966823	0.282291	-1.61534	-1.58236	0.347623	1.09013	2.08656	-1.45937	1.72912	-1.26189	2.04149	
-1.3363	-0.400266	0.793594	0.63091	-0.967268	0.285664	-1.61504	-1.58819	0.349849	1.09079	2.08519	-1.45763	1.72843	-1.26349	2.04565	
-1.33684	-0.396237	0.795424	0.632854	-0.967713	0.289037	-1.61475	-1.59402	0.352074	1.09145	2.08382	-1.45588	1.72774	-1.26508	2.04981	
-1.33738	-0.392207	0.797254	0.634797	-0.968158	0.29241	-1.61445	-1.59986	0.354299	1.09211	2.08245	-1.45413	1.72705	-1.26668	2.05397	
-1.33792	-0.388178	0.799084	0.636741	-0.968603	0.295784	-1.61415	-1.60569	0.356525	1.09276	2.08108	-1.45239	1.72636	-1.26827	2.05812	
-1.33847	-0.384148	0.800914	0.638685	-0.969048	0.299157	-1.61385	-1.61153	0.35875	1.09342	2.07971	-1.45064	1.72567	-1.26987	2.06228	
-1.33901	-0.380119	0.802744	0.640628	-0.969493	0.30253	-1.61355	-1.61736	0.360975	1.09408	2.07834	-1.44889	1.72498	-1.27146	2.06644	
-1.33955	-0.376089	0.804574	0.642572	-0.969938	0.305903	-1.61325	-1.62319	0.363201	1.09474	2.07697	-1.44714	1.72429	-1.27306	2.0706	
-1.3401	-0.37206	0.806404	0.644516	-0.970383	0.309277	-1.61296	-1.62903	0.365426	1.09539	2.0756	-1.4454	1.7236	-1.27465	2.07476	
-1.34064	-0.36803	0.808234	0.646459	-0.970828	0.31265	-1.61266	-1.63486	0.367651	1.09605	2.07423	-1.44365	1.72291	-1.27625	2.07891	
-1.34118	-0.364001	0.810064	0.648403	-0.971274	0.316023	-1.61236	-1.6407	0.369877	1.09671	2.07286	-1.4419	1.72222	-1.27784	2.08307	
-1.34172	-0.359971	0.811894	0.650347	-0.971719	0.319396	-1.61206	-1.64653	0.372102	1.09736	2.07149	-1.44016	1.72153	-1.27944	2.08723	
-1.34227	-0.355942	0.813724	0.65229	-0.972164	0.32277	-1.61176	-1.65236	0.374327	1.09802	2.07012	-1.43841	1.72084	-1.28103	2.09139	
-1.34281	-0.351912	0.815554	0.654234	-0.972609	0.326143	-1.61146	-1.6582	0.376553	1.09868	2.06875	-1.43666	1.72015	-1.28263	2.09554	
-1.34335	-0.347883	0.817384	0.656177	-0.973054	0.329516	-1.61117	-1.66403	0.378778	1.09934	2.06738	-1.43492	1.71946	-1.28422	2.0997	
-1.34389	-0.343853	0.819214	0.658121	-0.973499	0.332889	-1.61087	-1.66987	0.381003	1.09999	2.06601	-1.43317	1.71878	-1.28582	2.10386	
-1.34444	-0.339824	0.821044	0.660065	-0.973944	0.336263	-1.61057	-1.6757	0.383228	1.10065	2.06464	-1.43142	1.71809	-1.28741	2.10802	
-1.34498	-0.335794	0.822874	0.662008	-0.974389	0.339636	-1.61027	-1.68153	0.385454	1.10131	2.06327	-1.42968	1.7174	-1.28901	2.11218	
-1.34552	-0.331765	0.824704	0.663952	-0.974834	0.343009	-1.60997	-1.68737	0.387679	1.10196	2.0619	-1.42793	1.71671	-1.29061	2.11633	
-1.34607	-0.327735	0.826534	0.665896	-0.975279	0.346382	-1.60967	-1.6932	0.389904	1.10262	2.06053	-1.42618	1.71602	-1.2922	2.12049	
-1.34661	-0.323705	0.828364	0.667839	-0.975724	0.349756	-1.60938	-1.69904	0.39213	1.10328	2.05916	-1.42444	1.71533	-1.2938	2.12465	
-1.34715	-0.319676	0.830194	0.669783	-0.97617	0.353129	-1.60908	-1.70487	0.394355	1.10394	2.05779	-1.42269	1.71464	-1.29539	2.12881	
-1.34769	-0.315646	0.832024	0.671727	-0.976615	0.356502	-1.60878	-1.7107	0.39658	1.10459	2.05642	-1.42094	1.71395	-1.29699	2.13296	
-1.34824	-0.311617	0.833854	0.67367	-0.97706	0.359875	-1.60848	-1.71654	0.398806	1.10525	2.05505	-1.4192	1.71326	-1.29858	2.13712	
-1.34878	-0.307587	0.835684	0.675614	-0.977505	0.363249	-1.60818	-1.72237	0.401031	1.10591	2.05368	-1.41745	1.71257	-1.30018	2.14128	
-1.34932	-0.303558	0.837514	0.677557	-0.97795	0.366622	-1.60788	-1.7282	0.403256	1.10657	2.05231	-1.4157	1.71188	-1.30177	2.14544	
-1.34986	-0.299528	0.839344	0.679501	-0.978395	0.369995	-1.60759	-1.73404	0.405482	1.10722	2.05094	-1.41396	1.71119	-1.30337	2.1496	
-1.35041	-0.295499	0.841174	0.681445	-0.97884	0.373368	-1.60729	-1.73987	0.407707	1.10788	2.04957	-1.41221	1.7105	-1.30496	2.15375	
-1.35095	-0.291469	0.843004	0.683388	-0.979285	0.376742	-1.60699	-1.74571	0.409932	1.10854	2.0482	-1.41046	1.70981	-1.30656	2.15791	
-1.35149	-0.28744	0.844834	0.685332	-0.97973	0.380115	-1.60669	-1.75154	0.412158	1.10919	2.04683	-1.40872	1.70912	-1.30815	2.16207	
-1.35204	-0.28341	0.846664	0.687276	-0.980175	0.383488	-1.60639	-1.75737	0.414383	1.10985	2.04546	-1.40697	1.70843	-1.30975	2.16623	
-1.35258	-0.279381	0.848494	0.689219	-0.98062	0.386861	-1.6061	-1.76321	0.416608	1.11051	2.04409	-1.40522	1.70774	-1.31134	2.17038	
-1.35312	-0.275351	0.850324	0.691163	-0.981066	0.390235	-1.6058	-1.76904	0.418834	1.11117	2.04272	-1.40347	1.70705	-1.31294	2.17454	
-1.35366	-0.271322	0.852153	0.693107	-0.981511	0.393608	-1.6055	-1.77488	0.421059	1.11182	2.04135	-1.40173	1.70636	-1.31453	2.1787	
-1.35421	-0.267292	0.853983	0.69505	-0.981956	0.396981	-1.6052	-1.78071	0.423284	1.11248	2.03998	-1.39998	1.70567	-1.31613	2.18286	
-1.35475	-0.263263	0.855813	0.696994	-0.982401	0.400354	-1.6049	-1.78654	0.42551	1.11314	2.03861	-1.39823	1.70498	-1.31772	2.18701	
-1.35529	-0.259233	0.857643	0.698937	-0.982846	0.403728	-1.6046	-1.79238	0.427735	1.11379	2.03724	-1.39649	1.70429	-1.31932	2.19117	
-1.35584	-0.255204	0.859473	0.700881	-0.983291	0.407101	-1.60431	-1.79821	0.42996	1.11445	2.03587	-1.39474	1.7036	-1.32091	2.19533	
-1.35638	-0.251174	0.861303	0.702825	-0.983736	0.410474	-1.60401	-1.80405	0.432186	1.11511	2.0345	-1.39299	1.70291	-1.32251	2.19949	
-1.35692	-0.247145	0.863133	0.704768	-0.984181	0.413847	-1.60371	-1.80988	0.434411	1.11577	2.03313	-1.39125	1.70222	-1.3241	2.20365	
-1.35746	-0.243115	0.864963	0.706712	-0.984626	0.417221	-1.60341	-1.81571	0.436636	1.11642	2.03176	-1.3895	1.70153	-1.3257	2.2078	
-1.35801	-0.239086	0.866793	0.708656	-0.985071	0.420594	-1.60311	-1.82155	0.438861	1.11708	2.03039	-1.38775	1.70084	-1.32729	2.21196	
-1.35855	-0.235056	0.868623	0.710599	-0.985516	0.423967	-1.60281	-1.82738	0.441087	1.11774	2.02902	-1.38601	1.70015	-1.32889	2.21612	
-1.35909	-0.231027	0.870453	0.712543	-0.985962	0.42734	-1.60252	-1.83322	0.443312	1.1184	2.02765	-1.38426	1.69946	-1.33048	2.22028	
-1.35963	-0.226997	0.872283	0.714487	-0.986407	0.430714	-1.60222	-1.83905	0.445537	1.11905	2.02628	-1.38251	1.69877	-1.33208	2.22443	
-1.36018	-0.222968	0.874113	0.71643	-0.986852	0.434087	-1.60192	-1.84488	0.447763	1.11971	2.02491	-1.38077	1.69809	-1.33367	2.22859	
-1.36072	-0.218938	0.875943	0.718374	-0.987297	0.43746	-1.60162	-1.85072	0.449988	1.12037	2.02354	-1.37902	1.6974	-1.33527	2.23275	
-1.36126	-0.214909	0.877773	0.720317	-0.987742	0.440833	-1.60132	-1.85655	0.452213	1.12102	2.02217	-1.37727	1.69671	-1.33686	2.23691	
-1.36181	-0.210879	0.879603	0.722261	-0.988187	0.444207	-1.60102	-1.86239	0.454439	1.12168	2.0208	-1.37553	1.69602	-1.33846	2.24107	
-1.36235	-0.20685	0.881433	0.724205	-0.988632	0.44758	-1.60073	-1.86822	0.456664	1.12234	2.01944	-1.37378	1.69533	-1.34005	2.24522	
-1.36289	-0.20282	0.883263	0.726148	-0.989077	0.450953	-1.60043	-1.87405	0.458889	1.123	2.01807	-1.37203	1.69464	-1.34165	2.24938	
-1.36343	-0.198791	0.885093	0.728092	-0.989522	0.454326	-1.60013	-1.87989	0.461115	1.12365	2.0167	-1.37029	1.69395	-1.34324	2.25354	
-1.36398	-0.194761	0.886923	0.730036	-0.989967	0.4577	-1.59983	-1.88572	0.46334	1.12431	2.01533	-1.36854	1.69326	-1.34484	2.2577	
-1.36452	-0.190732	0.888753	0.731979	-0.990412	0.461073	-1.59953	-1.89155	0.465565	1.12497	2.01396	-1.36679	1.69257	-1.34643	2.26185	
-1.36506	-0.186702	0.890583	0.733923	-0.990858	0.464446	-1.59923	-1.89739	0.467791	1.12562	2.01259	-1.36505	1.69188	-1.34803	2.26601	
-1.3656	-0.182673	0.892413	0.735867	-0.991303	0.467819	-1.59894	-1.90322	0.470016	1.12628	2.01122	-1.3633	1.69119	-1.34962	2.27017	
-1.36615	-0.178643	0.894243	0.73781	-0.991748	0.471193	-1.59864	-1.90906	0.472241	1.12694	2.00985	-1.36155	1.6905	-1.35122	2.27433	
-1.36669	-0.174614	0.896073	0.739754	-0.992193	0.474566	-1.59834	-1.91489	0.474467	1.1276	2.00848	-1.3598	1.68981	-1.35281	2.27849	
-1.36723	-0.170584	0.897903	0.741698	-0.992638	0.477939	-1.59804	-1.92072	0.476692	1.12825	2.00711	-1.35806	1.68912	-1.35441	2.28264	
-1.36778	-0.166555	0.899733	0.743641	-0.993083	0.481312	-1.59774	-1.92656	0.478917	1.12891	2.00574	-1.35631	1.68843	-1.356	2.2868	
-1.36832	-0.162525	0.901563	0.745585	-0.993528	0.484686	-1.59744	-1.93239	0.481143	1.12957	2.00437	-1.35456	1.68774	-1.3576	2.29096	
-1.36886	-0.158496	0.903393	0.747528	-0.993973	0.488059	-1.59715	-1.93823	0.483368	1.13023	2.003	-1.35282	1.68705	-1.35919	2.29512	
-1.3694	-0.154466	0.905223	0.749472	-0.994418	0.491432	-1.59685	-1.94406	0.485593	1.13088	2.00163	-1.35107	1.68636	-1.36079	2.29927	
-1.36995	-0.150437	0.907053	0.751416	-0.994863	0.494805	-1.59655	-1.94989	0.487818	1.13154	2.00026	-1.34932	1.68567	-1.36239	2.30343	
-1.37049	-0.146407	0.908883	0.753359	-0.995308	0.498179	-1.59625	-1.95573	0.490044	1.1322	1.99889	-1.34758	1.68498	-1.36398	2.30759	
-1.37103	-0.142378	0.910713	0.755303	-0.995754	0.501552	-1.59595	-1.96156	0.492269	1.13285	1.99752	-1.34583	1.68429	-1.36558	2.31175	
-1.37158	-0.138348	0.912543	0.757247	-0.996199	0.504925	-1.59565	-1.9674	0.494494	1.13351	1.99615	-1.34408	1.6836	-1.36717	2.3159	
-1.37212	-0.134319	0.914373	0.75919	-0.996644	0.508298	-1.59536	-1.97323	0.49672	1.13417	1.99478	-1.34234	1.68291	-1.36877	2.32006	
-1.37266	-0.130289	0.916203	0.761134	-0.997089	0.511672	-1.59506	-1.97906	0.498945	1.13483	1.99341	-1.34059	1.68222	-1.37036	2.32422	
-1.3732	-0.12626	0.918033	0.763078	-0.997534	0.515045	-1.59476	-1.9849	0.50117	1.13548	1.99204	-1.33884	1.68153	-1.37196	2.32838	
-1.37375	-0.12223	0.919863	0.765021	-0.997979	0.518418	-1.59446	-1.99073	0.503396	1.13614	1.99067	-1.3371	1.68084	-1.37355	2.33254	
-1.37429	-0.118201	0.921693	0.766965	-0.998424	0.521791	-1.59416	-1.99657	0.505621	1.1368	1.9893	-1.33535	1.68015	-1.37515	2.33669	
-1.37483	-0.114171	0.923523	0.768908	-0.998869	0.525165	-1.59386	-2.0024	0.507846	1.13745	1.98793	-1.3336	1.67946	-1.37674	2.34085	
-1.37537	-0.110142	0.925353	0.770852	-0.999314	0.528538	-1.59357	-2.00823	0.510072	1.13811	1.98656	-1.33186	1.67877	-1.37834	2.34501	
-1.37592	-0.106112	0.927183	0.772796	-0.999759	0.531911	-1.59327	-2.01407	0.512297	1.13877	1.98519	-1.33011	1.67809	-1.37993	2.34917	
-1.37646	-0.102083	0.929013	0.774739	-1.0002	0.535284	-1.59297	-2.0199	0.514522	1.13943	1.98382	-1.32836	1.6774	-1.38153	2.35332	
-1.377	-0.0980533	0.930842	0.776683	-1.00065	0.538658	-1.59267	-2.02574	0.516748	1.14008	1.98245	-1.32662	1.67671	-1.38312	2.35748	
-1.37755	-0.0940238	0.932672	0.778627	-1.00109	0.542031	-1.59237	-2.03157	0.518973	1.14074	1.98108	-1.32487	1.67602	-1.38472	2.36164	
-1.37809	-0.0899943	0.934502	0.78057	-1.00154	0.545404	-1.59207	-2.0374	0.521198	1.1414	1.97971	-1.32312	1.67533	-1.38631	2.3658	
-1.37863	-0.0859648	0.936332	0.782514	-1.00198	0.548777	-1.59178	-2.04324	0.523424	1.14206	1.97834	-1.32138	1.67464	-1.38791	2.36996	
-1.37917	-0.0819353	0.938162	0.784458	-1.00243	0.552151	-1.59148	-2.04907	0.525649	1.14271	1.97697	-1.31963	1.67395	-1.3895	2.37411	
-1.37972	-0.0779058	0.939992	0.786401	-1.00288	0.555524	-1.59118	-2.0549	0.527874	1.14337	1.9756	-1.31788	1.67326	-1.3911	2.37827	
-1.38026	-0.0738763	0.941822	0.788345	-1.00332	0.558897	-1.59088	-2.06074	0.5301	1.14403	1.97423	-1.31613	1.67257	-1.39269	2.38243	
-1.3808	-0.0698468	0.943652	0.790288	-1.00377	0.56227	-1.59058	-2.06657	0.532325	1.14468	1.97286	-1.31439	1.67188	-1.39429	2.38659	
-1.38134	-0.0658173	0.945482	0.792232	-1.00421	0.565644	-1.59029	-2.07241	0.53455	1.14534	1.97149	-1.31264	1.67119	-1.39588	2.39074	
-1.38189	-0.0617878	0.947312	0.794176	-1.00466	0.569017	-1.58999	-2.07824	0.536776	1.146	1.97012	-1.31089	1.6705	-1.39748	2.3949	
-1.38276	-0.0618758	0.949107	0.798851	-1.00708	0.572723	-1.59052	-2.08318	0.534047	1.14642	1.96929	-1.31081	1.66847	-1.40011	2.3979	
-1.38363	-0.0619637	0.950902	0.803526	-1.00951	0.57643	-1.59106	-2.08811	0.531318	1.14685	1.96847	-1.31072	1.66645	-1.40274	2.40091	
-1.3845	-0.0620517	0.952697	0.808201	-1.01193	0.580136	-1.5916	-2.09304	0.528589	1.14727	1.96764	-1.31063	1.66442	-1.40538	2.40391	
-1.38537	-0.0621396	0.954492	0.812876	-1.01436	0.583843	-1.59214	-2.09798	0.52586	1.14769	1.96682	-1.31054	1.66239	-1.40801	2.40691	
-1.38624	-0.0622276	0.956287	0.817551	-1.01678	0.587549	-1.59268	-2.10291	0.523132	1.14812	1.966	-1.31045	1.66037	-1.41064	2.40991	
-1.38711	-0.0623156	0.958082	0.822227	-1.01921	0.591256	-1.59321	-2.10785	0.520403	1.14854	1.96517	-1.31036	1.65834	-1.41328	2.41292	
-1.38798	-0.0624035	0.959877	0.826902	-1.02163	0.594962	-1.59375	-2.11278	0.517674	1.14896	1.96435	-1.31028	1.65631	-1.41591	2.41592	
-1.38885	-0.0624915	0.961672	0.831577	-1.02406	0.598669	-1.59429	-2.11772	0.514945	1.14939	1.96352	-1.31019	1.65429	-1.41854	2.41892	
-1.38972	-0.0625795	0.963467	0.836252	-1.02649	0.602375	-1.59483	-2.12265	0.512216	1.14981	1.9627	-1.3101	1.65226	-1.42117	2.42193	
-1.39059	-0.0626674	0.965262	0.840927	-1.02891	0.606082	-1.59537	-2.12759	0.509488	1.15023	1.96187	-1.31001	1.65023	-1.42381	2.42493	
-1.39146	-0.0627554	0.967057	0.845602	-1.03134	0.609788	-1.5959	-2.13252	0.506759	1.15066	1.96105	-1.30992	1.64821	-1.42644	2.42793	
-1.39232	-0.0628434	0.968852	0.850277	-1.03376	0.613495	-1.59644	-2.13746	0.50403	1.15108	1.96022	-1.30983	1.64618	-1.42907	2.43093	
-1.39319	-0.0629313	0.970647	0.854952	-1.03619	0.617201	-1.59698	-2.14239	0.501301	1.15151	1.9594	-1.30975	1.64416	-1.43171	2.43394	
-1.39406	-0.0630193	0.972442	0.859628	-1.03861	0.620908	-1.59752	-2.14732	0.498573	1.15193	1.95857	-1.30966	1.64213	-1.43434	2.43694	
-1.39493	-0.0631073	0.974237	0.864303	-1.04104	0.624614	-1.59806	-2.15226	0.495844	1.15235	1.95775	-1.30957	1.6401	-1.43697	2.43994	
-1.3958	-0.0631952	0.976032	0.868978	-1.04346	0.628321	-1.59859	-2.15719	0.493115	1.15278	1.95692	-1.30948	1.63808	-1.43961	2.44294	
-1.39667	-0.0632832	0.977827	0.873653	-1.04589	0.632027	-1.59913	-2.16213	0.490386	1.1532	1.9561	-1.30939	1.63605	-1.44224	2.44595	
-1.39754	-0.0633712	0.979622	0.878328	-1.04831	0.635734	-1.59967	-2.16706	0.487657	1.15362	1.95527	-1.3093	1.63402	-1.44487	2.44895	
-1.39841	-0.0634591	0.981417	0.883003	-1.05074	0.63944	-1.60021	-2.172	0.484929	1.15405	1.95445	-1.30922	1.632	-1.44751	2.45195	
-1.39928	-0.0635471	0.983212	0.887678	-1.05317	0.643147	-1.60075	-2.17693	0.4822	1.15447	1.95362	-1.30913	1.62997	-1.45014	2.45495	
-1.40015	-0.0636351	0.985007	0.892353	-1.05559	0.646853	-1.60128	-2.18187	0.479471	1.15489	1.9528	-1.30904	1.62794	-1.45277	2.45796	
-1.40102	-0.063723	0.986802	0.897029	-1.05802	0.65056	-1.60182	-2.1868	0.476742	1.15532	1.95197	-1.30895	1.62592	-1.4554	2.46096	
-1.40189	-0.063811	0.988597	0.901704	-1.06044	0.654266	-1.60236	-2.19174	0.474013	1.15574	1.95115	-1.30886	1.62389	-1.45804	2.46396	
-1.40276	-0.0638989	0.990392	0.906379	-1.06287	0.657973	-1.6029	-2.19667	0.471285	1.15617	1.95032	-1.30877	1.62187	-1.46067	2.46697	
-1.40363	-0.0639869	0.992187	0.911054	-1.06529	0.661679	-1.60344	-2.20161	0.468556	1.15659	1.9495	-1.30869	1.61984	-1.4633	2.46997	
-1.4045	-0.0640749	0.993982	0.915729	-1.06772	0.665386	-1.60397	-2.20654	0.465827	1.15701	1.94867	-1.3086	1.61781	-1.46594	2.47297	
-1.40537	-0.0641628	0.995777	0.920404	-1.07014	0.669092	-1.60451	-2.21147	0.463098	1.15744	1.94785	-1.30851	1.61579	-1.46857	2.47597	
-1.40624	-0.0642508	0.997572	0.925079	-1.07257	0.672799	-1.60505	-2.21641	0.46037	1.15786	1.94702	-1.30842	1.61376	-1.4712	2.47898	
-1.40711	-0.0643388	0.999367	0.929754	-1.075	0.676505	-1.60559	-2.22134	0.457641	1.15828	1.9462	-1.30833	1.61173	-1.47384	2.48198	
-1.40798	-0.0644267	1.00116	0.93443	-1.07742	0.680212	-1.60613	-2.22628	0.454912	1.15871	1.94537	-1.30824	1.60971	-1.47647	2.48498	
-1.40885	-0.0645147	1.00296	0.939105	-1.07985	0.683918	-1.60666	-2.23121	0.452183	1.15913	1.94455	-1.30816	1.60768	-1.4791	2.48798	
-1.40972	-0.0646027	1.00475	0.94378	-1.08227	0.687625	-1.6072	-2.23615	0.449454	1.15955	1.94372	-1.30807	1.60565	-1.48173	2.49099	
-1.41059	-0.0646906	1.00655	0.948455	-1.0847	0.691331	-1.60774	-2.24108	0.446726	1.15998	1.9429	-1.30798	1.60363	-1.48437	2.49399	
-1.41146	-0.0647786	1.00834	0.95313	-1.08712	0.695038	-1.60828	-2.24602	0.443997	1.1604	1.94207	-1.30789	1.6016	-1.487	2.49699	
-1.41233	-0.0648666	1.01014	0.957805	-1.08955	0.698744	-1.60882	-2.25095	0.441268	1.16083	1.94125	-1.3078	1.59957	-1.48963	2.49999	
-1.4132	-0.0649545	1.01193	0.96248	-1.09197	0.702451	-1.60935	-2.25589	0.438539	1.16125	1.94042	-1.30771	1.59755	-1.49227	2.503	
-1.41407	-0.0650425	1.01373	0.967156	-1.0944	0.706157	-1.60989	-2.26082	0.43581	1.16167	1.9396	-1.30763	1.59552	-1.4949	2.506	
-1.41494	-0.0651305	1.01552	0.971831	-1.09682	0.709864	-1.61043	-2.26575	0.433082	1.1621	1.93877	-1.30754	1.5935	-1.49753	2.509	
-1.41581	-0.0652184	1.01732	0.976506	-1.09925	0.71357	-1.61097	-2.27069	0.430353	1.16252	1.93795	-1.30745	1.59147	-1.50017	2.51201	
-1.41668	-0.0653064	1.01911	0.981181	-1.10168	0.717277	-1.61151	-2.27562	0.427624	1.16294	1.93713	-1.30736	1.58944	-1.5028	2.51501	
-1.41755	-0.0653944	1.02091	0.985856	-1.1041	0.720983	-1.61204	-2.28056	0.424895	1.16337	1.9363	-1.30727	1.58742	-1.50543	2.51801	
-1.41842	-0.0654823	1.0227	0.990531	-1.10653	0.72469	-1.61258	-2.28549	0.422167	1.16379	1.93548	-1.30718	1.58539	-1.50807	2.52101	
-1.41929	-0.0655703	1.0245	0.995206	-1.10895	0.728396	-1.61312	-2.29043	0.419438	1.16421	1.93465	-1.3071	1.58336	-1.5107	2.52402	
-1.42016	-0.0656583	1.02629	0.999881	-1.11138	0.732103	-1.61366	-2.29536	0.416709	1.16464	1.93383	-1.30701	1.58134	-1.51333	2.52702	
-1.42103	-0.0657462	1.02809	1.00456	-1.1138	0.735809	-1.6142	-2.3003	0.41398	1.16506	1.933	-1.30692	1.57931	-1.51596	2.53002	
-1.4219	-0.0658342	1.02988	1.00923	-1.11623	0.739516	-1.61473	-2.30523	0.411251	1.16549	1.93218	-1.30683	1.57728	-1.5186	2.53302	
-1.42277	-0.0659221	1.03168	1.01391	-1.11865	0.743222	-1.61527	-2.31017	0.408523	1.16591	1.93135	-1.30674	1.57526	-1.52123	2.53603	
-1.42364	-0.0660101	1.03347	1.01858	-1.12108	0.746929	-1.61581	-2.3151	0.405794	1.16633	1.93053	-1.30665	1.57323	-1.52386	2.53903	
-1.42451	-0.0660981	1.03527	1.02326	-1.12351	0.750635	-1.61635	-2.32004	0.403065	1.16676	1.9297	-1.30656	1.5712	-1.5265	2.54203	
-1.42538	-0.066186	1.03706	1.02793	-1.12593	0.754342	-1.61689	-2.32497	0.400336	1.16718	1.92888	-1.30648	1.56918	-1.52913	2.54503	
-1.42625	-0.066274	1.03886	1.03261	-1.12836	0.758048	-1.61742	-2.3299	0.397607	1.1676	1.92805	-1.30639	1.56715	-1.53176	2.54804	
-1.42712	-0.066362	1.04065	1.03728	-1.13078	0.761755	-1.61796	-2.33484	0.394879	1.16803	1.92723	-1.3063	1.56513	-1.5344	2.55104	
-1.42799	-0.0664499	1.04245	1.04196	-1.13321	0.765461	-1.6185	-2.33977	0.39215	1.16845	1.9264	-1.30621	1.5631	-1.53703	2.55404	
-1.42886	-0.0665379	1.04424	1.04663	-1.13563	0.769168	-1.61904	-2.34471	0.389421	1.16887	1.92558	-1.30612	1.56107	-1.53966	2.55705	
-1.42972	-0.0666259	1.04604	1.05131	-1.13806	0.772874	-1.61958	-2.34964	0.386692	1.1693	1.92475	-1.30603	1.55905	-1.5423	2.56005	
-1.43059	-0.0667138	1.04783	1.05598	-1.14048	0.776581	-1.62011	-2.35458	0.383964	1.16972	1.92393	-1.30595	1.55702	-1.54493	2.56305	
-1.43146	-0.0668018	1.04963	1.06066	-1.14291	0.780287	-1.62065	-2.35951	0.381235	1.17015	1.9231	-1.30586	1.55499	-1.54756	2.56605	
-1.43233	-0.0668898	1.05142	1.06533	-1.14534	0.783994	-1.62119	-2.36445	0.378506	1.17057	1.92228	-1.30577	1.55297	-1.55019	2.56906	
-1.4332	-0.0669777	1.05322	1.07001	-1.14776	0.7877	-1.62173	-2.36938	0.375777	1.17099	1.92145	-1.30568	1.55094	-1.55283	2.57206	
-1.43407	-0.0670657	1.05501	1.07468	-1.15019	0.791407	-1.62227	-2.37432	0.373048	1.17142	1.92063	-1.30559	1.54891	-1.55546	2.57506	
-1.43494	-0.0671537	1.05681	1.07936	-1.15261	0.795113	-1.6228	-2.37925	0.37032	1.17184	1.9198	-1.3055	1.54689	-1.55809	2.57806	
-1.43581	-0.0672416	1.0586	1.08403	-1.15504	0.79882	-1.62334	-2.38418	0.367591	1.17226	1.91898	-1.30542	1.54486	-1.56073	2.58107	
-1.43668	-0.0673296	1.0604	1.08871	-1.15746	0.802526	-1.62388	-2.38912	0.364862	1.17269	1.91815	-1.30533	1.54284	-1.56336	2.58407	
-1.43755	-0.0674176	1.06219	1.09338	-1.15989	0.806233	-1.62442	-2.39405	0.362133	1.17311	1.91733	-1.30524	1.54081	-1.56599	2.58707	
-1.43842	-0.0675055	1.06399	1.09806	-1.16231	0.809939	-1.62496	-2.39899	0.359404	1.17353	1.9165	-1.30515	1.53878	-1.56863	2.59007	
-1.43929	-0.0675935	1.06578	1.10273	-1.16474	0.813646	-1.62549	-2.40392	0.356676	1.17396	1.91568	-1.30506	1.53676	-1.57126	2.59308	
-1.44016	-0.0676814	1.06758	1.10741	-1.16716	0.817352	-1.62603	-2.40886	0.353947	1.17438	1.91485	-1.30497	1.53473	-1.57389	2.59608	
-1.44103	-0.0677694	1.06937	1.11208	-1.16959	0.821059	-1.62657	-2.41379	0.351218	1.17481	1.91403	-1.30489	1.5327	-1.57652	2.59908	
-1.4419	-0.0678574	1.07117	1.11676	-1.17202	0.824765	-1.62711	-2.41873	0.348489	1.17523	1.9132	-1.3048	1.53068	-1.57916	2.60209	
-1.44277	-0.0679453	1.07296	1.12143	-1.17444	0.828472	-1.62765	-2.42366	0.34576	1.17565	1.91238	-1.30471	1.52865	-1.58179	2.60509	
-1.44364	-0.0680333	1.07476	1.12611	-1.17687	0.832178	-1.62818	-2.4286	0.343032	1.17608	1.91155	-1.30462	1.52662	-1.58442	2.60809	
-1.44451	-0.0681213	1.07655	1.13079	-1.17929	0.835885	-1.62872	-2.43353	0.340303	1.1765	1.91073	-1.30453	1.5246	-1.58706	2.61109	
-1.44538	-0.0682092	1.07835	1.13546	-1.18172	0.839591	-1.62926	-2.43847	0.337574	1.17692	1.90991	-1.30444	1.52257	-1.58969	2.6141	
-1.44625	-0.0682972	1.08014	1.14014	-1.18414	0.843298	-1.6298	-2.4434	0.334845	1.17735	1.90908	-1.30436	1.52054	-1.59232	2.6171	
-1.44712	-0.0683852	1.08194	1.14481	-1.18657	0.847004	-1.63034	-2.44833	0.332117	1.17777	1.90826	-1.30427	1.51852	-1.59496	2.6201	
-1.44799	-0.0684731	1.08373	1.14949	-1.18899	0.85071	-1.63087	-2.45327	0.329388	1.17819	1.90743	-1.30418	1.51649	-1.59759	2.6231	
-1.44886	-0.0685611	1.08553	1.15416	-1.19142	0.854417	-1.63141	-2.4582	0.326659	1.17862	1.90661	-1.30409	1.51447	-1.60022	2.62611	
-1.44973	-0.0686491	1.08732	1.15884	-1.19385	0.858123	-1.63195	-2.46314	0.32393	1.17904	1.90578	-1.304	1.51244	-1.60286	2.62911	
-1.4506	-0.068737	1.08912	1.16351	-1.19627	0.86183	-1.63249	-2.46807	0.321201	1.17947	1.90496	-1.30391	1.51041	-1.60549	2.63211	
-1.45147	-0.068825	1.09091	1.16819	-1.1987	0.865536	-1.63303	-2.47301	0.318473	1.17989	1.90413	-1.30383	1.50839	-1.60812	2.63511	
-1.45234	-0.068913	1.09271	1.17286	-1.20112	0.869243	-1.63356	-2.47794	0.315744	1.18031	1.90331	-1.30374	1.50636	-1.61075	2.63812	
-1.45321	-0.0690009	1.0945	1.17754	-1.20355	0.872949	-1.6341	-2.48288	0.313015	1.18074	1.90248	-1.30365	1.50433	-1.61339	2.64112	
-1.45408	-0.0690889	1.0963	1.18221	-1.20597	0.876656	-1.63464	-2.48781	0.310286	1.18116	1.90166	-1.30356	1.50231	-1.61602	2.64412	
-1.45495	-0.0691769	1.09809	1.18689	-1.2084	0.880362	-1.63518	-2.49275	0.307557	1.18158	1.90083	-1.30347	1.50028	-1.61865	2.64713	
-1.45582	-0.0692648	1.09989	1.19156	-1.21082	0.884069	-1.63572	-2.49768	0.304829	1.18201	1.90001	-1.30338	1.49825	-1.62129	2.65013	
-1.45669	-0.0693528	1.10168	1.19624	-1.21325	0.887775	-1.63625	-2.50262	0.3021	1.18243	1.89918	-1.3033	1.49623	-1.62392	2.65313	
-1.45756	-0.0694408	1.10348	1.20091	-1.21568	0.891482	-1.63679	-2.50755	0.299371	1.18285	1.89836	-1.30321	1.4942	-1.62655	2.65613	
-1.45843	-0.0695287	1.10527	1.20559	-1.2181	0.895188	-1.63733	-2.51248	0.296642	1.18328	1.89753	-1.30312	1.49218	-1.62919	2.65914	
-1.4593	-0.0696167	1.10707	1.21026	-1.22053	0.898895	-1.63787	-2.51742	0.293914	1.1837	1.89671	-1.30303	1.49015	-1.63182	2.66214	
-1.46017	-0.0697046	1.10886	1.21494	-1.22295	0.902601	-1.63841	-2.52235	0.291185	1.18412	1.89588	-1.30294	1.48812	-1.63445	2.66514	
-1.46104	-0.0697926	1.11066	1.21961	-1.22538	0.906308	-1.63894	-2.52729	0.288456	1.18455	1.89506	-1.30285	1.4861	-1.63708	2.66814	
-1.46191	-0.0698806	1.11245	1.22429	-1.2278	0.910014	-1.63948	-2.53222	0.285727	1.18497	1.89423	-1.30277	1.48407	-1.63972	2.67115	
-1.46278	-0.0699685	1.11425	1.22896	-1.23023	0.913721	-1.64002	-2.53716	0.282998	1.1854	1.89341	-1.30268	1.48204	-1.64235	2.67415	
-1.46365	-0.0700565	1.11604	1.23364	-1.23265	0.917427	-1.64056	-2.54209	0.28027	1.18582	1.89258	-1.30259	1.48002	-1.64498	2.67715	
-1.46452	-0.0701445	1.11784	1.23831	-1.23508	0.921134	-1.6411	-2.54703	0.277541	1.18624	1.89176	-1.3025	1.47799	-1.64762	2.68015	
-1.46539	-0.0702324	1.11963	1.24299	-1.2375	0.92484	-1.64163	-2.55196	0.274812	1.18667	1.89093	-1.30241	1.47596	-1.65025	2.68316	
-1.46626	-0.0703204	1.12143	1.24766	-1.23993	0.928547	-1.64217	-2.5569	0.272083	1.18709	1.89011	-1.30232	1.47394	-1.65288	2.68616	
-1.46712	-0.0704084	1.12322	1.25234	-1.24236	0.932253	-1.64271	-2.56183	0.269354	1.18751	1.88928	-1.30224	1.47191	-1.65552	2.68916	
-1.468	-0.0707268	1.12498	1.25708	-1.24485	0.935909	-1.64329	-2.56662	0.266398	1.18792	1.88851	-1.30224	1.46985	-1.65816	2.69204	
-1.46887	-0.0710452	1.12674	1.26182	-1.24734	0.939564	-1.64386	-2.57141	0.263441	1.18832	1.88773	-1.30225	1.46778	-1.6608	2.69492	
-1.46974	-0.0713636	1.1285	1.26656	-1.24983	0.94322	-1.64444	-2.5762	0.260485	1.18872	1.88695	-1.30226	1.46572	-1.66344	2.69781	
-1.47061	-0.071682	1.13026	1.2713	-1.25232	0.946875	-1.64501	-2.58099	0.257528	1.18912	1.88617	-1.30226	1.46366	-1.66608	2.70069	
-1.47148	-0.0720004	1.13202	1.27604	-1.25481	0.95053	-1.64559	-2.58578	0.254571	1.18953	1.88539	-1.30227	1.46159	-1.66873	2.70357	
-1.47236	-0.0723188	1.13378	1.28078	-1.2573	0.954186	-1.64616	-2.59058	0.251615	1.18993	1.88461	-1.30228	1.45953	-1.67137	2.70645	
-1.47323	-0.0726372	1.13554	1.28553	-1.2598	0.957841	-1.64674	-2.59537	0.248658	1.19033	1.88383	-1.30228	1.45747	-1.67401	2.70933	
-1.4741	-0.0729556	1.13729	1.29027	-1.26229	0.961497	-1.64731	-2.60016	0.245702	1.19073	1.88306	-1.30229	1.4554	-1.67665	2.71221	
-1.47497	-0.073274	1.13905	1.29501	-1.26478	0.965152	-1.64789	-2.60495	0.242745	1.19114	1.88228	-1.3023	1.45334	-1.67929	2.71509	
-1.47584	-0.0735924	1.14081	1.29975	-1.26727	0.968807	-1.64846	-2.60974	0.239788	1.19154	1.8815	-1.3023	1.45128	-1.68194	2.71797	
-1.47671	-0.0739108	1.14257	1.30449	-1.26976	0.972463	-1.64904	-2.61453	0.236832	1.19194	1.88072	-1.30231	1.44921	-1.68458	2.72085	
-1.47759	-0.0742293	1.14433	1.30923	-1.27225	0.976118	-1.64961	-2.61932	0.233875	1.19234	1.87994	-1.30232	1.44715	-1.68722	2.72373	
-1.47846	-0.0745477	1.14609	1.31397	-1.27474	0.979774	-1.65019	-2.62411	0.230919	1.19275	1.87916	-1.30232	1.44508	-1.68986	2.72661	
-1.47933	-0.0748661	1.14785	1.31871	-1.27724	0.983429	-1.65076	-2.6289	0.227962	1.19315	1.87838	-1.30233	1.44302	-1.6925	2.7295	
-1.4802	-0.0751845	1.14961	1.32345	-1.27973	0.987084	-1.65134	-2.63369	0.225005	1.19355	1.87761	-1.30234	1.44096	-1.69514	2.73238	
-1.48107	-0.0755029	1.15137	1.32819	-1.28222	0.99074	-1.65191	-2.63848	0.222049	1.19395	1.87683	-1.30234	1.43889	-1.69779	2.73526	
-1.48195	-0.0758213	1.15313	1.33293	-1.28471	0.994395	-1.65249	-2.64327	0.219092	1.19436	1.87605	-1.30235	1.43683	-1.70043	2.73814	
-1.48282	-0.0761397	1.15489	1.33768	-1.2872	0.998051	-1.65306	-2.64807	0.216136	1.19476	1.87527	-1.30236	1.43477	-1.70307	2.74102	
-1.48369	-0.0764581	1.15665	1.34242	-1.28969	1.00171	-1.65364	-2.65286	0.213179	1.19516	1.87449	-1.30236	1.4327	-1.70571	2.7439	
-1.48456	-0.0767765	1.1584	1.34716	-1.29218	1.00536	-1.65421	-2.65765	0.210222	1.19556	1.87371	-1.30237	1.43064	-1.70835	2.74678	
-1.48543	-0.0770949	1.16016	1.3519	-1.29468	1.00902	-1.65479	-2.66244	0.207266	1.19597	1.87293	-1.30238	1.42858	-1.711	2.74966	
-1.4863	-0.0774133	1.16192	1.35664	-1.29717	1.01267	-1.65536	-2.66723	0.204309	1.19637	1.87216	-1.30239	1.42651	-1.71364	2.75254	
-1.48718	-0.0777317	1.16368	1.36138	-1.29966	1.01633	-1.65594	-2.67202	0.201353	1.19677	1.87138	-1.30239	1.42445	-1.71628	2.75542	
-1.48805	-0.0780501	1.16544	1.36612	-1.30215	1.01998	-1.65651	-2.67681	0.198396	1.19717	1.8706	-1.3024	1.42239	-1.71892	2.7583	
-1.48892	-0.0783685	1.1672	1.37086	-1.30464	1.02364	-1.65709	-2.6816	0.195439	1.19758	1.86982	-1.30241	1.42032	-1.72156	2.76119	
-1.48979	-0.078687	1.16896	1.3756	-1.30713	1.02729	-1.65766	-2.68639	0.192483	1.19798	1.86904	-1.30241	1.41826	-1.72421	2.76407	
-1.49066	-0.0790054	1.17072	1.38034	-1.30962	1.03095	-1.65823	-2.69118	0.189526	1.19838	1.86826	-1.30242	1.41619	-1.72685	2.76695	
-1.49154	-0.0793238	1.17248	1.38509	-1.31212	1.0346	-1.65881	-2.69597	0.18657	1.19878	1.86748	-1.30243	1.41413	-1.72949	2.76983	
-1.49241	-0.0796422	1.17424	1.38983	-1.31461	1.03826	-1.65938	-2.70077	0.183613	1.19919	1.86671	-1.30243	1.41207	-1.73213	2.77271	
-1.49328	-0.0799606	1.176	1.39457	-1.3171	1.04192	-1.65996	-2.70556	0.180656	1.19959	1.86593	-1.30244	1.41	-1.73477	2.77559	
-1.49415	-0.080279	1.17776	1.39931	-1.31959	1.04557	-1.66053	-2.71035	0.1777	1.19999	1.86515	-1.30245	1.40794	-1.73742	2.77847	
-1.49502	-0.0805974	1.17952	1.40405	-1.32208	1.04923	-1.66111	-2.71514	0.174743	1.20039	1.86437	-1.30245	1.40588	-1.74006	2.78135	
-1.49589	-0.0809158	1.18127	1.40879	-1.32457	1.05288	-1.66168	-2.71993	0.171786	1.2008	1.86359	-1.30246	1.40381	-1.7427	2.78423	
-1.49677	-0.0812342	1.18303	1.41353	-1.32706	1.05654	-1.66226	-2.72472	0.16883	1.2012	1.86281	-1.30247	1.40175	-1.74534	2.78711	
-1.49764	-0.0815526	1.18479	1.41827	-1.32956	1.06019	-1.66283	-2.72951	0.165873	1.2016	1.86203	-1.30247	1.39969	-1.74798	2.79	
-1.49851	-0.081871	1.18655	1.42301	-1.33205	1.06385	-1.66341	-2.7343	0.162917	1.202	1.86126	-1.30248	1.39762	-1.75063	2.79288	
-1.49938	-0.0821894	1.18831	1.42775	-1.33454	1.0675	-1.66398	-2.73909	0.15996	1.20241	1.86048	-1.30249	1.39556	-1.75327	2.79576	
-1.50025	-0.0825078	1.19007	1.4325	-1.33703	1.07116	-1.66456	-2.74388	0.157003	1.20281	1.8597	-1.30249	1.3935	-1.75591	2.79864	
-1.50113	-0.0828262	1.19183	1.43724	-1.33952	1.07481	-1.66513	-2.74867	0.154047	1.20321	1.85892	-1.3025	1.39143	-1.75855	2.80152	
-1.502	-0.0831447	1.19359	1.44198	-1.34201	1.07847	-1.66571	-2.75346	0.15109	1.20361	1.85814	-1.30251	1.38937	-1.76119	2.8044	
-1.50287	-0.0834631	1.19535	1.44672	-1.3445	1.08212	-1.66628	-2.75826	0.148134	1.20402	1.85736	-1.30251	1.38731	-1.76383	2.80728	
-1.50374	-0.0837815	1.19711	1.45146	-1.347	1.08578	-1.66686	-2.76305	0.145177	1.20442	1.85658	-1.30252	1.38524	-1.76648	2.81016	
-1.50461	-0.0840999	1.19887	1.4562	-1.34949	1.08944	-1.66743	-2.76784	0.14222	1.20482	1.85581	-1.30253	1.38318	-1.76912	2.81304	
-1.50548	-0.0844183	1.20063	1.46094	-1.35198	1.09309	-1.66801	-2.77263	0.139264	1.20522	1.85503	-1.30253	1.38111	-1.77176	2.81592	
-1.50636	-0.0847367	1.20238	1.46568	-1.35447	1.09675	-1.66858	-2.77742	0.136307	1.20563	1.85425	-1.30254	1.37905	-1.7744	2.8188	
-1.50723	-0.0850551	1.20414	1.47042	-1.35696	1.1004	-1.66916	-2.78221	0.133351	1.20603	1.85347	-1.30255	1.37699	-1.77704	2.82169	
-1.5081	-0.0853735	1.2059	1.47516	-1.35945	1.10406	-1.66973	-2.787	0.130394	1.20643	1.85269	-1.30256	1.37492	-1.77969	2.82457	
-1.50897	-0.0856919	1.20766	1.4799	-1.36194	1.10771	-1.67031	-2.79179	0.127437	1.20683	1.85191	-1.30256	1.37286	-1.78233	2.82745	
-1.50984	-0.0860103	1.20942	1.48465	-1.36444	1.11137	-1.67088	-2.79658	0.124481	1.20724	1.85113	-1.30257	1.3708	-1.78497	2.83033	
-1.51072	-0.0863287	1.21118	1.48939	-1.36693	1.11502	-1.67146	-2.80137	0.121524	1.20764	1.85035	-1.30258	1.36873	-1.78761	2.83321	
-1.51159	-0.0866471	1.21294	1.49413	-1.36942	1.11868	-1.67203	-2.80616	0.118568	1.20804	1.84958	-1.30258	1.36667	-1.79025	2.83609	
-1.51246	-0.0869655	1.2147	1.49887	-1.37191	1.12233	-1.67261	-2.81096	0.115611	1.20844	1.8488	-1.30259	1.36461	-1.7929	2.83897	
-1.51333	-0.0872839	1.21646	1.50361	-1.3744	1.12599	-1.67318	-2.81575	0.112654	1.20885	1.84802	-1.3026	1.36254	-1.79554	2.84185	
-1.5142	-0.0876024	1.21822	1.50835	-1.37689	1.12965	-1.67376	-2.82054	0.109698	1.20925	1.84724	-1.3026	1.36048	-1.79818	2.84473	
-1.51507	-0.0879208	1.21998	1.51309	-1.37938	1.1333	-1.67433	-2.82533	0.106741	1.20965	1.84646	-1.30261	1.35842	-1.80082	2.84761	
-1.51595	-0.0882392	1.22174	1.51783	-1.38188	1.13696	-1.67491	-2.83012	0.103785	1.21005	1.84568	-1.30262	1.35635	-1.80346	2.8505	
-1.51682	-0.0885576	1.22349	1.52257	-1.38437	1.14061	-1.67548	-2.83491	0.100828	1.21046	1.8449	-1.30262	1.35429	-1.80611	2.85338	
-1.51769	-0.088876	1.22525	1.52731	-1.38686	1.14427	-1.67606	-2.8397	0.0978714	1.21086	1.84413	-1.30263	1.35222	-1.80875	2.85626	
-1.51856	-0.0891944	1.22701	1.53206	-1.38935	1.14792	-1.67663	-2.84449	0.0949148	1.21126	1.84335	-1.30264	1.35016	-1.81139	2.85914	
-1.51943	-0.0895128	1.22877	1.5368	-1.39184	1.15158	-1.67721	-2.84928	0.0919582	1.21166	1.84257	-1.30264	1.3481	-1.81403	2.86202	
-1.5203	-0.0898312	1.23053	1.54154	-1.39433	1.15523	-1.67778	-2.85407	0.0890015	1.21206	1.84179	-1.30265	1.34603	-1.81667	2.8649	
-1.52118	-0.0901496	1.23229	1.54628	-1.39682	1.15889	-1.67836	-2.85886	0.0860449	1.21247	1.84101	-1.30266	1.34397	-1.81932	2.86778	
-1.52205	-0.090468	1.23405	1.55102	-1.39932	1.16254	-1.67893	-2.86365	0.0830883	1.21287	1.84023	-1.30266	1.34191	-1.82196	2.87066	
-1.52292	-0.0907864	1.23581	1.55576	-1.40181	1.1662	-1.67951	-2.86845	0.0801317	1.21327	1.83945	-1.30267	1.33984	-1.8246	2.87354	
-1.52379	-0.0911048	1.23757	1.5605	-1.4043	1.16985	-1.68008	-2.87324	0.0771751	1.21367	1.83868	-1.30268	1.33778	-1.82724	2.87642	
-1.52466	-0.0914232	1.23933	1.56524	-1.40679	1.17351	-1.68066	-2.87803	0.0742185	1.21408	1.8379	-1.30268	1.33572	-1.82988	2.8793	
-1.52554	-0.0917416	1.24109	1.56998	-1.40928	1.17717	-1.68123	-2.88282	0.0712619	1.21448	1.83712	-1.30269	1.33365	-1.83252	2.88219	
-1.52641	-0.0920601	1.24285	1.57472	-1.41177	1.18082	-1.68181	-2.88761	0.0683053	1.21488	1.83634	-1.3027	1.33159	-1.83517	2.88507	
-1.52728	-0.0923785	1.2446	1.57947	-1.41426	1.18448	-1.68238	-2.8924	0.0653487	1.21528	1.83556	-1.3027	1.32953	-1.83781	2.88795	
-1.52815	-0.0926969	1.24636	1.58421	-1.41676	1.18813	-1.68296	-2.89719	0.0623921	1.21569	1.83478	-1.30271	1.32746	-1.84045	2.89083	
-1.52902	-0.0930153	1.24812	1.58895	-1.41925	1.19179	-1.68353	-2.90198	0.0594355	1.21609	1.834	-1.30272	1.3254	-1.84309	2.89371	
-1.52989	-0.0933337	1.24988	1.59369	-1.42174	1.19544	-1.68411	-2.90677	0.0564789	1.21649	1.83323	-1.30273	1.32333	-1.84573	2.89659	
-1.53077	-0.0936521	1.25164	1.59843	-1.42423	1.1991	-1.68468	-2.91156	0.0535223	1.21689	1.83245	-1.30273	1.32127	-1.84838	2.89947	
-1.53164	-0.0939705	1.2534	1.60317	-1.42672	1.20275	-1.68526	-2.91635	0.0505657	1.2173	1.83167	-1.30274	1.31921	-1.85102	2.90235	
-1.53251	-0.0942889	1.25516	1.60791	-1.42921	1.20641	-1.68583	-2.92115	0.0476091	1.2177	1.83089	-1.30275	1.31714	-1.85366	2.90523	
-1.53338	-0.0946073	1.25692	1.61265	-1.4317	1.21006	-1.68641	-2.92594	0.0446525	1.2181	1.83011	-1.30275	1.31508	-1.8563	2.90811	
-1.53425	-0.0949257	1.25868	1.61739	-1.4342	1.21372	-1.68698	-2.93073	0.0416959	1.2185	1.82933	-1.30276	1.31302	-1.85894	2.91099	
-1.53513	-0.0952441	1.26044	1.62213	-1.43669	1.21737	-1.68756	-2.93552	0.0387393	1.21891	1.82855	-1.30277	1.31095	-1.86159	2.91388	
-1.536	-0.0955625	1.2622	1.62687	-1.43918	1.22103	-1.68813	-2.94031	0.0357826	1.21931	1.82778	-1.30277	1.30889	-1.86423	2.91676	
-1.53687	-0.0958809	1.26396	1.63162	-1.44167	1.22469	-1.68871	-2.9451	0.032826	1.21971	1.827	-1.30278	1.30683	-1.86687	2.91964	
-1.53774	-0.0961993	1.26571	1.63636	-1.44416	1.22834	-1.68928	-2.94989	0.0298694	1.22011	1.82622	-1.30279	1.30476	-1.86951	2.92252	
-1.53861	-0.0965178	1.26747	1.6411	-1.44665	1.232	-1.68986	-2.95468	0.0269128	1.22052	1.82544	-1.30279	1.3027	-1.87215	2.9254	
-1.53948	-0.0968362	1.26923	1.64584	-1.44914	1.23565	-1.69043	-2.95947	0.0239562	1.22092	1.82466	-1.3028	1.30064	-1.8748	2.92828	
-1.54036	-0.0971546	1.27099	1.65058	-1.45164	1.23931	-1.69101	-2.96426	0.0209996	1.22132	1.82388	-1.30281	1.29857	-1.87744	2.93116	
-1.54123	-0.097473	1.27275	1.65532	-1.45413	1.24296	-1.69158	-2.96905	0.018043	1.22172	1.8231	-1.30281	1.29651	-1.88008	2.93404	
-1.5421	-0.0977914	1.27451	1.66006	-1.45662	1.24662	-1.69216	-2.97384	0.0150864	1.22213	1.82233	-1.30282	1.29445	-1.88272	2.93692	
-1.54297	-0.0981098	1.27627	1.6648	-1.45911	1.25027	-1.69273	-2.97864	0.0121298	1.22253	1.82155	-1.30283	1.29238	-1.88536	2.9398	
-1.54384	-0.0984282	1.27803	1.66954	-1.4616	1.25393	-1.69331	-2.98343	0.0091732	1.22293	1.82077	-1.30283	1.29032	-1.888	2.94269	
-1.54472	-0.0987466	1.27979	1.67428	-1.46409	1.25758	-1.69388	-2.98822	0.0062166	1.22333	1.81999	-1.30284	1.28825	-1.89065	2.94557	
-1.54559	-0.099065	1.28155	1.67903	-1.46658	1.26124	-1.69446	-2.99301	0.00325999	1.22374	1.81921	-1.30285	1.28619	-1.89329	2.94845	
-1.54646	-0.0993834	1.28331	1.68377	-1.46908	1.2649	-1.69503	-2.9978	0.000303384	1.22414	1.81843	-1.30285	1.28413	-1.89593	2.95133	
-1.54733	-0.0997018	1.28507	1.68851	-1.47157	1.26855	-1.69561	-3.00259	-0.00265322	1.22454	1.81765	-1.30286	1.28206	-1.89857	2.95421	
-1.5482	-0.10002	1.28682	1.69325	-1.47406	1.27221	-1.69618	-3.00738	-0.00560983	1.22494	1.81688	-1.30287	1.28	-1.90121	2.95709	
-1.54907	-0.100339	1.28858	1.69799	-1.47655	1.27586	-1.69676	-3.01217	-0.00856643	1.22535	1.8161	-1.30287	1.27794	-1.90386	2.95997	
-1.54995	-0.100657	1.29034	1.70273	-1.47904	1.27952	-1.69733	-3.01696	-0.011523	1.22575	1.81532	-1.30288	1.27587	-1.9065	2.96285	
-1.55082	-0.100975	1.2921	1.70747	-1.48153	1.28317	-1.69791	-3.02175	-0.0144796	1.22615	1.81454	-1.30289	1.27381	-1.90914	2.96573	
-1.55169	-0.101294	1.29386	1.71221	-1.48402	1.28683	-1.69848	-3.02654	-0.0174362	1.22655	1.81376	-1.3029	1.27175	-1.91178	2.96861	
