-1.55169	-0.17953	1.29689	1.69339	-1.4748	1.29965	-1.6985	0.168974	-0.0629751	1.20702	1.81878	-1.34474	1.29806	-1.89898	-0.19805	
-1.56663	-0.148017	1.27674	1.65596	-1.46265	1.2832	-1.67025	0.203991	-0.0384126	1.19761	1.80894	-1.32239	1.28968	-1.89296	-0.154662	
-1.58155	-0.116553	1.25661	1.61859	-1.45053	1.26677	-1.64205	0.238955	-0.0138879	1.18821	1.79911	-1.30008	1.28132	-1.88695	-0.11134	
-1.59645	-0.0842279	1.23826	1.58065	-1.43955	1.2477	-1.61593	0.274194	0.00968718	1.17963	1.78809	-1.27712	1.27212	-1.88288	-0.0683331	
-1.61132	-0.0523939	1.21907	1.54377	-1.4285	1.22953	-1.58973	0.309186	0.0336543	1.17148	1.77735	-1.25475	1.26359	-1.87797	-0.025277	
-1.62616	-0.020619	1.19991	1.50696	-1.41746	1.2114	-1.56358	0.344114	0.057577	1.16333	1.76662	-1.23243	1.25508	-1.87307	0.0176991	
-1.64098	0.011861	1.18262	1.46951	-1.40785	1.19096	-1.53957	0.379319	0.0806878	1.15618	1.75472	-1.20962	1.24585	-1.86996	0.0603237	
-1.65576	0.0438456	1.16447	1.43325	-1.39813	1.17141	-1.51548	0.414272	0.104176	1.1494	1.74319	-1.18741	1.23727	-1.86608	0.102972	
-1.67051	0.0757589	1.14636	1.39706	-1.38844	1.1519	-1.49145	0.449146	0.127612	1.14264	1.73168	-1.16525	1.22871	-1.86221	0.145525	
-1.68522	0.108232	1.13013	1.36023	-1.38036	1.13045	-1.46955	0.484304	0.150361	1.13696	1.71907	-1.14274	1.21954	-1.85997	0.187682	
-1.6999	0.140208	1.11304	1.32468	-1.37214	1.10987	-1.44756	0.519199	0.173467	1.13163	1.7069	-1.12084	1.21101	-1.85705	0.229838	
-1.71454	0.1721	1.09601	1.28923	-1.36394	1.08935	-1.42564	0.554001	0.196511	1.12632	1.69476	-1.09899	1.20251	-1.85413	0.271881	
-1.72914	0.204422	1.08078	1.25319	-1.35745	1.06724	-1.40578	0.589093	0.218975	1.12212	1.68162	-1.07692	1.19347	-1.8527	0.313479	
-1.7437	0.23625	1.06474	1.21849	-1.3508	1.04599	-1.38585	0.623907	0.241769	1.11825	1.66899	-1.05545	1.18509	-1.85064	0.355049	
-1.75821	0.267977	1.04874	1.18389	-1.34416	1.0248	-1.36599	0.658612	0.264491	1.11439	1.6564	-1.03405	1.17674	-1.84859	0.396489	
-1.77267	0.300027	1.03446	1.14881	-1.33926	1.00237	-1.34808	0.693613	0.286716	1.11163	1.64293	-1.01251	1.16793	-1.84789	0.437432	
-1.78708	0.331584	1.0194	1.11508	-1.33416	0.980758	-1.33013	0.728317	0.309242	1.10918	1.63002	-0.991568	1.15978	-1.84662	0.478322	
-1.80144	0.363024	1.00439	1.08148	-1.32907	0.959226	-1.31224	0.762895	0.331686	1.10674	1.61716	-0.970705	1.15167	-1.84534	0.519061	
-1.81574	0.394346	0.98944	1.04801	-1.32401	0.937776	-1.29443	0.797341	0.354045	1.10431	1.60434	-0.94992	1.14359	-1.84408	0.559646	
-1.82999	0.426152	0.977253	1.01382	-1.32196	0.914697	-1.27975	0.832412	0.375709	1.10376	1.5902	-0.928979	1.1348	-1.84496	0.599372	
-1.84418	0.457192	0.963373	0.981602	-1.31881	0.893054	-1.2643	0.866913	0.397906	1.10312	1.57719	-0.908857	1.12711	-1.84457	0.639208	
-1.8583	0.488093	0.949555	0.94953	-1.31567	0.871509	-1.24891	0.901259	0.420004	1.10249	1.56423	-0.888825	1.11944	-1.84419	0.678866	
-1.87236	0.518852	0.9358	0.917605	-1.31255	0.850063	-1.23359	0.935447	0.442	1.10186	1.55134	-0.868886	1.11181	-1.84381	0.718341	
-1.88635	0.549945	0.924451	0.885197	-1.31221	0.827599	-1.22104	0.970272	0.463409	1.10292	1.53741	-0.84887	1.10361	-1.84528	0.756869	
-1.90027	0.580319	0.911592	0.854665	-1.31077	0.806342	-1.20789	1.00448	0.485264	1.10394	1.52457	-0.829637	1.09647	-1.84561	0.79549	
-1.91411	0.610531	0.898801	0.824297	-1.30935	0.785199	-1.19481	1.0385	0.507002	1.10495	1.5118	-0.810507	1.08937	-1.84594	0.833905	
-1.92788	0.640575	0.886081	0.794097	-1.30793	0.764174	-1.1818	1.07234	0.528619	1.10595	1.4991	-0.791483	1.0823	-1.84627	0.872107	
-1.94157	0.670838	0.875411	0.763609	-1.30898	0.742613	-1.1712	1.10681	0.549723	1.10843	1.48563	-0.772423	1.07477	-1.84817	0.909297	
-1.95517	0.700423	0.863412	0.734881	-1.30897	0.722063	-1.16017	1.14061	0.571189	1.11091	1.47319	-0.754114	1.06827	-1.84905	0.946561	
-1.96869	0.72982	0.851489	0.706334	-1.30897	0.701644	-1.14921	1.1742	0.59252	1.11338	1.46084	-0.735921	1.06181	-1.84992	0.983588	
-1.98212	0.759025	0.839643	0.677973	-1.30896	0.681357	-1.13833	1.20756	0.613711	1.11583	1.44856	-0.717846	1.0554	-1.85079	1.02037	
-1.99546	0.788353	0.829519	0.649475	-1.3111	0.660909	-1.12953	1.24153	0.634441	1.11951	1.43574	-0.699756	1.0486	-1.85298	1.05611	
-2.0087	0.81704	0.818235	0.62261	-1.31222	0.641305	-1.12046	1.27479	0.655453	1.12326	1.4239	-0.682385	1.0428	-1.85423	1.09189	
-2.02185	0.845516	0.807035	0.595943	-1.31333	0.621846	-1.11147	1.30781	0.676309	1.12699	1.41214	-0.665143	1.03704	-1.85548	1.12742	
-2.0349	0.873776	0.795919	0.569478	-1.31444	0.602534	-1.10254	1.34057	0.697008	1.13068	1.40048	-0.648031	1.03132	-1.85672	1.16267	
-2.04784	0.901816	0.78489	0.543219	-1.31553	0.583372	-1.09368	1.37308	0.717545	1.13434	1.38891	-0.631053	1.02565	-1.85794	1.19765	
-2.06068	0.930027	0.776029	0.516827	-1.31945	0.564361	-1.08756	1.40658	0.737523	1.13957	1.37673	-0.614014	1.01949	-1.8609	1.23111	
-2.07341	0.957462	0.765463	0.492319	-1.32159	0.546183	-1.08074	1.43895	0.75786	1.14464	1.36583	-0.597836	1.01461	-1.86242	1.26492	
-2.08603	0.984657	0.754989	0.468025	-1.3237	0.528165	-1.07399	1.47105	0.778019	1.14967	1.35503	-0.5818	1.00977	-1.86393	1.29843	
-2.09854	1.01161	0.744609	0.443949	-1.3258	0.510309	-1.06729	1.50285	0.797997	1.15465	1.34432	-0.565909	1.00498	-1.86543	1.33164	
-2.11093	1.03831	0.734324	0.420096	-1.32788	0.492617	-1.06066	1.53436	0.817791	1.15958	1.33371	-0.550163	1.00023	-1.86691	1.36454	
-2.1232	1.06505	0.725713	0.396193	-1.3322	0.475457	-1.05628	1.56674	0.837111	1.16565	1.32276	-0.53437	0.995109	-1.86977	1.39598	
-2.13535	1.0911	0.715708	0.373967	-1.33495	0.458874	-1.05147	1.59798	0.856651	1.17173	1.31294	-0.519374	0.991155	-1.87137	1.4277	
-2.14738	1.11689	0.705806	0.351968	-1.33768	0.44246	-1.04672	1.62891	0.875993	1.17775	1.30323	-0.504531	0.98724	-1.87295	1.4591	
-2.15928	1.14241	0.696007	0.330198	-1.34038	0.426217	-1.04201	1.65951	0.895132	1.1837	1.29361	-0.489843	0.983367	-1.87452	1.49018	
-2.17105	1.16765	0.686313	0.308661	-1.34304	0.410148	-1.03736	1.68978	0.914067	1.1896	1.2841	-0.475312	0.979535	-1.87607	1.52092	
-2.18269	1.19262	0.676725	0.287359	-1.34568	0.394254	-1.03275	1.71973	0.932794	1.19542	1.27469	-0.46094	0.975745	-1.87761	1.55132	
-2.19421	1.21757	0.668906	0.265932	-1.3508	0.379437	-1.03073	1.75084	0.951052	1.20235	1.265	-0.446473	0.971592	-1.88069	1.57989	
-2.20559	1.24184	0.659425	0.246284	-1.35388	0.364882	-1.02804	1.78041	0.969488	1.20929	1.25659	-0.43288	0.968731	-1.88219	1.60904	
-2.21683	1.26581	0.650057	0.226869	-1.35692	0.3505	-1.02538	1.80964	0.987703	1.21614	1.24827	-0.41945	0.965905	-1.88367	1.63785	
-2.22793	1.28949	0.640803	0.207692	-1.35993	0.336294	-1.02276	1.8385	1.0057	1.2229	1.24006	-0.406183	0.963113	-1.88514	1.6663	
-2.2389	1.31287	0.631665	0.188754	-1.3629	0.322265	-1.02016	1.86701	1.02346	1.22958	1.23195	-0.393082	0.960356	-1.88659	1.6944	
-2.24973	1.33595	0.622643	0.170057	-1.36583	0.308414	-1.0176	1.89515	1.04101	1.23618	1.22394	-0.380148	0.957634	-1.88802	1.72214	
-2.26041	1.35874	0.613739	0.151603	-1.36873	0.294744	-1.01508	1.92292	1.05832	1.24269	1.21604	-0.367382	0.954947	-1.88943	1.74952	
-2.27096	1.38136	0.606454	0.132842	-1.37399	0.282807	-1.01519	1.95207	1.07527	1.24998	1.20794	-0.354486	0.951993	-1.89237	1.77482	
-2.28135	1.4034	0.59746	0.115886	-1.37704	0.270626	-1.01453	1.97933	1.09225	1.25746	1.20118	-0.342462	0.950333	-1.8936	1.80096	
-2.29161	1.42513	0.588591	0.0991665	-1.38005	0.258615	-1.01387	2.00622	1.10899	1.26484	1.1945	-0.330607	0.948695	-1.8948	1.82674	
-2.30172	1.44656	0.579849	0.0826848	-1.38301	0.246774	-1.01323	2.03273	1.1255	1.27211	1.18793	-0.318919	0.947081	-1.89599	1.85215	
-2.31168	1.46767	0.571233	0.0664414	-1.38594	0.235105	-1.01259	2.05885	1.14176	1.27928	1.18144	-0.307401	0.94549	-1.89716	1.87719	
-2.32149	1.48848	0.562743	0.0504371	-1.38882	0.223607	-1.01197	2.08459	1.15779	1.28634	1.17506	-0.296052	0.943922	-1.89832	1.90186	
-2.33116	1.50897	0.554381	0.0346724	-1.39166	0.212282	-1.01135	2.10995	1.17358	1.29329	1.16876	-0.284873	0.942378	-1.89946	1.92617	
-2.34068	1.52915	0.546146	0.0191476	-1.39445	0.201128	-1.01075	2.13491	1.18912	1.30014	1.16257	-0.273865	0.940858	-1.90058	1.9501	
-2.35005	1.54894	0.539199	0.00303524	-1.39919	0.192329	-1.01254	2.16128	1.20451	1.30722	1.15623	-0.262713	0.939248	-1.90306	1.97191	
-2.35928	1.56838	0.530709	-0.011305	-1.40189	0.182695	-1.01361	2.18559	1.21968	1.31484	1.15123	-0.252323	0.938804	-1.90388	1.9947	
-2.36835	1.58751	0.522356	-0.0254149	-1.40454	0.173216	-1.01467	2.20952	1.23461	1.32234	1.14631	-0.2421	0.938367	-1.90469	2.01713	
-2.37728	1.60632	0.514138	-0.0392948	-1.40714	0.163892	-1.01571	2.23305	1.24929	1.32972	1.14146	-0.232044	0.937938	-1.90549	2.03919	
-2.38606	1.62483	0.506057	-0.0529452	-1.40971	0.154721	-1.01673	2.2562	1.26373	1.33698	1.1367	-0.222154	0.937515	-1.90628	2.06089	
-2.39469	1.64303	0.498111	-0.0663667	-1.41223	0.145705	-1.01774	2.27896	1.27793	1.34411	1.13202	-0.21243	0.9371	-1.90705	2.08222	
-2.40318	1.66091	0.4903	-0.0795601	-1.41471	0.136842	-1.01873	2.30133	1.29189	1.35113	1.12742	-0.202871	0.936691	-1.90781	2.10319	
-2.41152	1.67849	0.482624	-0.0925264	-1.41714	0.128131	-1.0197	2.32332	1.30561	1.35802	1.12289	-0.193477	0.93629	-1.90855	2.1238	
-2.41971	1.69576	0.475081	-0.105267	-1.41954	0.119572	-1.02065	2.34492	1.31908	1.36479	1.11845	-0.184246	0.935895	-1.90929	2.14405	
-2.42776	1.71273	0.467672	-0.117782	-1.42189	0.111164	-1.02159	2.36614	1.33232	1.37144	1.11408	-0.175178	0.935508	-1.91001	2.16395	
-2.43567	1.72899	0.461325	-0.131386	-1.42587	0.106086	-1.02486	2.38898	1.34573	1.37764	1.10949	-0.165904	0.935263	-1.91205	2.18152	
-2.44343	1.74527	0.453492	-0.143087	-1.42792	0.0992017	-1.02732	2.40944	1.35858	1.38494	1.10641	-0.157248	0.936073	-1.91241	2.20044	
-2.45105	1.76125	0.445803	-0.154575	-1.42994	0.0924432	-1.02974	2.42953	1.37119	1.39212	1.10337	-0.148751	0.936868	-1.91276	2.21901	
-2.45852	1.77694	0.438256	-0.16585	-1.43191	0.0858097	-1.03212	2.44924	1.38356	1.39916	1.1004	-0.140411	0.937649	-1.91311	2.23724	
-2.46586	1.79234	0.430851	-0.176914	-1.43385	0.0793003	-1.03445	2.46858	1.39571	1.40606	1.09748	-0.132227	0.938415	-1.91345	2.25513	
-2.47306	1.80744	0.423585	-0.18777	-1.43575	0.0729138	-1.03673	2.48756	1.40762	1.41284	1.09461	-0.124198	0.939167	-1.91378	2.27268	
-2.48013	1.82226	0.416458	-0.198418	-1.43762	0.0666491	-1.03897	2.50618	1.41931	1.41949	1.0918	-0.116322	0.939904	-1.91411	2.28989	
-2.48705	1.83679	0.409467	-0.208861	-1.43945	0.0605049	-1.04117	2.52444	1.43077	1.42601	1.08905	-0.108597	0.940627	-1.91443	2.30677	
-2.49385	1.85104	0.402613	-0.219102	-1.44125	0.05448	-1.04333	2.54234	1.44201	1.4324	1.08634	-0.101022	0.941336	-1.91475	2.32333	
-2.50051	1.86501	0.395893	-0.229142	-1.44301	0.0485731	-1.04544	2.55989	1.45303	1.43867	1.0837	-0.0935957	0.942032	-1.91505	2.33956	
-2.50703	1.8787	0.389305	-0.238984	-1.44473	0.0427828	-1.04751	2.5771	1.46384	1.44482	1.0811	-0.0863158	0.942713	-1.91536	2.35547	
-2.51343	1.89212	0.382849	-0.24863	-1.44642	0.0371078	-1.04955	2.59396	1.47443	1.45084	1.07855	-0.0791809	0.943381	-1.91565	2.37106	
-2.5197	1.90453	0.377037	-0.259717	-1.44901	0.0352315	-1.05334	2.61233	1.48554	1.4556	1.07564	-0.0717946	0.944426	-1.91696	2.38456	
-2.52584	1.91739	0.370108	-0.269026	-1.4503	0.0308565	-1.05656	2.62837	1.49574	1.46211	1.07435	-0.0646898	0.946339	-1.91695	2.39944	
-2.53186	1.92998	0.36332	-0.278145	-1.45156	0.0265703	-1.05972	2.6441	1.50573	1.4685	1.07308	-0.0577293	0.948213	-1.91694	2.41402	
-2.53776	1.94231	0.356671	-0.287077	-1.4528	0.022372	-1.06281	2.6595	1.51552	1.47475	1.07184	-0.0509114	0.950048	-1.91693	2.4283	
-2.54353	1.95439	0.350159	-0.295826	-1.45401	0.0182601	-1.06584	2.67458	1.52511	1.48088	1.07062	-0.044234	0.951846	-1.91692	2.44229	
-2.54918	1.96622	0.343782	-0.304392	-1.45519	0.0142336	-1.0688	2.68935	1.53449	1.48687	1.06943	-0.0376951	0.953607	-1.91691	2.45599	
-2.55472	1.97781	0.337538	-0.312781	-1.45635	0.0102911	-1.07171	2.70381	1.54368	1.49275	1.06826	-0.0312926	0.955331	-1.9169	2.4694	
-2.56014	1.98914	0.331425	-0.320992	-1.45749	0.00643133	-1.07455	2.71797	1.55268	1.4985	1.06712	-0.0250246	0.957018	-1.9169	2.48253	
-2.56544	2.00024	0.325441	-0.329031	-1.4586	0.00265309	-1.07733	2.73183	1.56149	1.50413	1.06601	-0.018889	0.958671	-1.91689	2.49539	
-2.57064	2.01111	0.319584	-0.336899	-1.45969	-0.00104493	-1.08006	2.74539	1.57011	1.50963	1.06491	-0.0128836	0.960288	-1.91688	2.50797	
-2.57572	2.02174	0.313852	-0.344599	-1.46075	-0.00466404	-1.08272	2.75867	1.57855	1.51503	1.06384	-0.00700635	0.96187	-1.91687	2.52028	
-2.58069	2.03215	0.308243	-0.352134	-1.4618	-0.00820551	-1.08533	2.77166	1.5868	1.5203	1.06279	-0.00125518	0.963418	-1.91687	2.53233	
-2.58556	2.04233	0.302756	-0.359506	-1.46282	-0.0116707	-1.08788	2.78437	1.59488	1.52546	1.06177	0.00437203	0.964934	-1.91686	2.54411	
-2.59032	2.05229	0.297386	-0.366719	-1.46382	-0.0150608	-1.09038	2.7968	1.60278	1.53051	1.06077	0.0098774	0.966416	-1.91685	2.55565	
-2.59497	2.06203	0.292134	-0.373775	-1.46479	-0.0183772	-1.09282	2.80897	1.61052	1.53545	1.05978	0.015263	0.967866	-1.91684	2.56693	
-2.59953	2.07156	0.286996	-0.380677	-1.46575	-0.0216211	-1.09521	2.82087	1.61808	1.54029	1.05883	0.020531	0.969284	-1.91684	2.57797	
-2.60398	2.07974	0.282157	-0.389408	-1.46687	-0.0204563	-1.09888	2.83428	1.62662	1.54288	1.05728	0.0262019	0.971273	-1.91751	2.58704	
-2.60834	2.08886	0.276506	-0.396446	-1.46739	-0.0226857	-1.1022	2.84537	1.63385	1.54817	1.05765	0.0320043	0.97412	-1.91729	2.5977	
-2.6126	2.09777	0.270979	-0.40333	-1.46789	-0.024866	-1.10545	2.85622	1.64093	1.55334	1.05802	0.0376789	0.976905	-1.91708	2.60812	
-2.61677	2.1065	0.265574	-0.410061	-1.46838	-0.0269981	-1.10863	2.86683	1.64785	1.55839	1.05839	0.0432279	0.979627	-1.91687	2.61832	
-2.62085	2.11502	0.260289	-0.416643	-1.46887	-0.0290829	-1.11174	2.8772	1.65461	1.56334	1.05874	0.0486537	0.98229	-1.91667	2.62828	
-2.62483	2.12336	0.255122	-0.423078	-1.46934	-0.0311212	-1.11478	2.88735	1.66122	1.56817	1.05908	0.0539587	0.984893	-1.91647	2.63803	
-2.62873	2.13151	0.250071	-0.429369	-1.4698	-0.033114	-1.11776	2.89726	1.66769	1.5729	1.05942	0.0591451	0.987437	-1.91627	2.64756	
-2.63253	2.13948	0.245133	-0.435519	-1.47025	-0.0350621	-1.12066	2.90696	1.67401	1.57752	1.05975	0.0642152	0.989925	-1.91608	2.65687	
-2.63626	2.14727	0.240305	-0.441531	-1.47069	-0.0369664	-1.1235	2.91643	1.68019	1.58204	1.06007	0.0691713	0.992357	-1.9159	2.66597	
-2.63989	2.15489	0.235587	-0.447407	-1.47112	-0.0388277	-1.12628	2.92569	1.68623	1.58645	1.06039	0.0740156	0.994734	-1.91572	2.67487	
-2.64345	2.16233	0.230976	-0.45315	-1.47154	-0.0406469	-1.12899	2.93474	1.69213	1.59077	1.0607	0.0787504	0.997057	-1.91554	2.68357	
-2.64693	2.1696	0.226468	-0.458764	-1.47195	-0.0424249	-1.13165	2.94359	1.6979	1.59498	1.061	0.0833778	0.999327	-1.91537	2.69207	
-2.65032	2.17671	0.222064	-0.464249	-1.47235	-0.0441625	-1.13424	2.95224	1.70354	1.59911	1.06129	0.0878999	1.00155	-1.9152	2.70038	
-2.65364	2.18365	0.21776	-0.46961	-1.47275	-0.0458604	-1.13677	2.96069	1.70905	1.60313	1.06158	0.092319	1.00371	-1.91503	2.70849	
-2.65688	2.19044	0.213554	-0.474848	-1.47313	-0.0475196	-1.13925	2.96894	1.71443	1.60707	1.06186	0.0966372	1.00583	-1.91487	2.71643	
-2.66005	2.19707	0.209444	-0.479966	-1.4735	-0.0491408	-1.14166	2.97701	1.71969	1.61091	1.06214	0.100857	1.0079	-1.91471	2.72418	
-2.66315	2.20355	0.205429	-0.484966	-1.47387	-0.0507248	-1.14403	2.98489	1.72483	1.61467	1.06241	0.104979	1.00993	-1.91456	2.73175	
-2.66617	2.20988	0.201506	-0.489852	-1.47423	-0.0522723	-1.14634	2.99259	1.72985	1.61834	1.06267	0.109007	1.0119	-1.91441	2.73915	
-2.66913	2.21607	0.197673	-0.494625	-1.47458	-0.0537843	-1.14859	3.00011	1.73476	1.62193	1.06292	0.112942	1.01383	-1.91426	2.74638	
-2.67202	2.22211	0.193929	-0.499288	-1.47492	-0.0552613	-1.15079	3.00746	1.73955	1.62543	1.06318	0.116786	1.01572	-1.91411	2.75344	
-2.67484	2.22801	0.190272	-0.503844	-1.47525	-0.0567042	-1.15295	3.01464	1.74423	1.62885	1.06342	0.120541	1.01756	-1.91397	2.76034	
-2.67759	2.23247	0.186486	-0.510144	-1.47506	-0.0542123	-1.15564	3.02297	1.75011	1.6293	1.06301	0.124887	1.01986	-1.91366	2.76582	
-2.68029	2.23807	0.182352	-0.515254	-1.475	-0.0550745	-1.15849	3.02942	1.75462	1.63317	1.06469	0.129899	1.02334	-1.91342	2.77268	
-2.68292	2.24354	0.178313	-0.520245	-1.47494	-0.0559167	-1.16128	3.03572	1.75902	1.63695	1.06633	0.134795	1.02673	-1.91319	2.77938	
-2.68548	2.24888	0.174368	-0.525121	-1.47489	-0.0567394	-1.164	3.04187	1.76332	1.64064	1.06794	0.139578	1.03005	-1.91296	2.78593	
-2.68799	2.2541	0.170514	-0.529884	-1.47483	-0.057543	-1.16665	3.04788	1.76752	1.64424	1.0695	0.14425	1.03329	-1.91273	2.79233	
-2.69045	2.2592	0.16675	-0.534535	-1.47478	-0.0583279	-1.16924	3.05376	1.77162	1.64776	1.07103	0.148813	1.03646	-1.91251	2.79857	
-2.69284	2.26418	0.163074	-0.539079	-1.47473	-0.0590946	-1.17178	3.05949	1.77563	1.6512	1.07253	0.15327	1.03955	-1.9123	2.80468	
-2.69518	2.26904	0.159483	-0.543516	-1.47468	-0.0598433	-1.17425	3.06509	1.77954	1.65456	1.07399	0.157623	1.04257	-1.91209	2.81064	
-2.69746	2.27379	0.155977	-0.54785	-1.47463	-0.0605745	-1.17667	3.07056	1.78336	1.65784	1.07541	0.161874	1.04552	-1.91188	2.81646	
-2.69969	2.27842	0.152552	-0.552082	-1.47458	-0.0612887	-1.17903	3.0759	1.78709	1.66104	1.0768	0.166025	1.0484	-1.91169	2.82214	
-2.70078	2.28069	0.15088	-0.554149	-1.47455	-0.0616374	-1.18018	3.07851	1.78891	1.66261	1.07748	0.168053	1.04981	-1.91159	2.82492	
-2.70192	2.28302	0.149139	-0.556733	-1.47473	-0.0639337	-1.17957	3.08095	1.79076	1.66242	1.07684	0.169811	1.04905	-1.91045	2.8284	
-2.68415	2.24536	0.162776	-0.516452	-1.46602	-0.0466736	-1.17849	3.02971	1.76345	1.65093	1.09242	0.145048	1.05332	-1.90476	2.78761	
-2.66638	2.20769	0.176418	-0.476157	-1.45731	-0.0294077	-1.17741	2.97846	1.73612	1.63945	1.10801	0.120278	1.05759	-1.89907	2.74681	
-2.6486	2.17002	0.190061	-0.43586	-1.4486	-0.0121408	-1.17633	2.9272	1.7088	1.62796	1.12359	0.0955057	1.06187	-1.89338	2.70601	
-2.63081	2.13247	0.202757	-0.395397	-1.43952	0.00350834	-1.17448	2.87504	1.68133	1.61624	1.1394	0.0707517	1.06566	-1.88665	2.66608	
-2.61302	2.09466	0.216971	-0.355475	-1.4313	0.0223166	-1.17415	2.82471	1.6541	1.60516	1.15452	0.0460205	1.07031	-1.882	2.6243	
-2.59523	2.05685	0.231188	-0.315547	-1.42307	0.0411278	-1.17383	2.77437	1.62686	1.59407	1.16965	0.0212854	1.07496	-1.87734	2.58251	
-2.57744	2.01904	0.245405	-0.275614	-1.41484	0.0599408	-1.1735	2.72403	1.59962	1.58297	1.18477	-0.00345196	1.07961	-1.87269	2.54072	
-2.55964	1.98135	0.258655	-0.235496	-1.40604	0.0771849	-1.17227	2.67277	1.57224	1.5716	1.20012	-0.0282132	1.08385	-1.86706	2.49983	
-2.54184	1.94343	0.273431	-0.196011	-1.39852	0.0974745	-1.17283	2.6234	1.54508	1.56097	1.21477	-0.0528601	1.0888	-1.86336	2.45705	
-2.52403	1.90549	0.288209	-0.15652	-1.391	0.117768	-1.17339	2.57402	1.51792	1.55034	1.22941	-0.0775117	1.09376	-1.85966	2.41425	
-2.50623	1.86755	0.302989	-0.117022	-1.38348	0.138064	-1.17395	2.52463	1.49075	1.53971	1.24406	-0.102167	1.09871	-1.85596	2.37145	
-2.48842	1.82974	0.316758	-0.0773411	-1.37519	0.156892	-1.17346	2.47431	1.46345	1.52875	1.25892	-0.126876	1.1033	-1.85134	2.32956	
-2.4706	1.79171	0.332079	-0.0383631	-1.36861	0.178525	-1.17504	2.42589	1.43634	1.51866	1.27306	-0.151393	1.10847	-1.84851	2.28577	
-2.45278	1.75367	0.347404	0.000624144	-1.36202	0.200164	-1.17662	2.37746	1.40923	1.50856	1.2872	-0.175916	1.11363	-1.84569	2.24196	
-2.43496	1.71563	0.362732	0.0396187	-1.35544	0.221806	-1.1782	2.32902	1.38211	1.49846	1.30134	-0.200443	1.1188	-1.84286	2.19815	
-2.41713	1.6777	0.376997	0.0787809	-1.34789	0.242128	-1.17859	2.27968	1.35486	1.48798	1.31569	-0.225046	1.12366	-1.83915	2.15522	
-2.3993	1.63959	0.392865	0.117189	-1.34246	0.264903	-1.18132	2.23218	1.32777	1.47848	1.32929	-0.249392	1.12894	-1.83714	2.11044	
-2.38146	1.60148	0.408737	0.155609	-1.33703	0.287686	-1.18405	2.18467	1.30066	1.46898	1.34289	-0.273746	1.13422	-1.83512	2.06564	
-2.36361	1.56336	0.424614	0.194037	-1.33159	0.310473	-1.18678	2.13714	1.27355	1.45947	1.3565	-0.298105	1.13951	-1.8331	2.02084	
-2.34577	1.52534	0.439371	0.232609	-1.32501	0.332124	-1.18819	2.08875	1.24632	1.44955	1.3703	-0.322552	1.14455	-1.83022	1.97688	
-2.32791	1.48719	0.455806	0.270385	-1.32092	0.355791	-1.19219	2.04212	1.21919	1.44069	1.38334	-0.346691	1.14986	-1.82896	1.93115	
-2.31005	1.44903	0.472246	0.308174	-1.31682	0.379467	-1.1962	1.99548	1.19206	1.43184	1.39639	-0.370837	1.15517	-1.82769	1.8854	
-2.29219	1.41086	0.488691	0.345974	-1.31273	0.403149	-1.2002	1.94882	1.16492	1.42298	1.40943	-0.39499	1.16048	-1.82643	1.83963	
-2.27432	1.37279	0.503955	0.383887	-1.30731	0.425902	-1.20276	1.90134	1.13765	1.41367	1.42266	-0.419239	1.1656	-1.82431	1.79467	
-2.25644	1.33463	0.520994	0.420962	-1.30469	0.450174	-1.20816	1.85552	1.11045	1.4055	1.43511	-0.44313	1.17084	-1.82376	1.74803	
-2.23856	1.29645	0.53804	0.458051	-1.30208	0.474456	-1.21356	1.80967	1.08324	1.39734	1.44756	-0.467031	1.17609	-1.82321	1.70138	
-2.22067	1.25826	0.555091	0.495152	-1.29946	0.498745	-1.21896	1.76382	1.05603	1.38917	1.46002	-0.49094	1.18134	-1.82266	1.65471	
-2.20277	1.22017	0.570894	0.532336	-1.29536	0.522327	-1.2228	1.71719	1.02869	1.38051	1.47265	-0.514949	1.18645	-1.82124	1.60878	
-2.18487	1.18203	0.588586	0.568629	-1.29432	0.546893	-1.2297	1.67209	1.00137	1.37307	1.48449	-0.538552	1.19154	-1.82138	1.56131	
-2.16695	1.14387	0.606286	0.604937	-1.29328	0.571468	-1.2366	1.62698	0.974039	1.36562	1.49633	-0.562165	1.19663	-1.82151	1.51381	
-2.14903	1.1057	0.623993	0.64126	-1.29224	0.596054	-1.2435	1.58185	0.946698	1.35817	1.50817	-0.585787	1.20172	-1.82165	1.46629	
-2.13111	1.06762	0.640385	0.677631	-1.28957	0.620158	-1.24875	1.536	0.919238	1.3502	1.52018	-0.609512	1.20674	-1.82088	1.41945	
-2.11317	1.02953	0.658783	0.713046	-1.29013	0.644689	-1.25726	1.49156	0.891749	1.34349	1.53137	-0.632775	1.21158	-1.82167	1.37119	
-2.09523	0.991429	0.67719	0.748479	-1.2907	0.669232	-1.26576	1.4471	0.864248	1.33678	1.54257	-0.656049	1.21643	-1.82247	1.32291	
-2.07727	0.953308	0.695605	0.783927	-1.29127	0.693786	-1.27427	1.40262	0.836734	1.33006	1.55378	-0.679334	1.22128	-1.82326	1.2746	
-2.05931	0.915279	0.712648	0.819387	-1.29008	0.718084	-1.28105	1.35748	0.809099	1.32281	1.56513	-0.702728	1.22613	-1.82311	1.22691	
-2.04134	0.877294	0.731799	0.853815	-1.29223	0.742249	-1.29124	1.31363	0.781383	1.31683	1.57566	-0.725587	1.23065	-1.82454	1.17792	
-2.02336	0.839289	0.750961	0.888262	-1.29437	0.766427	-1.30144	1.26975	0.753651	1.31086	1.5862	-0.748458	1.23517	-1.82596	1.1289	
-2.00537	0.801264	0.770132	0.922725	-1.29652	0.790618	-1.31164	1.22585	0.725905	1.30488	1.59674	-0.77134	1.2397	-1.82739	1.07986	
-1.98738	0.763327	0.78789	0.957163	-1.29681	0.814769	-1.32006	1.18135	0.69804	1.29836	1.60742	-0.794344	1.24429	-1.82783	1.03137	
-1.96937	0.725498	0.807823	0.990488	-1.30042	0.838244	-1.33201	1.13802	0.670023	1.29311	1.61727	-0.816721	1.24841	-1.82986	0.981691	
-1.95134	0.687646	0.827768	1.02383	-1.30403	0.861733	-1.34396	1.09467	0.64199	1.28786	1.62712	-0.83911	1.25254	-1.83188	0.931983	
-1.93331	0.649772	0.847725	1.0572	-1.30764	0.885235	-1.35592	1.05129	0.613941	1.28261	1.63698	-0.861513	1.25667	-1.83391	0.882248	
-1.91527	0.611975	0.866257	1.09049	-1.30933	0.908901	-1.36609	1.00736	0.585779	1.27682	1.64696	-0.884056	1.26095	-1.83491	0.833009	
-1.89722	0.57437	0.886971	1.12261	-1.31421	0.93139	-1.37982	0.964507	0.557379	1.27228	1.65611	-0.905859	1.26461	-1.83749	0.782676	
-1.87915	0.536741	0.907698	1.15474	-1.31909	0.953893	-1.39356	0.921629	0.52896	1.26773	1.66526	-0.927676	1.26828	-1.84008	0.732311	
-1.86108	0.499087	0.928438	1.1869	-1.32397	0.976411	-1.4073	0.878723	0.500523	1.26318	1.67442	-0.949507	1.27194	-1.84267	0.681913	
-1.84299	0.461491	0.947787	1.21894	-1.3269	0.999273	-1.41929	0.835303	0.471988	1.25811	1.68369	-0.971507	1.27586	-1.8442	0.631964	
-1.82488	0.42419	0.969236	1.24977	-1.33276	1.02053	-1.43478	0.792895	0.443107	1.25422	1.69214	-0.992639	1.27901	-1.8473	0.580995	
-1.80677	0.386862	0.990699	1.28063	-1.33862	1.04181	-1.45028	0.750457	0.414205	1.25033	1.7006	-1.01379	1.28216	-1.85041	0.529989	
-1.78864	0.349509	1.01218	1.31151	-1.34448	1.0631	-1.46579	0.707989	0.385284	1.24643	1.70906	-1.03495	1.28532	-1.85352	0.478949	
-1.7705	0.312185	1.03236	1.3422	-1.34842	1.08489	-1.47964	0.665036	0.356288	1.24205	1.71762	-1.05631	1.28882	-1.85554	0.428317	
-1.75235	0.275275	1.05445	1.37174	-1.35491	1.10477	-1.4968	0.623046	0.326824	1.23874	1.72539	-1.07668	1.29143	-1.85911	0.376717	
-1.73418	0.238336	1.07655	1.4013	-1.36139	1.12466	-1.51397	0.581024	0.297338	1.23543	1.73318	-1.09707	1.29403	-1.86269	0.325077	
-1.716	0.20137	1.09867	1.43089	-1.36788	1.14457	-1.53116	0.538971	0.26783	1.23212	1.74096	-1.11747	1.29665	-1.86627	0.273399	
-1.6978	0.164401	1.11965	1.46022	-1.37253	1.16508	-1.54685	0.496449	0.238278	1.22836	1.74881	-1.13811	1.2997	-1.86874	0.222102	
-1.67959	0.127966	1.14223	1.48853	-1.37924	1.18353	-1.56554	0.454865	0.208134	1.22555	1.75596	-1.15763	1.30174	-1.87273	0.169865	
-1.66137	0.0915016	1.16484	1.51686	-1.38595	1.202	-1.58425	0.413247	0.177965	1.22273	1.76311	-1.17718	1.30378	-1.87673	0.117585	
-1.64313	0.0550091	1.18746	1.54521	-1.39267	1.22048	-1.60298	0.371597	0.147774	1.2199	1.77027	-1.19673	1.30582	-1.88073	0.065264	
-1.62487	0.0184784	1.20915	1.57323	-1.39766	1.23961	-1.62041	0.32948	0.11757	1.2167	1.77745	-1.21657	1.3084	-1.88362	0.0133133	
-1.6066	-0.017405	1.23204	1.60047	-1.40421	1.25671	-1.64044	0.288297	0.0866604	1.21426	1.78404	-1.2352	1.30985	-1.88798	-0.0395771	
-1.58832	-0.0533182	1.25495	1.62773	-1.41077	1.27382	-1.66049	0.24708	0.0557253	1.21182	1.79063	-1.25385	1.31131	-1.89235	-0.0925116	
-1.57002	-0.08926	1.27788	1.65501	-1.41732	1.29094	-1.68055	0.20583	0.0247656	1.20938	1.79723	-1.27251	1.31276	-1.89673	-0.145488	
-1.56086	-0.0980211	1.28926	1.67646	-1.42558	1.29472	-1.68941	0.198202	1.72117e-05	1.21869	1.80064	-1.26927	1.2987	-1.90498	-0.185296	
-1.55169	-0.106782	1.30065	1.69791	-1.43383	1.29849	-1.69826	0.190575	-0.0247312	1.228	1.80405	-1.26603	1.28464	-1.91324	-0.225104	
