0.183462	2.7124	-1.31258	1.59291	1.39413	1.47182	1.53363	0.596854	0.18007	1.07772	0.0924221	-1.58417	0.0644419	-0.661466	1.28516	
0.119622	2.69037	-1.30792	1.55255	1.39863	1.43134	1.5061	0.477932	0.194877	1.03864	0.0740467	-1.56076	-0.00269148	-0.586342	1.23887	
0.0557814	2.66834	-1.30325	1.51218	1.40312	1.39087	1.47857	0.35901	0.209685	0.999551	0.0556713	-1.53735	-0.0698248	-0.511218	1.19257	
-0.008059	2.64631	-1.29859	1.47181	1.40762	1.3504	1.45105	0.240088	0.224493	0.960467	0.0372959	-1.51393	-0.136958	-0.436095	1.14628	
-0.0718994	2.62428	-1.29393	1.43145	1.41211	1.30993	1.42352	0.121166	0.2393	0.921383	0.0189205	-1.49052	-0.204091	-0.360971	1.09999	
-0.13574	2.60225	-1.28926	1.39108	1.41661	1.26945	1.396	0.00224402	0.254108	0.882298	0.000545126	-1.46711	-0.271225	-0.285847	1.0537	
-0.19958	2.58021	-1.2846	1.35071	1.4211	1.22898	1.36847	-0.116678	0.268915	0.843214	-0.0178303	-1.4437	-0.338358	-0.210723	1.00741	
-0.263421	2.55818	-1.27994	1.31034	1.42559	1.18851	1.34094	-0.2356	0.283723	0.80413	-0.0362057	-1.42028	-0.405491	-0.135599	0.961117	
-0.327261	2.53615	-1.27527	1.26998	1.43009	1.14804	1.31342	-0.354522	0.298531	0.765046	-0.0545811	-1.39687	-0.472625	-0.0604756	0.914826	
-0.391101	2.51412	-1.27061	1.22961	1.43458	1.10756	1.28589	-0.473444	0.313338	0.725961	-0.0729564	-1.37346	-0.539758	0.0146482	0.868534	
-0.454942	2.49209	-1.26595	1.18924	1.43908	1.06709	1.25837	-0.592366	0.328146	0.686877	-0.0913318	-1.35004	-0.606892	0.089772	0.822243	
-0.518782	2.47006	-1.26128	1.14888	1.44357	1.02662	1.23084	-0.711288	0.342953	0.647793	-0.109707	-1.32663	-0.674025	0.164896	0.775951	
-0.582623	2.44802	-1.25662	1.10851	1.44807	0.986147	1.20331	-0.830211	0.357761	0.608708	-0.128083	-1.30322	-0.741158	0.24002	0.72966	
-0.646463	2.42599	-1.25195	1.06814	1.45256	0.945675	1.17579	-0.949133	0.372569	0.569624	-0.146458	-1.27981	-0.808292	0.315143	0.683369	
-0.710303	2.40396	-1.24729	1.02778	1.45706	0.905202	1.14826	-1.06805	0.387376	0.53054	-0.164833	-1.25639	-0.875425	0.390267	0.637077	
-0.774144	2.38193	-1.24263	0.987409	1.46155	0.86473	1.12074	-1.18698	0.402184	0.491456	-0.183209	-1.23298	-0.942558	0.465391	0.590786	
-0.837984	2.3599	-1.23796	0.947042	1.46604	0.824257	1.09321	-1.3059	0.416991	0.452371	-0.201584	-1.20957	-1.00969	0.540515	0.544494	
-0.901824	2.33787	-1.2333	0.906675	1.47054	0.783785	1.06568	-1.42482	0.431799	0.413287	-0.21996	-1.18615	-1.07682	0.615638	0.498203	
-0.965665	2.31583	-1.22864	0.866308	1.47503	0.743312	1.03816	-1.54374	0.446607	0.374203	-0.238335	-1.16274	-1.14396	0.690762	0.451912	
-1.02951	2.2938	-1.22397	0.825942	1.47953	0.70284	1.01063	-1.66267	0.461414	0.335119	-0.25671	-1.13933	-1.21109	0.765886	0.40562	
-1.09335	2.27177	-1.21931	0.785575	1.48402	0.662368	0.983105	-1.78159	0.476222	0.296034	-0.275086	-1.11592	-1.27822	0.84101	0.359329	
-1.17831	2.22615	-1.20552	0.741818	1.48928	0.668323	0.969809	-1.84483	0.495659	0.184087	-0.317003	-1.07533	-1.2921	0.887538	0.406612	
-1.26328	2.18052	-1.19174	0.698061	1.49454	0.674278	0.956513	-1.90807	0.515096	0.0721391	-0.35892	-1.03475	-1.30598	0.934065	0.453896	
-1.34825	2.1349	-1.17795	0.654304	1.4998	0.680234	0.943218	-1.97131	0.534533	-0.0398084	-0.400837	-0.99417	-1.31985	0.980593	0.501179	
-1.43322	2.08928	-1.16416	0.610547	1.50505	0.686189	0.929922	-2.03455	0.55397	-0.151756	-0.442754	-0.953589	-1.33373	1.02712	0.548463	
-1.51819	2.04365	-1.15037	0.56679	1.51031	0.692145	0.916626	-2.09779	0.573407	-0.263704	-0.484671	-0.913007	-1.3476	1.07365	0.595746	
-1.60316	1.99803	-1.13659	0.523033	1.51557	0.6981	0.90333	-2.16103	0.592844	-0.375651	-0.526588	-0.872426	-1.36148	1.12018	0.64303	
-1.68813	1.95241	-1.1228	0.479276	1.52083	0.704056	0.890034	-2.22427	0.612282	-0.487599	-0.568505	-0.831844	-1.37535	1.1667	0.690313	
-1.7731	1.90678	-1.10901	0.435519	1.52609	0.710011	0.876738	-2.28751	0.631719	-0.599546	-0.610422	-0.791262	-1.38923	1.21323	0.737597	
-1.85807	1.86116	-1.09523	0.391763	1.53135	0.715967	0.863442	-2.35075	0.651156	-0.711494	-0.652339	-0.750681	-1.40311	1.25976	0.78488	
-1.94304	1.81554	-1.08144	0.348006	1.5366	0.721922	0.850146	-2.41399	0.670593	-0.823441	-0.694257	-0.710099	-1.41698	1.30629	0.832164	
-2.028	1.76991	-1.06765	0.304249	1.54186	0.727878	0.83685	-2.47723	0.69003	-0.935389	-0.736174	-0.669518	-1.43086	1.35281	0.879447	
-2.11297	1.72429	-1.05387	0.260492	1.54712	0.733833	0.823554	-2.54047	0.709467	-1.04734	-0.778091	-0.628936	-1.44473	1.39934	0.926731	
-2.19794	1.67867	-1.04008	0.216735	1.55238	0.739788	0.810258	-2.6037	0.728904	-1.15928	-0.820008	-0.588355	-1.45861	1.44587	0.974015	
-2.28291	1.63304	-1.02629	0.172978	1.55764	0.745744	0.796962	-2.66694	0.748341	-1.27123	-0.861925	-0.547773	-1.47248	1.4924	1.0213	
-2.23696	1.54818	-1.00606	0.173098	1.53632	0.725357	0.827079	-2.70679	0.711366	-1.30549	-0.79924	-0.454975	-1.38524	1.47048	1.02458	
-2.191	1.46331	-0.985821	0.173218	1.51501	0.704969	0.857196	-2.74664	0.67439	-1.33975	-0.736555	-0.362177	-1.29801	1.44856	1.02787	
-2.14504	1.37845	-0.965587	0.173338	1.4937	0.684582	0.887312	-2.78649	0.637415	-1.37401	-0.67387	-0.269379	-1.21077	1.42664	1.03115	
-2.09909	1.29359	-0.945352	0.173458	1.47239	0.664195	0.917429	-2.82634	0.60044	-1.40827	-0.611185	-0.17658	-1.12353	1.40472	1.03444	
-2.05313	1.20872	-0.925117	0.173578	1.45108	0.643807	0.947546	-2.86618	0.563464	-1.44253	-0.5485	-0.0837823	-1.03629	1.38281	1.03773	
-2.00718	1.12386	-0.904882	0.173698	1.42977	0.62342	0.977663	-2.90603	0.526489	-1.47679	-0.485815	0.00901586	-0.949054	1.36089	1.04101	
-1.96122	1.039	-0.884647	0.173817	1.40845	0.603033	1.00778	-2.94588	0.489514	-1.51105	-0.423131	0.101814	-0.861816	1.33897	1.0443	
-1.91527	0.954133	-0.864412	0.173937	1.38714	0.582645	1.0379	-2.98573	0.452538	-1.54532	-0.360446	0.194612	-0.774578	1.31705	1.04758	
-1.86931	0.869269	-0.844178	0.174057	1.36583	0.562258	1.06801	-3.02557	0.415563	-1.57958	-0.297761	0.28741	-0.68734	1.29513	1.05087	
-1.82336	0.784406	-0.823943	0.174177	1.34452	0.541871	1.09813	-3.06542	0.378588	-1.61384	-0.235076	0.380208	-0.600102	1.27321	1.05415	
-1.77279	0.733854	-0.827857	0.163766	1.3294	0.514046	1.10533	-3.06423	0.352739	-1.61863	-0.197461	0.387718	-0.543229	1.27285	1.04926	
-1.72223	0.683303	-0.831771	0.153355	1.31428	0.486222	1.11252	-3.06305	0.32689	-1.62343	-0.159846	0.395228	-0.486355	1.27249	1.04436	
-1.62841	0.601304	-0.853092	0.130733	1.29288	0.433475	1.11069	-3.03076	0.278456	-1.61488	-0.10545	0.347176	-0.400618	1.28662	1.03579	
-1.5346	0.519306	-0.874413	0.108111	1.27147	0.380728	1.10886	-2.99846	0.230022	-1.60634	-0.0510533	0.299123	-0.314882	1.30074	1.02721	
-1.44078	0.437307	-0.895734	0.0854888	1.25007	0.327981	1.10703	-2.96617	0.181589	-1.59779	0.00334296	0.25107	-0.229145	1.31486	1.01864	
-1.34697	0.355308	-0.917054	0.0628669	1.22867	0.275235	1.1052	-2.93388	0.133155	-1.58925	0.0577392	0.203018	-0.143408	1.32898	1.01007	
-1.25315	0.27331	-0.938375	0.040245	1.20727	0.222488	1.10337	-2.90159	0.0847207	-1.58071	0.112135	0.154965	-0.0576707	1.3431	1.00149	
-1.15934	0.191311	-0.959696	0.0176231	1.18587	0.169741	1.10154	-2.8693	0.0362868	-1.57216	0.166532	0.106913	0.0280663	1.35722	0.992916	
-1.06552	0.109312	-0.981016	-0.0049988	1.16447	0.116994	1.09971	-2.83701	-0.0121471	-1.56362	0.220928	0.0588602	0.113803	1.37134	0.984342	
-0.971707	0.0273137	-1.00234	-0.0276207	1.14307	0.0642469	1.09787	-2.80472	-0.0605811	-1.55508	0.275324	0.0108076	0.19954	1.38546	0.975767	
-0.877892	-0.054685	-1.02366	-0.0502426	1.12167	0.0115	1.09604	-2.77243	-0.109015	-1.54653	0.329721	-0.0372449	0.285277	1.39958	0.967193	
-0.784077	-0.136684	-1.04498	-0.0728645	1.10026	-0.0412469	1.09421	-2.74014	-0.157449	-1.53799	0.384117	-0.0852975	0.371014	1.4137	0.958618	
-0.690262	-0.218682	-1.0663	-0.0954864	1.07886	-0.0939938	1.09238	-2.70785	-0.205883	-1.52945	0.438513	-0.13335	0.456751	1.42782	0.950044	
-0.596448	-0.300681	-1.08762	-0.118108	1.05746	-0.146741	1.09055	-2.67556	-0.254317	-1.5209	0.492909	-0.181403	0.542488	1.44194	0.941469	
-0.502633	-0.38268	-1.10894	-0.14073	1.03606	-0.199488	1.08872	-2.64327	-0.302751	-1.51236	0.547306	-0.229455	0.628225	1.45606	0.932895	
-0.408818	-0.464678	-1.13026	-0.163352	1.01466	-0.252234	1.08689	-2.61098	-0.351185	-1.50381	0.601702	-0.277508	0.713962	1.47018	0.92432	
-0.394168	-0.585412	-1.12209	-0.156127	1.04721	-0.243413	1.06368	-2.5683	-0.450011	-1.49835	0.651196	-0.329226	0.762817	1.47138	0.981634	
-0.379518	-0.706146	-1.11392	-0.148902	1.07976	-0.234591	1.04047	-2.52562	-0.548837	-1.49289	0.70069	-0.380944	0.811671	1.47258	1.03895	
-0.364868	-0.82688	-1.10575	-0.141677	1.11231	-0.225769	1.01727	-2.48294	-0.647663	-1.48743	0.750185	-0.432662	0.860526	1.47378	1.09626	
-0.350217	-0.947613	-1.09759	-0.134451	1.14486	-0.216947	0.994058	-2.44026	-0.74649	-1.48196	0.799679	-0.484381	0.90938	1.47498	1.15357	
-0.335567	-1.06835	-1.08942	-0.127226	1.17742	-0.208125	0.97085	-2.39758	-0.845316	-1.4765	0.849173	-0.536099	0.958235	1.47618	1.21089	
-0.320917	-1.18908	-1.08125	-0.120001	1.20997	-0.199303	0.947643	-2.3549	-0.944142	-1.47104	0.898668	-0.587817	1.00709	1.47738	1.2682	
-0.306267	-1.30981	-1.07308	-0.112776	1.24252	-0.190481	0.924435	-2.31222	-1.04297	-1.46557	0.948162	-0.639535	1.05594	1.47858	1.32551	
-0.291617	-1.43055	-1.06491	-0.105551	1.27507	-0.18166	0.901228	-2.26954	-1.14179	-1.46011	0.997656	-0.691254	1.1048	1.47978	1.38283	
-0.276967	-1.55128	-1.05674	-0.0983254	1.30762	-0.172838	0.87802	-2.22686	-1.24062	-1.45465	1.04715	-0.742972	1.15365	1.48099	1.44014	
-0.262317	-1.67202	-1.04857	-0.0911002	1.34017	-0.164016	0.854813	-2.18417	-1.33945	-1.44918	1.09665	-0.79469	1.20251	1.48219	1.49745	
-0.247667	-1.79275	-1.0404	-0.083875	1.37272	-0.155194	0.831605	-2.14149	-1.43827	-1.44372	1.14614	-0.846408	1.25136	1.48339	1.55477	
-0.233017	-1.91348	-1.03223	-0.0766498	1.40527	-0.146372	0.808398	-2.09881	-1.5371	-1.43826	1.19563	-0.898127	1.30022	1.48459	1.61208	
-0.218367	-2.03422	-1.02407	-0.0694246	1.43782	-0.13755	0.78519	-2.05613	-1.63593	-1.4328	1.24513	-0.949845	1.34907	1.48579	1.6694	
-0.203717	-2.15495	-1.0159	-0.0621994	1.47038	-0.128728	0.761983	-2.01345	-1.73475	-1.42733	1.29462	-1.00156	1.39793	1.48699	1.72671	
-0.189067	-2.27569	-1.00773	-0.0549742	1.50293	-0.119907	0.738775	-1.97077	-1.83358	-1.42187	1.34412	-1.05328	1.44678	1.48819	1.78402	
-0.174416	-2.39642	-0.999559	-0.047749	1.53548	-0.111085	0.715568	-1.92809	-1.9324	-1.41641	1.39361	-1.105	1.49564	1.48939	1.84134	
-0.159766	-2.51715	-0.99139	-0.0405239	1.56803	-0.102263	0.69236	-1.88541	-2.03123	-1.41094	1.44311	-1.15672	1.54449	1.49059	1.89865	
-0.145116	-2.63789	-0.983222	-0.0332987	1.60058	-0.093441	0.669153	-1.84273	-2.13006	-1.40548	1.4926	-1.20844	1.59334	1.49179	1.95596	
-0.130466	-2.75862	-0.975053	-0.0260735	1.63313	-0.0846191	0.645945	-1.80005	-2.22888	-1.40002	1.54209	-1.26015	1.6422	1.49299	2.01328	
-0.115816	-2.87935	-0.966884	-0.0188483	1.66568	-0.0757972	0.622738	-1.75737	-2.32771	-1.39456	1.59159	-1.31187	1.69105	1.49419	2.07059	
