-1.55169	-0.103588	1.29079	1.70739	-1.48568	1.28674	-1.7076	-3.0239	-0.0151417	1.22785	1.81457	-1.30063	1.26594	-1.91463	-2.97141	
-1.5113	-0.0978792	1.28458	1.70324	-1.45663	1.30261	-1.70368	-2.96938	-0.03044	1.23179	1.79793	-1.29145	1.25148	-1.91285	-2.91399	
-1.47091	-0.0921699	1.27836	1.69909	-1.42757	1.31848	-1.69976	-2.91485	-0.0457383	1.23573	1.78129	-1.28228	1.23702	-1.91107	-2.85657	
-1.43052	-0.0864607	1.27215	1.69493	-1.39852	1.33435	-1.69583	-2.86033	-0.0610367	1.23966	1.76465	-1.2731	1.22256	-1.9093	-2.79914	
-1.39013	-0.0807514	1.26594	1.69078	-1.36947	1.35023	-1.69191	-2.80581	-0.076335	1.2436	1.74801	-1.26392	1.2081	-1.90752	-2.74172	
-1.34974	-0.0750422	1.25972	1.68662	-1.34041	1.3661	-1.68799	-2.75129	-0.0916333	1.24754	1.73138	-1.25475	1.19363	-1.90574	-2.6843	
-1.30935	-0.0693329	1.25351	1.68247	-1.31136	1.38197	-1.68407	-2.69676	-0.106932	1.25148	1.71474	-1.24557	1.17917	-1.90397	-2.62687	
-1.26896	-0.0636237	1.2473	1.67831	-1.28231	1.39784	-1.68015	-2.64224	-0.12223	1.25542	1.6981	-1.23639	1.16471	-1.90219	-2.56945	
-1.22857	-0.0579144	1.24108	1.67416	-1.25325	1.41371	-1.67622	-2.58772	-0.137528	1.25935	1.68146	-1.22721	1.15025	-1.90042	-2.51203	
-1.18818	-0.0522052	1.23487	1.67	-1.2242	1.42959	-1.6723	-2.5332	-0.152827	1.26329	1.66482	-1.21804	1.13578	-1.89864	-2.4546	
-1.14779	-0.0464959	1.22866	1.66585	-1.19515	1.44546	-1.66838	-2.47867	-0.168125	1.26723	1.64818	-1.20886	1.12132	-1.89686	-2.39718	
-1.1074	-0.0407867	1.22245	1.66169	-1.16609	1.46133	-1.66446	-2.42415	-0.183423	1.27117	1.63155	-1.19968	1.10686	-1.89509	-2.33976	
-1.06701	-0.0350774	1.21623	1.65754	-1.13704	1.4772	-1.66053	-2.36963	-0.198722	1.27511	1.61491	-1.1905	1.0924	-1.89331	-2.28234	
-1.02662	-0.0293682	1.21002	1.65338	-1.10799	1.49307	-1.65661	-2.31511	-0.21402	1.27904	1.59827	-1.18133	1.07794	-1.89153	-2.22491	
-0.986231	-0.0236589	1.20381	1.64923	-1.07894	1.50895	-1.65269	-2.26058	-0.229318	1.28298	1.58163	-1.17215	1.06347	-1.88976	-2.16749	
-0.945841	-0.0179497	1.19759	1.64507	-1.04988	1.52482	-1.64877	-2.20606	-0.244617	1.28692	1.56499	-1.16297	1.04901	-1.88798	-2.11007	
-0.905451	-0.0122404	1.19138	1.64092	-1.02083	1.54069	-1.64485	-2.15154	-0.259915	1.29086	1.54835	-1.1538	1.03455	-1.88621	-2.05264	
-0.865061	-0.00653115	1.18517	1.63676	-0.991775	1.55656	-1.64092	-2.09702	-0.275213	1.2948	1.53172	-1.14462	1.02009	-1.88443	-1.99522	
-0.824671	-0.000821896	1.17895	1.63261	-0.962722	1.57243	-1.637	-2.04249	-0.290512	1.29873	1.51508	-1.13544	1.00563	-1.88265	-1.9378	
-0.784281	0.00488736	1.17274	1.62846	-0.933669	1.58831	-1.63308	-1.98797	-0.30581	1.30267	1.49844	-1.12626	0.991163	-1.88088	-1.88037	
-0.743891	0.0105966	1.16653	1.6243	-0.904615	1.60418	-1.62916	-1.93345	-0.321108	1.30661	1.4818	-1.11709	0.976701	-1.8791	-1.82295	
-0.703501	0.0163059	1.16031	1.62015	-0.875562	1.62005	-1.62524	-1.87893	-0.336407	1.31055	1.46516	-1.10791	0.962239	-1.87732	-1.76553	
-0.663111	0.0220151	1.1541	1.61599	-0.846509	1.63592	-1.62131	-1.8244	-0.351705	1.31449	1.44852	-1.09873	0.947777	-1.87555	-1.7081	
-0.622722	0.0277244	1.14789	1.61184	-0.817456	1.65179	-1.61739	-1.76988	-0.367003	1.31842	1.43188	-1.08955	0.933315	-1.87377	-1.65068	
-0.582332	0.0334336	1.14167	1.60768	-0.788402	1.66767	-1.61347	-1.71536	-0.382302	1.32236	1.41525	-1.08038	0.918853	-1.872	-1.59326	
-0.541942	0.0391429	1.13546	1.60353	-0.759349	1.68354	-1.60955	-1.66084	-0.3976	1.3263	1.39861	-1.0712	0.904391	-1.87022	-1.53583	
-0.501552	0.0448521	1.12925	1.59937	-0.730296	1.69941	-1.60562	-1.60631	-0.412898	1.33024	1.38197	-1.06202	0.889928	-1.86844	-1.47841	
-0.461162	0.0505614	1.12304	1.59522	-0.701242	1.71528	-1.6017	-1.55179	-0.428197	1.33418	1.36533	-1.05285	0.875466	-1.86667	-1.42099	
-0.420772	0.0562706	1.11682	1.59106	-0.672189	1.73115	-1.59778	-1.49727	-0.443495	1.33811	1.34869	-1.04367	0.861004	-1.86489	-1.36357	
-0.380382	0.0619799	1.11061	1.58691	-0.643136	1.74703	-1.59386	-1.44275	-0.458793	1.34205	1.33205	-1.03449	0.846542	-1.86311	-1.30614	
-0.339992	0.0676891	1.1044	1.58275	-0.614083	1.7629	-1.58994	-1.38822	-0.474091	1.34599	1.31542	-1.02531	0.83208	-1.86134	-1.24872	
-0.299602	0.0733984	1.09818	1.5786	-0.585029	1.77877	-1.58601	-1.3337	-0.48939	1.34993	1.29878	-1.01614	0.817618	-1.85956	-1.1913	
-0.259212	0.0791076	1.09197	1.57444	-0.555976	1.79464	-1.58209	-1.27918	-0.504688	1.35387	1.28214	-1.00696	0.803156	-1.85779	-1.13387	
-0.218822	0.0848169	1.08576	1.57029	-0.526923	1.81051	-1.57817	-1.22466	-0.519986	1.3578	1.2655	-0.997782	0.788694	-1.85601	-1.07645	
-0.178432	0.0905261	1.07954	1.56613	-0.497869	1.82639	-1.57425	-1.17013	-0.535285	1.36174	1.24886	-0.988604	0.774231	-1.85423	-1.01903	
-0.138042	0.0962354	1.07333	1.56198	-0.468816	1.84226	-1.57033	-1.11561	-0.550583	1.36568	1.23222	-0.979427	0.759769	-1.85246	-0.961603	
-0.0976525	0.101945	1.06712	1.55783	-0.439763	1.85813	-1.5664	-1.06109	-0.565881	1.36962	1.21559	-0.97025	0.745307	-1.85068	-0.90418	
-0.0572626	0.107654	1.0609	1.55367	-0.41071	1.874	-1.56248	-1.00657	-0.58118	1.37356	1.19895	-0.961073	0.730845	-1.8489	-0.846757	
-0.0168726	0.113363	1.05469	1.54952	-0.381656	1.88987	-1.55856	-0.952043	-0.596478	1.37749	1.18231	-0.951895	0.716383	-1.84713	-0.789334	
0.0235173	0.119072	1.04848	1.54536	-0.352603	1.90575	-1.55464	-0.89752	-0.611776	1.38143	1.16567	-0.942718	0.701921	-1.84535	-0.731911	
0.0639072	0.124782	1.04227	1.54121	-0.32355	1.92162	-1.55072	-0.842998	-0.627075	1.38537	1.14903	-0.933541	0.687459	-1.84358	-0.674488	
0.104297	0.130491	1.03605	1.53705	-0.294497	1.93749	-1.54679	-0.788475	-0.642373	1.38931	1.13239	-0.924364	0.672996	-1.8418	-0.617064	
0.144687	0.1362	1.02984	1.5329	-0.265443	1.95336	-1.54287	-0.733952	-0.657671	1.39325	1.11576	-0.915186	0.658534	-1.84002	-0.559641	
0.185077	0.141909	1.02363	1.52874	-0.23639	1.96923	-1.53895	-0.67943	-0.67297	1.39718	1.09912	-0.906009	0.644072	-1.83825	-0.502218	
0.225467	0.147619	1.01741	1.52459	-0.207337	1.98511	-1.53503	-0.624907	-0.688268	1.40112	1.08248	-0.896832	0.62961	-1.83647	-0.444795	
0.265857	0.153328	1.0112	1.52043	-0.178283	2.00098	-1.5311	-0.570385	-0.703566	1.40506	1.06584	-0.887655	0.615148	-1.83469	-0.387372	
0.306247	0.159037	1.00499	1.51628	-0.14923	2.01685	-1.52718	-0.515862	-0.718865	1.409	1.0492	-0.878477	0.600686	-1.83292	-0.329949	
0.346637	0.164746	0.998773	1.51212	-0.120177	2.03272	-1.52326	-0.46134	-0.734163	1.41294	1.03256	-0.8693	0.586224	-1.83114	-0.272526	
0.387027	0.170456	0.99256	1.50797	-0.0911235	2.04859	-1.51934	-0.406817	-0.749461	1.41687	1.01593	-0.860123	0.571762	-1.82937	-0.215103	
0.427417	0.176165	0.986347	1.50381	-0.0620702	2.06447	-1.51542	-0.352295	-0.76476	1.42081	0.999288	-0.850946	0.557299	-1.82759	-0.157679	
0.467806	0.181874	0.980134	1.49966	-0.033017	2.08034	-1.51149	-0.297772	-0.780058	1.42475	0.982649	-0.841768	0.542837	-1.82581	-0.100256	
0.508196	0.187583	0.973921	1.4955	-0.00396368	2.09621	-1.50757	-0.24325	-0.795356	1.42869	0.966011	-0.832591	0.528375	-1.82404	-0.0428332	
0.548586	0.193293	0.967708	1.49135	0.0250896	2.11208	-1.50365	-0.188727	-0.810655	1.43263	0.949373	-0.823414	0.513913	-1.82226	0.01459	
0.588976	0.199002	0.961495	1.4872	0.0541429	2.12795	-1.49973	-0.134205	-0.825953	1.43656	0.932734	-0.814236	0.499451	-1.82048	0.0720131	
0.629366	0.204711	0.955282	1.48304	0.0831962	2.14383	-1.49581	-0.0796821	-0.841251	1.4405	0.916096	-0.805059	0.484989	-1.81871	0.129436	
0.669756	0.21042	0.949069	1.47889	0.112249	2.1597	-1.49188	-0.0251596	-0.85655	1.44444	0.899458	-0.795882	0.470527	-1.81693	0.186859	
0.710146	0.21613	0.942856	1.47473	0.141303	2.17557	-1.48796	0.029363	-0.871848	1.44838	0.882819	-0.786705	0.456065	-1.81516	0.244282	
0.750536	0.221839	0.936642	1.47058	0.170356	2.19144	-1.48404	0.0838855	-0.887146	1.45232	0.866181	-0.777527	0.441602	-1.81338	0.301706	
0.790926	0.227548	0.930429	1.46642	0.199409	2.20731	-1.48012	0.138408	-0.902445	1.45625	0.849542	-0.76835	0.42714	-1.8116	0.359129	
0.831316	0.233257	0.924216	1.46227	0.228463	2.22319	-1.4762	0.192931	-0.917743	1.46019	0.832904	-0.759173	0.412678	-1.80983	0.416552	
0.871706	0.238967	0.918003	1.45811	0.257516	2.23906	-1.47227	0.247453	-0.933041	1.46413	0.816266	-0.749996	0.398216	-1.80805	0.473975	
0.912096	0.244676	0.91179	1.45396	0.286569	2.25493	-1.46835	0.301976	-0.94834	1.46807	0.799627	-0.740818	0.383754	-1.80627	0.531398	
0.952486	0.250385	0.905577	1.4498	0.315622	2.2708	-1.46443	0.356498	-0.963638	1.47201	0.782989	-0.731641	0.369292	-1.8045	0.588821	
0.992876	0.256094	0.899364	1.44565	0.344676	2.28667	-1.46051	0.411021	-0.978936	1.47594	0.766351	-0.722464	0.35483	-1.80272	0.646244	
1.03327	0.261804	0.893151	1.44149	0.373729	2.30254	-1.45658	0.465543	-0.994235	1.47988	0.749712	-0.713287	0.340368	-1.80095	0.703667	
1.07366	0.267513	0.886938	1.43734	0.402782	2.31842	-1.45266	0.520066	-1.00953	1.48382	0.733074	-0.704109	0.325905	-1.79917	0.761091	
1.11405	0.273222	0.880725	1.43318	0.431836	2.33429	-1.44874	0.574588	-1.02483	1.48776	0.716436	-0.694932	0.311443	-1.79739	0.818514	
1.15444	0.278931	0.874511	1.42903	0.460889	2.35016	-1.44482	0.629111	-1.04013	1.4917	0.699797	-0.685755	0.296981	-1.79562	0.875937	
1.19483	0.284641	0.868298	1.42487	0.489942	2.36603	-1.4409	0.683633	-1.05543	1.49563	0.683159	-0.676577	0.282519	-1.79384	0.93336	
1.23522	0.29035	0.862085	1.42072	0.518995	2.3819	-1.43697	0.738156	-1.07073	1.49957	0.666521	-0.6674	0.268057	-1.79206	0.990783	
1.27561	0.296059	0.855872	1.41657	0.548049	2.39778	-1.43305	0.792678	-1.08602	1.50351	0.649882	-0.658223	0.253595	-1.79029	1.04821	
1.31599	0.301768	0.849659	1.41241	0.577102	2.41365	-1.42913	0.847201	-1.10132	1.50745	0.633244	-0.649046	0.239133	-1.78851	1.10563	
1.35638	0.307478	0.843446	1.40826	0.606155	2.42952	-1.42521	0.901723	-1.11662	1.51139	0.616605	-0.639868	0.22467	-1.78674	1.16305	
1.39677	0.313187	0.837233	1.4041	0.635209	2.44539	-1.42129	0.956246	-1.13192	1.51532	0.599967	-0.630691	0.210208	-1.78496	1.22048	
1.43716	0.318896	0.83102	1.39995	0.664262	2.46126	-1.41736	1.01077	-1.14722	1.51926	0.583329	-0.621514	0.195746	-1.78318	1.2779	
1.47755	0.324605	0.824807	1.39579	0.693315	2.47714	-1.41344	1.06529	-1.16252	1.5232	0.56669	-0.612337	0.181284	-1.78141	1.33532	
1.51794	0.330315	0.818593	1.39164	0.722368	2.49301	-1.40952	1.11981	-1.17781	1.52714	0.550052	-0.603159	0.166822	-1.77963	1.39274	
1.55833	0.336024	0.81238	1.38748	0.751422	2.50888	-1.4056	1.17434	-1.19311	1.53108	0.533414	-0.593982	0.15236	-1.77785	1.45017	
1.59872	0.341733	0.806167	1.38333	0.780475	2.52475	-1.40167	1.22886	-1.20841	1.53501	0.516775	-0.584805	0.137898	-1.77608	1.50759	
1.63911	0.347442	0.799954	1.37917	0.809528	2.54062	-1.39775	1.28338	-1.22371	1.53895	0.500137	-0.575628	0.123436	-1.7743	1.56501	
1.6795	0.353152	0.793741	1.37502	0.838582	2.5565	-1.39383	1.3379	-1.23901	1.54289	0.483499	-0.56645	0.108973	-1.77253	1.62244	
1.71989	0.358861	0.787528	1.37086	0.867635	2.57237	-1.38991	1.39243	-1.25431	1.54683	0.46686	-0.557273	0.0945113	-1.77075	1.67986	
1.76028	0.36457	0.781315	1.36671	0.896688	2.58824	-1.38599	1.44695	-1.2696	1.55077	0.450222	-0.548096	0.0800492	-1.76897	1.73728	
1.80067	0.370279	0.775102	1.36255	0.925741	2.60411	-1.38206	1.50147	-1.2849	1.5547	0.433584	-0.538919	0.0655871	-1.7672	1.79471	
1.84106	0.375989	0.768889	1.3584	0.954795	2.61998	-1.37814	1.55599	-1.3002	1.55864	0.416945	-0.529741	0.0511249	-1.76542	1.85213	
1.88145	0.381698	0.762676	1.35424	0.983848	2.63586	-1.37422	1.61052	-1.3155	1.56258	0.400307	-0.520564	0.0366628	-1.76364	1.90955	
1.92184	0.387407	0.756462	1.35009	1.0129	2.65173	-1.3703	1.66504	-1.3308	1.56652	0.383668	-0.511387	0.0222007	-1.76187	1.96698	
1.96223	0.393116	0.750249	1.34594	1.04195	2.6676	-1.36638	1.71956	-1.3461	1.57046	0.36703	-0.502209	0.00773855	-1.76009	2.0244	
2.00262	0.398826	0.744036	1.34178	1.07101	2.68347	-1.36245	1.77408	-1.36139	1.57439	0.350392	-0.493032	-0.00672358	-1.75832	2.08182	
2.04301	0.404535	0.737823	1.33763	1.10006	2.69934	-1.35853	1.82861	-1.37669	1.57833	0.333753	-0.483855	-0.0211857	-1.75654	2.13925	
2.0834	0.410244	0.73161	1.33347	1.12911	2.71522	-1.35461	1.88313	-1.39199	1.58227	0.317115	-0.474678	-0.0356478	-1.75476	2.19667	
2.12379	0.415953	0.725397	1.32932	1.15817	2.73109	-1.35069	1.93765	-1.40729	1.58621	0.300477	-0.4655	-0.05011	-1.75299	2.25409	
2.16418	0.421663	0.719184	1.32516	1.18722	2.74696	-1.34677	1.99217	-1.42259	1.59015	0.283838	-0.456323	-0.0645721	-1.75121	2.31151	
2.20457	0.427372	0.712971	1.32101	1.21627	2.76283	-1.34284	2.0467	-1.43789	1.59408	0.2672	-0.447146	-0.0790342	-1.74943	2.36894	
2.24496	0.433081	0.706758	1.31685	1.24533	2.7787	-1.33892	2.10122	-1.45318	1.59802	0.250562	-0.437969	-0.0934964	-1.74766	2.42636	
2.28535	0.43879	0.700544	1.3127	1.27438	2.79458	-1.335	2.15574	-1.46848	1.60196	0.233923	-0.428791	-0.107958	-1.74588	2.48378	
2.32574	0.4445	0.694331	1.30854	1.30343	2.81045	-1.33108	2.21026	-1.48378	1.6059	0.217285	-0.419614	-0.122421	-1.74411	2.54121	
2.36613	0.450209	0.688118	1.30439	1.33249	2.82632	-1.32715	2.26479	-1.49908	1.60984	0.200647	-0.410437	-0.136883	-1.74233	2.59863	
2.40652	0.455918	0.681905	1.30023	1.36154	2.84219	-1.32323	2.31931	-1.51438	1.61377	0.184008	-0.40126	-0.151345	-1.74055	2.65605	
2.44691	0.461628	0.675692	1.29608	1.39059	2.85806	-1.31931	2.37383	-1.52968	1.61771	0.16737	-0.392082	-0.165807	-1.73878	2.71348	
2.4873	0.467337	0.669479	1.29192	1.41965	2.87394	-1.31539	2.42835	-1.54497	1.62165	0.150731	-0.382905	-0.180269	-1.737	2.7709	
2.52769	0.473046	0.663266	1.28777	1.4487	2.88981	-1.31147	2.48288	-1.56027	1.62559	0.134093	-0.373728	-0.194731	-1.73522	2.82832	
2.56338	0.478135	0.657661	1.28405	1.47441	2.90393	-1.30797	2.53104	-1.57383	1.6291	0.119362	-0.365591	-0.2075	-1.73366	2.87907	
2.59906	0.483223	0.652057	1.28034	1.50012	2.91805	-1.30448	2.57919	-1.58739	1.6326	0.104631	-0.357455	-0.220268	-1.73209	2.92982	
2.63475	0.488312	0.646453	1.27662	1.52582	2.93217	-1.30099	2.62735	-1.60096	1.63611	0.0899006	-0.349319	-0.233037	-1.73053	2.98057	
2.67043	0.493401	0.640848	1.2729	1.55153	2.94629	-1.29749	2.67551	-1.61452	1.63961	0.0751698	-0.341182	-0.245805	-1.72896	3.03131	
2.70612	0.49849	0.635244	1.26918	1.57724	2.96041	-1.294	2.72367	-1.62808	1.64312	0.060439	-0.333046	-0.258574	-1.72739	3.08206	
2.7418	0.503578	0.629639	1.26547	1.60295	2.97453	-1.29051	2.77183	-1.64164	1.64663	0.0457081	-0.324909	-0.271342	-1.72583	3.13281	
2.75254	0.505171	0.627793	1.26429	1.61073	2.97891	-1.28942	2.78629	-1.64578	1.64772	0.0412357	-0.322423	-0.275169	-1.72536	3.14809	
2.75307	0.505268	0.627657	1.26421	1.61113	2.97916	-1.28935	2.78701	-1.646	1.64778	0.0410004	-0.322288	-0.275357	-1.72534	3.14886	
2.7531	0.505278	0.627635	1.2642	1.61116	2.97919	-1.28935	2.78704	-1.64602	1.64779	0.0409847	-0.322278	-0.275365	-1.72534	3.1489	
2.7531	0.505283	0.627624	1.26419	1.61116	2.9792	-1.28934	2.78704	-1.64602	1.64779	0.0409813	-0.322275	-0.275365	-1.72534	3.1489	
2.7531	0.505284	0.62762	1.26419	1.61116	2.9792	-1.28934	2.78704	-1.64603	1.64779	0.0409801	-0.322274	-0.275365	-1.72534	3.1489	
2.7531	0.505285	0.627619	1.26419	1.61117	2.9792	-1.28934	2.78704	-1.64603	1.64779	0.0409798	-0.322274	-0.275365	-1.72534	3.1489	
2.71723	0.497338	0.633084	1.26834	1.58361	2.96478	-1.29302	2.73966	-1.63605	1.64419	0.05643	-0.332734	-0.263329	-1.72658	3.09896	
2.68135	0.489391	0.638549	1.27249	1.55606	2.95036	-1.2967	2.69227	-1.62607	1.6406	0.0718802	-0.343194	-0.251293	-1.72782	3.04902	
2.64548	0.481444	0.644014	1.27663	1.5285	2.93594	-1.30038	2.64489	-1.61609	1.637	0.0873303	-0.353655	-0.239257	-1.72907	2.99908	
2.60961	0.473497	0.649479	1.28078	1.50095	2.92153	-1.30406	2.5975	-1.60612	1.6334	0.102781	-0.364115	-0.227221	-1.73031	2.94915	
2.57373	0.465551	0.654944	1.28493	1.47339	2.90711	-1.30774	2.55011	-1.59614	1.6298	0.118231	-0.374575	-0.215186	-1.73155	2.89921	
2.53786	0.457604	0.66041	1.28907	1.44584	2.89269	-1.31142	2.50273	-1.58616	1.6262	0.133681	-0.385036	-0.20315	-1.73279	2.84927	
2.49737	0.448634	0.666579	1.29375	1.41473	2.87641	-1.31558	2.44924	-1.5749	1.62214	0.15112	-0.396843	-0.189565	-1.73419	2.7929	
2.45688	0.439664	0.672748	1.29843	1.38363	2.86014	-1.31973	2.39576	-1.56364	1.61808	0.168559	-0.40865	-0.17598	-1.7356	2.73653	
2.41639	0.430694	0.678917	1.30311	1.35253	2.84386	-1.32389	2.34227	-1.55238	1.61402	0.185998	-0.420456	-0.162395	-1.737	2.68016	
2.3759	0.421725	0.685086	1.30779	1.32143	2.82759	-1.32804	2.28879	-1.54111	1.60995	0.203437	-0.432263	-0.14881	-1.7384	2.6238	
2.33541	0.412755	0.691255	1.31248	1.29033	2.81131	-1.33219	2.2353	-1.52985	1.60589	0.220875	-0.44407	-0.135225	-1.7398	2.56743	
2.29492	0.403785	0.697424	1.31716	1.25922	2.79504	-1.33635	2.18182	-1.51859	1.60183	0.238314	-0.455877	-0.121641	-1.7412	2.51106	
2.25443	0.394815	0.703593	1.32184	1.22812	2.77876	-1.3405	2.12833	-1.50733	1.59777	0.255753	-0.467684	-0.108056	-1.74261	2.45469	
2.21394	0.385845	0.709762	1.32652	1.19702	2.76248	-1.34466	2.07485	-1.49607	1.59371	0.273192	-0.479491	-0.0944708	-1.74401	2.39833	
2.17345	0.376875	0.715931	1.3312	1.16592	2.74621	-1.34881	2.02136	-1.4848	1.58965	0.290631	-0.491298	-0.0808859	-1.74541	2.34196	
2.13295	0.367906	0.7221	1.33588	1.13482	2.72993	-1.35297	1.96788	-1.47354	1.58558	0.30807	-0.503104	-0.067301	-1.74681	2.28559	
2.09246	0.358936	0.728269	1.34056	1.10372	2.71366	-1.35712	1.91439	-1.46228	1.58152	0.325509	-0.514911	-0.0537161	-1.74821	2.22922	
2.05197	0.349966	0.734438	1.34524	1.07261	2.69738	-1.36127	1.86091	-1.45102	1.57746	0.342948	-0.526718	-0.0401313	-1.74962	2.17286	
2.01148	0.340996	0.740607	1.34992	1.04151	2.68111	-1.36543	1.80742	-1.43976	1.5734	0.360387	-0.538525	-0.0265464	-1.75102	2.11649	
1.97099	0.332026	0.746776	1.3546	1.01041	2.66483	-1.36958	1.75394	-1.42849	1.56934	0.377826	-0.550332	-0.0129615	-1.75242	2.06012	
1.9305	0.323056	0.752945	1.35928	0.979309	2.64856	-1.37374	1.70045	-1.41723	1.56528	0.395265	-0.562139	0.000623407	-1.75382	2.00375	
1.89001	0.314087	0.759114	1.36396	0.948208	2.63228	-1.37789	1.64697	-1.40597	1.56121	0.412704	-0.573946	0.0142083	-1.75522	1.94739	
1.84952	0.305117	0.765283	1.36864	0.917106	2.61601	-1.38205	1.59348	-1.39471	1.55715	0.430143	-0.585752	0.0277932	-1.75663	1.89102	
1.80903	0.296147	0.771452	1.37332	0.886004	2.59973	-1.3862	1.54	-1.38345	1.55309	0.447581	-0.597559	0.0413781	-1.75803	1.83465	
1.76854	0.287177	0.777621	1.378	0.854902	2.58346	-1.39035	1.48651	-1.37218	1.54903	0.46502	-0.609366	0.054963	-1.75943	1.77828	
1.72805	0.278207	0.78379	1.38268	0.823801	2.56718	-1.39451	1.43303	-1.36092	1.54497	0.482459	-0.621173	0.0685478	-1.76083	1.72192	
1.68756	0.269238	0.789959	1.38736	0.792699	2.5509	-1.39866	1.37954	-1.34966	1.54091	0.499898	-0.63298	0.0821327	-1.76223	1.66555	
1.64707	0.260268	0.796128	1.39205	0.761597	2.53463	-1.40282	1.32606	-1.3384	1.53684	0.517337	-0.644787	0.0957176	-1.76364	1.60918	
1.60658	0.251298	0.802297	1.39673	0.730495	2.51835	-1.40697	1.27257	-1.32714	1.53278	0.534776	-0.656594	0.109303	-1.76504	1.55281	
1.56609	0.242328	0.808466	1.40141	0.699394	2.50208	-1.41113	1.21909	-1.31587	1.52872	0.552215	-0.6684	0.122887	-1.76644	1.49645	
1.5256	0.233358	0.814635	1.40609	0.668292	2.4858	-1.41528	1.1656	-1.30461	1.52466	0.569654	-0.680207	0.136472	-1.76784	1.44008	
1.4851	0.224388	0.820804	1.41077	0.63719	2.46953	-1.41943	1.11212	-1.29335	1.5206	0.587093	-0.692014	0.150057	-1.76924	1.38371	
1.44461	0.215419	0.826973	1.41545	0.606088	2.45325	-1.42359	1.05863	-1.28209	1.51654	0.604532	-0.703821	0.163642	-1.77065	1.32734	
1.40412	0.206449	0.833142	1.42013	0.574987	2.43698	-1.42774	1.00515	-1.27083	1.51247	0.621971	-0.715628	0.177227	-1.77205	1.27098	
1.36363	0.197479	0.839311	1.42481	0.543885	2.4207	-1.4319	0.951664	-1.25956	1.50841	0.63941	-0.727435	0.190812	-1.77345	1.21461	
1.32314	0.188509	0.845481	1.42949	0.512783	2.40443	-1.43605	0.898179	-1.2483	1.50435	0.656848	-0.739242	0.204397	-1.77485	1.15824	
1.28265	0.179539	0.85165	1.43417	0.481681	2.38815	-1.44021	0.844694	-1.23704	1.50029	0.674287	-0.751049	0.217982	-1.77625	1.10187	
1.24216	0.170569	0.857819	1.43885	0.45058	2.37187	-1.44436	0.79121	-1.22578	1.49623	0.691726	-0.762855	0.231566	-1.77766	1.04551	
1.20167	0.1616	0.863988	1.44353	0.419478	2.3556	-1.44851	0.737725	-1.21452	1.49217	0.709165	-0.774662	0.245151	-1.77906	0.989139	
1.16118	0.15263	0.870157	1.44821	0.388376	2.33932	-1.45267	0.68424	-1.20326	1.4881	0.726604	-0.786469	0.258736	-1.78046	0.932772	
1.12069	0.14366	0.876326	1.45289	0.357274	2.32305	-1.45682	0.630755	-1.19199	1.48404	0.744043	-0.798276	0.272321	-1.78186	0.876404	
1.0802	0.13469	0.882495	1.45757	0.326173	2.30677	-1.46098	0.57727	-1.18073	1.47998	0.761482	-0.810083	0.285906	-1.78326	0.820037	
1.03971	0.12572	0.888664	1.46225	0.295071	2.2905	-1.46513	0.523785	-1.16947	1.47592	0.778921	-0.82189	0.299491	-1.78466	0.763669	
0.999218	0.11675	0.894833	1.46693	0.263969	2.27422	-1.46928	0.4703	-1.15821	1.47186	0.79636	-0.833697	0.313076	-1.78607	0.707302	
0.958727	0.107781	0.901002	1.47161	0.232867	2.25795	-1.47344	0.416815	-1.14695	1.4678	0.813799	-0.845503	0.326661	-1.78747	0.650934	
0.918237	0.0988108	0.907171	1.4763	0.201766	2.24167	-1.47759	0.36333	-1.13568	1.46373	0.831238	-0.85731	0.340246	-1.78887	0.594567	
0.877746	0.089841	0.91334	1.48098	0.170664	2.2254	-1.48175	0.309845	-1.12442	1.45967	0.848677	-0.869117	0.35383	-1.79027	0.538199	
0.837255	0.0808712	0.919509	1.48566	0.139562	2.20912	-1.4859	0.25636	-1.11316	1.45561	0.866115	-0.880924	0.367415	-1.79167	0.481832	
0.796765	0.0719014	0.925678	1.49034	0.10846	2.19285	-1.49006	0.202875	-1.1019	1.45155	0.883554	-0.892731	0.381	-1.79308	0.425464	
0.756274	0.0629315	0.931847	1.49502	0.0773587	2.17657	-1.49421	0.14939	-1.09064	1.44749	0.900993	-0.904538	0.394585	-1.79448	0.369097	
0.715784	0.0539617	0.938016	1.4997	0.0462569	2.16029	-1.49836	0.0959048	-1.07937	1.44342	0.918432	-0.916345	0.40817	-1.79588	0.312729	
0.675293	0.0449919	0.944185	1.50438	0.0151552	2.14402	-1.50252	0.0424199	-1.06811	1.43936	0.935871	-0.928151	0.421755	-1.79728	0.256362	
0.634802	0.0360221	0.950354	1.50906	-0.0159466	2.12774	-1.50667	-0.0110651	-1.05685	1.4353	0.95331	-0.939958	0.43534	-1.79868	0.199994	
0.594312	0.0270522	0.956523	1.51374	-0.0470483	2.11147	-1.51083	-0.0645501	-1.04559	1.43124	0.970749	-0.951765	0.448925	-1.80009	0.143627	
0.553821	0.0180824	0.962692	1.51842	-0.07815	2.09519	-1.51498	-0.118035	-1.03433	1.42718	0.988188	-0.963572	0.46251	-1.80149	0.0872593	
0.513331	0.00911258	0.968861	1.5231	-0.109252	2.07892	-1.51914	-0.17152	-1.02306	1.42312	1.00563	-0.975379	0.476094	-1.80289	0.0308918	
0.47284	0.000142755	0.97503	1.52778	-0.140354	2.06264	-1.52329	-0.225005	-1.0118	1.41905	1.02307	-0.987186	0.489679	-1.80429	-0.0254757	
0.432349	-0.00882707	0.981199	1.53246	-0.171455	2.04637	-1.52744	-0.27849	-1.00054	1.41499	1.0405	-0.998993	0.503264	-1.80569	-0.0818432	
0.391859	-0.0177969	0.987368	1.53714	-0.202557	2.03009	-1.5316	-0.331975	-0.989279	1.41093	1.05794	-1.0108	0.516849	-1.8071	-0.138211	
0.351368	-0.0267667	0.993537	1.54182	-0.233659	2.01382	-1.53575	-0.38546	-0.978017	1.40687	1.07538	-1.02261	0.530434	-1.8085	-0.194578	
0.310878	-0.0357365	0.999706	1.5465	-0.264761	1.99754	-1.53991	-0.438945	-0.966755	1.40281	1.09282	-1.03441	0.544019	-1.8099	-0.250946	
0.270387	-0.0447064	1.00588	1.55118	-0.295862	1.98127	-1.54406	-0.49243	-0.955493	1.39875	1.11026	-1.04622	0.557604	-1.8113	-0.307313	
0.229896	-0.0536762	1.01204	1.55587	-0.326964	1.96499	-1.54822	-0.545915	-0.944231	1.39468	1.1277	-1.05803	0.571189	-1.8127	-0.363681	
0.189406	-0.062646	1.01821	1.56055	-0.358066	1.94871	-1.55237	-0.5994	-0.932969	1.39062	1.14514	-1.06983	0.584774	-1.81411	-0.420048	
0.148915	-0.0716158	1.02438	1.56523	-0.389167	1.93244	-1.55652	-0.652885	-0.921707	1.38656	1.16258	-1.08164	0.598358	-1.81551	-0.476416	
0.108425	-0.0805857	1.03055	1.56991	-0.420269	1.91616	-1.56068	-0.70637	-0.910445	1.3825	1.18002	-1.09345	0.611943	-1.81691	-0.532783	
0.067934	-0.0895555	1.03672	1.57459	-0.451371	1.89989	-1.56483	-0.759855	-0.899183	1.37844	1.19745	-1.10525	0.625528	-1.81831	-0.589151	
0.0274434	-0.0985253	1.04289	1.57927	-0.482473	1.88361	-1.56899	-0.81334	-0.887921	1.37438	1.21489	-1.11706	0.639113	-1.81971	-0.645518	
-0.0130472	-0.107495	1.04906	1.58395	-0.513574	1.86734	-1.57314	-0.866825	-0.87666	1.37031	1.23233	-1.12887	0.652698	-1.82112	-0.701886	
-0.0535378	-0.116465	1.05523	1.58863	-0.544676	1.85106	-1.57729	-0.92031	-0.865398	1.36625	1.24977	-1.14067	0.666283	-1.82252	-0.758253	
-0.0940284	-0.125435	1.0614	1.59331	-0.575778	1.83479	-1.58145	-0.973795	-0.854136	1.36219	1.26721	-1.15248	0.679868	-1.82392	-0.81462	
-0.134519	-0.134405	1.06757	1.59799	-0.60688	1.81851	-1.5856	-1.02728	-0.842874	1.35813	1.28465	-1.16429	0.693453	-1.82532	-0.870988	
-0.17501	-0.143374	1.07373	1.60267	-0.637981	1.80224	-1.58976	-1.08076	-0.831612	1.35407	1.30209	-1.1761	0.707038	-1.82672	-0.927355	
-0.2155	-0.152344	1.0799	1.60735	-0.669083	1.78596	-1.59391	-1.13425	-0.82035	1.35001	1.31953	-1.1879	0.720622	-1.82813	-0.983723	
-0.255991	-0.161314	1.08607	1.61203	-0.700185	1.76969	-1.59807	-1.18773	-0.809088	1.34594	1.33697	-1.19971	0.734207	-1.82953	-1.04009	
-0.296481	-0.170284	1.09224	1.61671	-0.731287	1.75341	-1.60222	-1.24122	-0.797826	1.34188	1.35441	-1.21152	0.747792	-1.83093	-1.09646	
-0.336972	-0.179254	1.09841	1.62139	-0.762388	1.73713	-1.60637	-1.2947	-0.786564	1.33782	1.37184	-1.22332	0.761377	-1.83233	-1.15283	
-0.377463	-0.188224	1.10458	1.62607	-0.79349	1.72086	-1.61053	-1.34819	-0.775302	1.33376	1.38928	-1.23513	0.774962	-1.83373	-1.20919	
-0.417953	-0.197193	1.11075	1.63075	-0.824592	1.70458	-1.61468	-1.40167	-0.76404	1.3297	1.40672	-1.24694	0.788547	-1.83514	-1.26556	
-0.458444	-0.206163	1.11692	1.63544	-0.855694	1.68831	-1.61884	-1.45516	-0.752778	1.32564	1.42416	-1.25874	0.802132	-1.83654	-1.32193	
-0.498934	-0.215133	1.12309	1.64012	-0.886795	1.67203	-1.62299	-1.50864	-0.741516	1.32157	1.4416	-1.27055	0.815717	-1.83794	-1.3783	
-0.539425	-0.224103	1.12926	1.6448	-0.917897	1.65576	-1.62715	-1.56213	-0.730255	1.31751	1.45904	-1.28236	0.829302	-1.83934	-1.43466	
-0.579916	-0.233073	1.13542	1.64948	-0.948999	1.63948	-1.6313	-1.61561	-0.718993	1.31345	1.47648	-1.29416	0.842886	-1.84074	-1.49103	
-0.620406	-0.242043	1.14159	1.65416	-0.980101	1.62321	-1.63545	-1.6691	-0.707731	1.30939	1.49392	-1.30597	0.856471	-1.84214	-1.5474	
-0.660897	-0.251012	1.14776	1.65884	-1.0112	1.60693	-1.63961	-1.72258	-0.696469	1.30533	1.51136	-1.31778	0.870056	-1.84355	-1.60377	
-0.701387	-0.259982	1.15393	1.66352	-1.0423	1.59066	-1.64376	-1.77607	-0.685207	1.30127	1.52879	-1.32958	0.883641	-1.84495	-1.66013	
-0.741878	-0.268952	1.1601	1.6682	-1.07341	1.57438	-1.64792	-1.82955	-0.673945	1.2972	1.54623	-1.34139	0.897226	-1.84635	-1.7165	
-0.782369	-0.277922	1.16627	1.67288	-1.10451	1.55811	-1.65207	-1.88304	-0.662683	1.29314	1.56367	-1.3532	0.910811	-1.84775	-1.77287	
-0.822859	-0.286892	1.17244	1.67756	-1.13561	1.54183	-1.65623	-1.93652	-0.651421	1.28908	1.58111	-1.36501	0.924396	-1.84915	-1.82924	
-0.86335	-0.295861	1.17861	1.68224	-1.16671	1.52555	-1.66038	-1.99001	-0.640159	1.28502	1.59855	-1.37681	0.937981	-1.85056	-1.8856	
-0.90384	-0.304831	1.18478	1.68692	-1.19781	1.50928	-1.66453	-2.04349	-0.628897	1.28096	1.61599	-1.38862	0.951566	-1.85196	-1.94197	
-0.944331	-0.313801	1.19095	1.6916	-1.22891	1.493	-1.66869	-2.09698	-0.617635	1.2769	1.63343	-1.40043	0.96515	-1.85336	-1.99834	
-0.984821	-0.322771	1.19712	1.69628	-1.26002	1.47673	-1.67284	-2.15046	-0.606373	1.27283	1.65087	-1.41223	0.978735	-1.85476	-2.05471	
-1.02531	-0.331741	1.20328	1.70096	-1.29112	1.46045	-1.677	-2.20395	-0.595111	1.26877	1.66831	-1.42404	0.99232	-1.85616	-2.11107	
-1.0658	-0.340711	1.20945	1.70564	-1.32222	1.44418	-1.68115	-2.25743	-0.58385	1.26471	1.68574	-1.43585	1.00591	-1.85757	-2.16744	
-1.10629	-0.34968	1.21562	1.71032	-1.35332	1.4279	-1.68531	-2.31092	-0.572588	1.26065	1.70318	-1.44765	1.01949	-1.85897	-2.22381	
-1.14678	-0.35865	1.22179	1.71501	-1.38442	1.41163	-1.68946	-2.3644	-0.561326	1.25659	1.72062	-1.45946	1.03307	-1.86037	-2.28018	
-1.18727	-0.36762	1.22796	1.71969	-1.41553	1.39535	-1.69361	-2.41789	-0.550064	1.25252	1.73806	-1.47127	1.04666	-1.86177	-2.33654	
-1.22777	-0.37659	1.23413	1.72437	-1.44663	1.37908	-1.69777	-2.47137	-0.538802	1.24846	1.7555	-1.48307	1.06024	-1.86317	-2.39291	
-1.26826	-0.38556	1.2403	1.72905	-1.47773	1.3628	-1.70192	-2.52486	-0.52754	1.2444	1.77294	-1.49488	1.07383	-1.86458	-2.44928	
-1.30875	-0.39453	1.24647	1.73373	-1.50883	1.34653	-1.70608	-2.57834	-0.516278	1.24034	1.79038	-1.50669	1.08741	-1.86598	-2.50565	
-1.34924	-0.403499	1.25264	1.73841	-1.53993	1.33025	-1.71023	-2.63183	-0.505016	1.23628	1.80782	-1.51849	1.101	-1.86738	-2.56201	
-1.38973	-0.412469	1.25881	1.74309	-1.57103	1.31397	-1.71438	-2.68531	-0.493754	1.23222	1.82526	-1.5303	1.11458	-1.86878	-2.61838	
-1.43022	-0.421439	1.26497	1.74777	-1.60214	1.2977	-1.71854	-2.7388	-0.482492	1.22815	1.84269	-1.54211	1.12817	-1.87018	-2.67475	
-1.47071	-0.430409	1.27114	1.75245	-1.63324	1.28142	-1.72269	-2.79228	-0.47123	1.22409	1.86013	-1.55392	1.14175	-1.87159	-2.73112	
-1.5112	-0.439379	1.27731	1.75713	-1.66434	1.26515	-1.72685	-2.84577	-0.459968	1.22003	1.87757	-1.56572	1.15534	-1.87299	-2.78748	
-1.55169	-0.448348	1.28348	1.76181	-1.69544	1.24887	-1.731	-2.89925	-0.448706	1.21597	1.89501	-1.57753	1.16892	-1.87439	-2.84385	
