0.501108	2.22796	-0.543603	-1.36357	-1.9364	1.01402	-1.13042	-2.74647	-0.0336104	1.90828	0.798275	-0.619269	0.838234	-1.30724	-0.420517	
0.488254	2.22832	-0.468757	-1.32639	-1.93207	0.913461	-1.0828	-2.69659	0.0570698	1.89257	0.74893	-0.601667	0.776894	-1.32826	-0.434397	
0.475399	2.22868	-0.393912	-1.28922	-1.92774	0.812904	-1.03517	-2.64671	0.14775	1.87685	0.699585	-0.584066	0.715555	-1.34929	-0.448276	
0.462545	2.22904	-0.319067	-1.25204	-1.92341	0.712346	-0.987543	-2.59683	0.23843	1.86114	0.650241	-0.566464	0.654215	-1.37032	-0.462156	
0.449691	2.2294	-0.244221	-1.21486	-1.91908	0.611788	-0.939916	-2.54694	0.32911	1.84543	0.600896	-0.548863	0.592876	-1.39134	-0.476035	
0.436837	2.22977	-0.169376	-1.17768	-1.91475	0.511231	-0.89229	-2.49706	0.419791	1.82971	0.551551	-0.531262	0.531536	-1.41237	-0.489914	
0.423982	2.23013	-0.0945303	-1.1405	-1.91041	0.410673	-0.844663	-2.44718	0.510471	1.814	0.502207	-0.51366	0.470196	-1.43339	-0.503794	
0.411128	2.23049	-0.0196848	-1.10333	-1.90608	0.310115	-0.797037	-2.3973	0.601151	1.79829	0.452862	-0.496059	0.408857	-1.45442	-0.517673	
0.398274	2.23085	0.0551606	-1.06615	-1.90175	0.209557	-0.74941	-2.34742	0.691831	1.78257	0.403517	-0.478458	0.347517	-1.47544	-0.531552	
0.38542	2.23121	0.130006	-1.02897	-1.89742	0.109	-0.701783	-2.29754	0.782511	1.76686	0.354172	-0.460856	0.286178	-1.49647	-0.545432	
0.372565	2.23157	0.204851	-0.991792	-1.89309	0.00844185	-0.654157	-2.24765	0.873192	1.75115	0.304828	-0.443255	0.224838	-1.5175	-0.559311	
0.359711	2.23193	0.279697	-0.954614	-1.88876	-0.0921159	-0.60653	-2.19777	0.963872	1.73543	0.255483	-0.425654	0.163499	-1.53852	-0.573191	
0.346857	2.2323	0.354542	-0.917436	-1.88443	-0.192674	-0.558903	-2.14789	1.05455	1.71972	0.206138	-0.408052	0.102159	-1.55955	-0.58707	
0.334003	2.23266	0.429388	-0.880258	-1.8801	-0.293231	-0.511277	-2.09801	1.14523	1.70401	0.156794	-0.390451	0.0408197	-1.58057	-0.600949	
0.321148	2.23302	0.504233	-0.84308	-1.87577	-0.393789	-0.46365	-2.04813	1.23591	1.68829	0.107449	-0.372849	-0.0205199	-1.6016	-0.614829	
0.308294	2.23338	0.579079	-0.805902	-1.87144	-0.494347	-0.416023	-1.99824	1.32659	1.67258	0.0581042	-0.355248	-0.0818594	-1.62263	-0.628708	
0.29544	2.23374	0.653924	-0.768724	-1.86711	-0.594905	-0.368397	-1.94836	1.41727	1.65687	0.00875946	-0.337647	-0.143199	-1.64365	-0.642587	
0.288391	2.22302	0.731526	-0.721425	-1.83007	-0.638273	-0.338342	-1.9283	1.47396	1.62346	-0.00997987	-0.319569	-0.168192	-1.67642	-0.648117	
0.281342	2.21229	0.809127	-0.674125	-1.79303	-0.681642	-0.308287	-1.90825	1.53064	1.59006	-0.0287192	-0.301491	-0.193186	-1.70919	-0.653647	
0.280467	2.209	0.826118	-0.662894	-1.78314	-0.686498	-0.303661	-1.9071	1.53933	1.58229	-0.0296495	-0.297614	-0.196022	-1.71661	-0.653371	
0.280361	2.20799	0.830456	-0.659874	-1.78031	-0.686936	-0.302822	-1.90738	1.54089	1.58023	-0.0293317	-0.296639	-0.196294	-1.71854	-0.653036	
0.280261	2.20666	0.835978	-0.655983	-1.77662	-0.687255	-0.301857	-1.90791	1.5427	1.5776	-0.0287616	-0.295402	-0.196505	-1.72101	-0.652529	
0.280198	2.20582	0.839457	-0.65353	-1.7743	-0.68745	-0.301251	-1.90824	1.54383	1.57594	-0.0283984	-0.294623	-0.196635	-1.72256	-0.652208	
0.280182	2.2056	0.84039	-0.652873	-1.77367	-0.687503	-0.301088	-1.90833	1.54413	1.57549	-0.028301	-0.294414	-0.19667	-1.72298	-0.652122	
0.280166	2.20539	0.841246	-0.65227	-1.7731	-0.687551	-0.300939	-1.90842	1.54441	1.57508	-0.0282116	-0.294223	-0.196702	-1.72336	-0.652043	
0.280127	2.20486	0.843442	-0.650721	-1.77163	-0.687674	-0.300557	-1.90863	1.54512	1.57403	-0.0279821	-0.293731	-0.196783	-1.72434	-0.65184	
0.280109	2.20462	0.844441	-0.650017	-1.77096	-0.68773	-0.300383	-1.90872	1.54544	1.57356	-0.0278778	-0.293507	-0.196821	-1.72479	-0.651748	
0.280099	2.20449	0.84499	-0.64963	-1.7706	-0.68776	-0.300287	-1.90878	1.54562	1.57329	-0.0278204	-0.293384	-0.196841	-1.72503	-0.651698	
0.280093	2.20441	0.845335	-0.649387	-1.77037	-0.68778	-0.300227	-1.90881	1.54573	1.57313	-0.0277844	-0.293307	-0.196854	-1.72519	-0.651666	
0.280085	2.2043	0.845786	-0.649069	-1.77006	-0.687805	-0.300149	-1.90885	1.54588	1.57291	-0.0277373	-0.293206	-0.196871	-1.72539	-0.651624	
0.280079	2.20421	0.846139	-0.64882	-1.76983	-0.687825	-0.300087	-1.90889	1.54599	1.57275	-0.0277004	-0.293127	-0.196884	-1.72555	-0.651592	
0.280076	2.20418	0.846279	-0.648722	-1.76973	-0.687833	-0.300063	-1.9089	1.54604	1.57268	-0.0276858	-0.293095	-0.196889	-1.72561	-0.651579	
0.280074	2.20415	0.846404	-0.648633	-1.76965	-0.68784	-0.300041	-1.90891	1.54608	1.57262	-0.0276727	-0.293067	-0.196894	-1.72567	-0.651567	
0.280072	2.20412	0.846508	-0.648561	-1.76958	-0.687845	-0.300023	-1.90892	1.54611	1.57257	-0.0276619	-0.293044	-0.196898	-1.72571	-0.651558	
0.280071	2.20411	0.846562	-0.648522	-1.76955	-0.687848	-0.300014	-1.90893	1.54613	1.57254	-0.0276562	-0.293032	-0.1969	-1.72574	-0.651553	
0.280071	2.2041	0.846609	-0.648489	-1.76951	-0.687851	-0.300006	-1.90893	1.54615	1.57252	-0.0276513	-0.293022	-0.196901	-1.72576	-0.651548	
0.28007	2.20409	0.846654	-0.648458	-1.76948	-0.687854	-0.299998	-1.90894	1.54616	1.5725	-0.0276466	-0.293012	-0.196903	-1.72578	-0.651544	
0.280069	2.20408	0.846703	-0.648423	-1.76945	-0.687856	-0.299989	-1.90894	1.54618	1.57248	-0.0276415	-0.293	-0.196905	-1.7258	-0.65154	
0.280067	2.20406	0.846786	-0.648364	-1.7694	-0.687861	-0.299975	-1.90895	1.5462	1.57244	-0.0276328	-0.292982	-0.196908	-1.72584	-0.651532	
0.280064	2.20401	0.846962	-0.64824	-1.76928	-0.687871	-0.299944	-1.90897	1.54626	1.57235	-0.0276145	-0.292943	-0.196915	-1.72591	-0.651516	
0.280062	2.20398	0.847109	-0.648137	-1.76918	-0.687879	-0.299919	-1.90898	1.54631	1.57228	-0.0275991	-0.29291	-0.19692	-1.72598	-0.651502	
0.280061	2.20397	0.847152	-0.648106	-1.76915	-0.687881	-0.299911	-1.90898	1.54632	1.57226	-0.0275945	-0.2929	-0.196922	-1.726	-0.651498	
0.28006	2.20396	0.847172	-0.648092	-1.76914	-0.687883	-0.299908	-1.90899	1.54633	1.57225	-0.0275925	-0.292896	-0.196922	-1.72601	-0.651496	
0.28006	2.20395	0.847215	-0.648062	-1.76911	-0.687885	-0.2999	-1.90899	1.54634	1.57223	-0.027588	-0.292886	-0.196924	-1.72603	-0.651492	
0.280059	2.20394	0.847272	-0.648022	-1.76907	-0.687888	-0.29989	-1.909	1.54636	1.5722	-0.0275821	-0.292873	-0.196926	-1.72605	-0.651487	
0.280058	2.20393	0.847312	-0.647993	-1.76904	-0.68789	-0.299883	-1.909	1.54637	1.57219	-0.0275779	-0.292864	-0.196928	-1.72607	-0.651483	
0.280057	2.20392	0.847341	-0.647973	-1.76902	-0.687892	-0.299878	-1.909	1.54638	1.57217	-0.0275749	-0.292858	-0.196929	-1.72608	-0.651481	
0.280057	2.20392	0.847356	-0.647962	-1.76901	-0.687893	-0.299876	-1.909	1.54639	1.57216	-0.0275733	-0.292854	-0.196929	-1.72609	-0.651479	
0.280057	2.20392	0.847362	-0.647958	-1.76901	-0.687893	-0.299874	-1.909	1.54639	1.57216	-0.0275726	-0.292853	-0.19693	-1.72609	-0.651479	
0.280057	2.20392	0.847369	-0.647953	-1.76901	-0.687894	-0.299873	-1.90901	1.54639	1.57216	-0.0275719	-0.292851	-0.19693	-1.7261	-0.651478	
0.280057	2.20391	0.847376	-0.647948	-1.769	-0.687894	-0.299872	-1.90901	1.5464	1.57215	-0.0275712	-0.29285	-0.19693	-1.7261	-0.651477	
0.280057	2.20391	0.847381	-0.647945	-1.769	-0.687894	-0.299871	-1.90901	1.5464	1.57215	-0.0275707	-0.292849	-0.19693	-1.7261	-0.651477	
0.280057	2.20391	0.847387	-0.647941	-1.76899	-0.687895	-0.29987	-1.90901	1.5464	1.57215	-0.0275701	-0.292847	-0.19693	-1.7261	-0.651476	
0.280057	2.20391	0.847391	-0.647938	-1.76899	-0.687895	-0.29987	-1.90901	1.5464	1.57215	-0.0275696	-0.292847	-0.196931	-1.72611	-0.651476	
0.280056	2.20391	0.847396	-0.647934	-1.76899	-0.687895	-0.299869	-1.90901	1.5464	1.57215	-0.0275691	-0.292845	-0.196931	-1.72611	-0.651476	
0.280056	2.20391	0.847403	-0.647929	-1.76898	-0.687896	-0.299867	-1.90901	1.5464	1.57214	-0.0275684	-0.292844	-0.196931	-1.72611	-0.651475	
0.280056	2.20391	0.84741	-0.647924	-1.76898	-0.687896	-0.299866	-1.90901	1.54641	1.57214	-0.0275676	-0.292842	-0.196931	-1.72612	-0.651474	
0.280056	2.20391	0.847413	-0.647922	-1.76898	-0.687896	-0.299866	-1.90901	1.54641	1.57214	-0.0275673	-0.292841	-0.196931	-1.72612	-0.651474	
0.280056	2.2039	0.847416	-0.64792	-1.76897	-0.687896	-0.299865	-1.90901	1.54641	1.57214	-0.0275671	-0.292841	-0.196932	-1.72612	-0.651474	
0.280056	2.2039	0.847417	-0.64792	-1.76897	-0.687896	-0.299865	-1.90901	1.54641	1.57214	-0.0275669	-0.292841	-0.196932	-1.72612	-0.651474	
0.280056	2.2039	0.847418	-0.647919	-1.76897	-0.687896	-0.299865	-1.90901	1.54641	1.57213	-0.0275668	-0.29284	-0.196932	-1.72612	-0.651474	
0.280056	2.2039	0.847419	-0.647918	-1.76897	-0.687896	-0.299865	-1.90901	1.54641	1.57213	-0.0275667	-0.29284	-0.196932	-1.72612	-0.651473	
0.280056	2.2039	0.84742	-0.647917	-1.76897	-0.687896	-0.299864	-1.90901	1.54641	1.57213	-0.0275666	-0.29284	-0.196932	-1.72612	-0.651473	
0.280056	2.2039	0.847422	-0.647916	-1.76897	-0.687897	-0.299864	-1.90901	1.54641	1.57213	-0.0275664	-0.29284	-0.196932	-1.72612	-0.651473	
0.280056	2.2039	0.847423	-0.647915	-1.76897	-0.687897	-0.299864	-1.90901	1.54641	1.57213	-0.0275663	-0.292839	-0.196932	-1.72612	-0.651473	
0.280056	2.2039	0.847423	-0.647915	-1.76897	-0.687897	-0.299864	-1.90901	1.54641	1.57213	-0.0275662	-0.292839	-0.196932	-1.72612	-0.651473	
0.280056	2.2039	0.847424	-0.647915	-1.76897	-0.687897	-0.299864	-1.90901	1.54641	1.57213	-0.0275662	-0.292839	-0.196932	-1.72612	-0.651473	
0.280056	2.2039	0.847424	-0.647915	-1.76897	-0.687897	-0.299864	-1.90901	1.54641	1.57213	-0.0275662	-0.292839	-0.196932	-1.72612	-0.651473	
0.280056	2.2039	0.847424	-0.647914	-1.76897	-0.687897	-0.299864	-1.90901	1.54641	1.57213	-0.0275661	-0.292839	-0.196932	-1.72612	-0.651473	
0.280056	2.2039	0.847424	-0.647914	-1.76897	-0.687897	-0.299864	-1.90901	1.54641	1.57213	-0.0275661	-0.292839	-0.196932	-1.72612	-0.651473	
0.280056	2.2039	0.847425	-0.647914	-1.76897	-0.687897	-0.299864	-1.90901	1.54641	1.57213	-0.0275661	-0.292839	-0.196932	-1.72612	-0.651473	
0.305027	2.16796	0.85304	-0.610374	-1.76093	-0.67339	-0.305735	-1.91185	1.56268	1.55639	-0.0327013	-0.311996	-0.179608	-1.71623	-0.668504	
0.361766	2.07342	0.867312	-0.527491	-1.7368	-0.63648	-0.326041	-1.91934	1.59801	1.50429	-0.058205	-0.355767	-0.140884	-1.68942	-0.699558	
0.418505	1.97889	0.881584	-0.444608	-1.71268	-0.59957	-0.346346	-1.92684	1.63334	1.45218	-0.0837087	-0.399539	-0.102161	-1.66262	-0.730613	
0.475244	1.88436	0.895857	-0.361725	-1.68855	-0.56266	-0.366652	-1.93433	1.66867	1.40008	-0.109212	-0.44331	-0.0634383	-1.63582	-0.761667	
0.531983	1.78982	0.910129	-0.278842	-1.66443	-0.52575	-0.386958	-1.94183	1.70399	1.34797	-0.134716	-0.487082	-0.0247151	-1.60901	-0.792722	
0.588722	1.69529	0.924401	-0.195959	-1.6403	-0.48884	-0.407264	-1.94933	1.73932	1.29587	-0.16022	-0.530853	0.014008	-1.58221	-0.823776	
0.645461	1.60076	0.938674	-0.113076	-1.61618	-0.45193	-0.427569	-1.95682	1.77465	1.24376	-0.185724	-0.574625	0.0527311	-1.55541	-0.854831	
0.702199	1.50622	0.952946	-0.0301931	-1.59205	-0.41502	-0.447875	-1.96432	1.80998	1.19166	-0.211227	-0.618396	0.0914542	-1.5286	-0.885886	
0.758938	1.41169	0.967218	0.0526898	-1.56793	-0.37811	-0.468181	-1.97181	1.84531	1.13956	-0.236731	-0.662167	0.130177	-1.5018	-0.91694	
0.762604	1.32142	0.978052	0.042236	-1.52807	-0.34989	-0.515071	-1.97916	1.8369	1.02925	-0.328919	-0.666581	0.128483	-1.4718	-0.868935	
0.766269	1.23115	0.988886	0.0317822	-1.4882	-0.32167	-0.561961	-1.98651	1.82849	0.91894	-0.421107	-0.670995	0.126789	-1.44179	-0.820929	
0.769935	1.14089	0.99972	0.0213285	-1.44834	-0.29345	-0.608851	-1.99386	1.82007	0.808632	-0.513296	-0.675409	0.125095	-1.41179	-0.772924	
0.7736	1.05062	1.01055	0.0108747	-1.40848	-0.26523	-0.655741	-2.00121	1.81166	0.698324	-0.605484	-0.679823	0.123401	-1.38178	-0.724918	
0.777266	0.960351	1.02139	0.000420893	-1.36862	-0.23701	-0.702631	-2.00856	1.80325	0.588016	-0.697672	-0.684237	0.121707	-1.35177	-0.676913	
0.780931	0.870083	1.03222	-0.0100329	-1.32876	-0.208789	-0.749521	-2.01591	1.79484	0.477708	-0.78986	-0.688651	0.120013	-1.32177	-0.628907	
0.784597	0.779814	1.04305	-0.0204867	-1.28889	-0.180569	-0.796411	-2.02326	1.78643	0.367401	-0.882049	-0.693065	0.118319	-1.29176	-0.580902	
0.788262	0.689546	1.05389	-0.0309405	-1.24903	-0.152349	-0.843301	-2.03061	1.77801	0.257093	-0.974237	-0.697479	0.116625	-1.26176	-0.532896	
0.791928	0.599278	1.06472	-0.0413942	-1.20917	-0.124129	-0.890191	-2.03795	1.7696	0.146785	-1.06643	-0.701893	0.11493	-1.23175	-0.484891	
0.795593	0.50901	1.07556	-0.051848	-1.16931	-0.0959091	-0.937081	-2.0453	1.76119	0.0364769	-1.15861	-0.706307	0.113236	-1.20175	-0.436885	
0.799259	0.418742	1.08639	-0.0623018	-1.12945	-0.067689	-0.983971	-2.05265	1.75278	-0.073831	-1.2508	-0.710721	0.111542	-1.17174	-0.38888	
0.802924	0.328474	1.09722	-0.0727556	-1.08959	-0.0394689	-1.03086	-2.06	1.74437	-0.184139	-1.34299	-0.715135	0.109848	-1.14174	-0.340874	
0.80659	0.238206	1.10806	-0.0832094	-1.04972	-0.0112487	-1.07775	-2.06735	1.73596	-0.294447	-1.43518	-0.719549	0.108154	-1.11173	-0.292869	
0.810255	0.147938	1.11889	-0.0936632	-1.00986	0.0169714	-1.12464	-2.0747	1.72754	-0.404755	-1.52737	-0.723963	0.10646	-1.08173	-0.244863	
0.813921	0.0576696	1.12972	-0.104117	-0.969999	0.0451915	-1.17153	-2.08205	1.71913	-0.515063	-1.61955	-0.728376	0.104766	-1.05172	-0.196857	
0.817586	-0.0325985	1.14056	-0.114571	-0.930137	0.0734116	-1.21842	-2.0894	1.71072	-0.62537	-1.71174	-0.73279	0.103072	-1.02171	-0.148852	
0.821251	-0.122867	1.15139	-0.125025	-0.890275	0.101632	-1.26531	-2.09675	1.70231	-0.735678	-1.80393	-0.737204	0.101378	-0.99171	-0.100846	
0.824917	-0.213135	1.16223	-0.135478	-0.850413	0.129852	-1.3122	-2.1041	1.6939	-0.845986	-1.89612	-0.741618	0.0996836	-0.961704	-0.0528409	
0.828582	-0.303403	1.17306	-0.145932	-0.810552	0.158072	-1.35909	-2.11145	1.68548	-0.956294	-1.98831	-0.746032	0.0979895	-0.931699	-0.0048354	
0.832248	-0.393671	1.18389	-0.156386	-0.77069	0.186292	-1.40598	-2.1188	1.67707	-1.0666	-2.0805	-0.750446	0.0962954	-0.901693	0.0431701	
0.835913	-0.483939	1.19473	-0.16684	-0.730828	0.214512	-1.45287	-2.12615	1.66866	-1.17691	-2.17268	-0.75486	0.0946013	-0.871688	0.0911756	
0.839579	-0.574207	1.20556	-0.177293	-0.690966	0.242732	-1.49976	-2.13349	1.66025	-1.28722	-2.26487	-0.759274	0.0929072	-0.841682	0.139181	
0.843244	-0.664475	1.21639	-0.187747	-0.651104	0.270952	-1.54665	-2.14084	1.65184	-1.39753	-2.35706	-0.763688	0.0912131	-0.811677	0.187187	
0.834789	-0.638904	1.22498	-0.196379	-0.69594	0.242317	-1.48624	-2.0797	1.65975	-1.36851	-2.26415	-0.68169	0.186793	-0.834999	0.24065	
0.826334	-0.613333	1.23357	-0.205011	-0.740777	0.213681	-1.42583	-2.01855	1.66766	-1.3395	-2.17124	-0.599692	0.282374	-0.858321	0.294113	
0.817879	-0.587762	1.24215	-0.213643	-0.785614	0.185045	-1.36543	-1.95741	1.67558	-1.31049	-2.07834	-0.517694	0.377954	-0.881643	0.347576	
0.809423	-0.56219	1.25074	-0.222275	-0.83045	0.15641	-1.30502	-1.89627	1.68349	-1.28148	-1.98543	-0.435696	0.473535	-0.904965	0.401039	
0.800968	-0.536619	1.25933	-0.230907	-0.875287	0.127774	-1.24461	-1.83512	1.6914	-1.25247	-1.89252	-0.353697	0.569115	-0.928288	0.454502	
0.792513	-0.511048	1.26791	-0.239539	-0.920124	0.0991385	-1.1842	-1.77398	1.69932	-1.22346	-1.79961	-0.271699	0.664695	-0.95161	0.507965	
0.784058	-0.485476	1.2765	-0.248172	-0.96496	0.0705029	-1.12379	-1.71283	1.70723	-1.19445	-1.7067	-0.189701	0.760276	-0.974932	0.561428	
0.775603	-0.459905	1.28508	-0.256804	-1.0098	0.0418673	-1.06338	-1.65169	1.71514	-1.16544	-1.6138	-0.107703	0.855856	-0.998254	0.614891	
0.767147	-0.434334	1.29367	-0.265436	-1.05463	0.0132316	-1.00297	-1.59054	1.72306	-1.13643	-1.52089	-0.0257049	0.951436	-1.02158	0.668354	
0.758692	-0.408763	1.30226	-0.274068	-1.09947	-0.015404	-0.942564	-1.5294	1.73097	-1.10741	-1.42798	0.0562932	1.04702	-1.0449	0.721817	
0.750237	-0.383191	1.31084	-0.2827	-1.14431	-0.0440396	-0.882156	-1.46825	1.73888	-1.0784	-1.33507	0.138291	1.1426	-1.06822	0.77528	
0.741782	-0.35762	1.31943	-0.291332	-1.18914	-0.0726753	-0.821747	-1.40711	1.7468	-1.04939	-1.24216	0.220289	1.23818	-1.09154	0.828743	
0.733326	-0.332049	1.32802	-0.299964	-1.23398	-0.101311	-0.761338	-1.34596	1.75471	-1.02038	-1.14925	0.302288	1.33376	-1.11486	0.882206	
0.724871	-0.306478	1.3366	-0.308596	-1.27882	-0.129947	-0.70093	-1.28482	1.76262	-0.99137	-1.05635	0.384286	1.42934	-1.13819	0.935669	
0.716416	-0.280906	1.34519	-0.317228	-1.32365	-0.158582	-0.640521	-1.22367	1.77054	-0.962359	-0.963438	0.466284	1.52492	-1.16151	0.989132	
0.707961	-0.255335	1.35377	-0.32586	-1.36849	-0.187218	-0.580112	-1.16253	1.77845	-0.933348	-0.87053	0.548282	1.6205	-1.18483	1.04259	
0.699506	-0.229764	1.36236	-0.334492	-1.41333	-0.215853	-0.519703	-1.10139	1.78636	-0.904337	-0.777622	0.63028	1.71608	-1.20815	1.09606	
0.69105	-0.204193	1.37095	-0.343124	-1.45816	-0.244489	-0.459295	-1.04024	1.79428	-0.875326	-0.684714	0.712278	1.81166	-1.23147	1.14952	
0.682595	-0.178621	1.37953	-0.351756	-1.503	-0.273125	-0.398886	-0.979097	1.80219	-0.846315	-0.591806	0.794276	1.90724	-1.2548	1.20298	
0.67414	-0.15305	1.38812	-0.360388	-1.54784	-0.30176	-0.338477	-0.917952	1.8101	-0.817304	-0.498898	0.876274	2.00282	-1.27812	1.25645	
0.665685	-0.127479	1.39671	-0.36902	-1.59267	-0.330396	-0.278069	-0.856808	1.81802	-0.788292	-0.40599	0.958273	2.0984	-1.30144	1.30991	
0.657229	-0.101908	1.40529	-0.377652	-1.63751	-0.359032	-0.21766	-0.795663	1.82593	-0.759281	-0.313081	1.04027	2.19398	-1.32476	1.36337	
0.648774	-0.0763364	1.41388	-0.386284	-1.68235	-0.387667	-0.157251	-0.734518	1.83384	-0.73027	-0.220173	1.12227	2.28956	-1.34809	1.41684	
0.640319	-0.0507651	1.42247	-0.394916	-1.72718	-0.416303	-0.0968425	-0.673374	1.84176	-0.701259	-0.127265	1.20427	2.38514	-1.37141	1.4703	
0.631864	-0.0251938	1.43105	-0.403548	-1.77202	-0.444939	-0.0364338	-0.612229	1.84967	-0.672248	-0.0343571	1.28627	2.48072	-1.39473	1.52376	
0.626755	0.0258278	1.41909	-0.378064	-1.78799	-0.428853	-0.0089612	-0.568399	1.81888	-0.573269	0.0977404	1.30822	2.48463	-1.40241	1.55524	
0.621646	0.0768495	1.40714	-0.35258	-1.80395	-0.412768	0.0185114	-0.524568	1.78809	-0.474289	0.229838	1.33017	2.48853	-1.4101	1.58672	
0.616537	0.127871	1.39518	-0.327097	-1.81992	-0.396683	0.0459839	-0.480738	1.7573	-0.37531	0.361936	1.35212	2.49244	-1.41778	1.6182	
0.611428	0.178893	1.38322	-0.301613	-1.83589	-0.380598	0.0734565	-0.436908	1.7265	-0.27633	0.494033	1.37408	2.49635	-1.42546	1.64968	
0.606319	0.229914	1.37127	-0.276129	-1.85186	-0.364513	0.100929	-0.393077	1.69571	-0.177351	0.626131	1.39603	2.50025	-1.43315	1.68116	
0.60121	0.280936	1.35931	-0.250645	-1.86782	-0.348428	0.128402	-0.349247	1.66492	-0.0783714	0.758228	1.41798	2.50416	-1.44083	1.71264	
0.596101	0.331958	1.34735	-0.225161	-1.88379	-0.332343	0.155874	-0.305416	1.63413	0.0206081	0.890326	1.43994	2.50806	-1.44852	1.74412	
0.590992	0.382979	1.3354	-0.199677	-1.89976	-0.316258	0.183347	-0.261586	1.60334	0.119588	1.02242	1.46189	2.51197	-1.4562	1.77559	
0.585883	0.434001	1.32344	-0.174193	-1.91572	-0.300173	0.210819	-0.217756	1.57255	0.218567	1.15452	1.48384	2.51587	-1.46388	1.80707	
0.580774	0.485023	1.31148	-0.148709	-1.93169	-0.284088	0.238292	-0.173925	1.54175	0.317546	1.28662	1.5058	2.51978	-1.47157	1.83855	
0.575665	0.536044	1.29953	-0.123225	-1.94766	-0.268003	0.265764	-0.130095	1.51096	0.416526	1.41872	1.52775	2.52369	-1.47925	1.87003	
0.570556	0.587066	1.28757	-0.0977415	-1.96363	-0.251918	0.293237	-0.0862644	1.48017	0.515505	1.55081	1.5497	2.52759	-1.48693	1.90151	
0.565447	0.638088	1.27561	-0.0722576	-1.97959	-0.235833	0.32071	-0.042434	1.44938	0.614485	1.68291	1.57166	2.5315	-1.49462	1.93299	
0.560338	0.689109	1.26366	-0.0467737	-1.99556	-0.219748	0.348182	0.00139637	1.41859	0.713464	1.81501	1.59361	2.5354	-1.5023	1.96447	
0.557415	0.763428	1.1957	-0.129873	-1.99262	-0.186744	0.292044	0.0450366	1.35909	0.768571	1.87717	1.54478	2.55554	-1.48768	2.01793	
0.554492	0.837747	1.12773	-0.212972	-1.98968	-0.15374	0.235905	0.0886768	1.29959	0.823677	1.93932	1.49595	2.57568	-1.47306	2.0714	
0.55157	0.912066	1.05977	-0.296071	-1.98674	-0.120736	0.179767	0.132317	1.24009	0.878784	2.00148	1.44712	2.59582	-1.45844	2.12487	
0.548647	0.986385	0.991807	-0.37917	-1.9838	-0.0877323	0.123628	0.175957	1.18058	0.933891	2.06364	1.39829	2.61596	-1.44381	2.17833	
0.545724	1.0607	0.923844	-0.462269	-1.98086	-0.0547285	0.0674898	0.219597	1.12108	0.988997	2.1258	1.34946	2.6361	-1.42919	2.2318	
0.542802	1.13502	0.855881	-0.545368	-1.97792	-0.0217246	0.0113513	0.263238	1.06158	1.0441	2.18795	1.30063	2.65624	-1.41457	2.28526	
0.539879	1.20934	0.787919	-0.628467	-1.97498	0.0112792	-0.0447871	0.306878	1.00208	1.09921	2.25011	1.2518	2.67638	-1.39995	2.33873	
0.536956	1.28366	0.719956	-0.711566	-1.97204	0.044283	-0.100926	0.350518	0.942582	1.15432	2.31227	1.20297	2.69652	-1.38533	2.39219	
0.534034	1.35798	0.651993	-0.794665	-1.9691	0.0772869	-0.157064	0.394158	0.883081	1.20942	2.37443	1.15414	2.71666	-1.3707	2.44566	
0.531111	1.4323	0.584031	-0.877764	-1.96617	0.110291	-0.213203	0.437799	0.82358	1.26453	2.43658	1.10531	2.7368	-1.35608	2.49912	
0.528188	1.50662	0.516068	-0.960863	-1.96323	0.143295	-0.269341	0.481439	0.76408	1.31964	2.49874	1.05648	2.75694	-1.34146	2.55259	
0.525266	1.58094	0.448105	-1.04396	-1.96029	0.176298	-0.325479	0.525079	0.704579	1.37474	2.5609	1.00765	2.77708	-1.32684	2.60606	
0.522343	1.65525	0.380142	-1.12706	-1.95735	0.209302	-0.381618	0.568719	0.645078	1.42985	2.62306	0.958815	2.79722	-1.31222	2.65952	
0.51942	1.72957	0.31218	-1.21016	-1.95441	0.242306	-0.437756	0.612359	0.585578	1.48496	2.68521	0.909985	2.81736	-1.29759	2.71299	
0.516498	1.80389	0.244217	-1.29326	-1.95147	0.27531	-0.493895	0.656	0.526077	1.54006	2.74737	0.861154	2.8375	-1.28297	2.76645	
0.513575	1.87821	0.176254	-1.37636	-1.94853	0.308314	-0.550033	0.69964	0.466576	1.59517	2.80953	0.812324	2.85764	-1.26835	2.81992	
0.510652	1.95253	0.108292	-1.45946	-1.94559	0.341318	-0.606172	0.74328	0.407076	1.65028	2.87169	0.763494	2.87778	-1.25373	2.87338	
0.50773	2.02685	0.0403288	-1.54256	-1.94265	0.374321	-0.66231	0.78692	0.347575	1.70538	2.93384	0.714663	2.89793	-1.23911	2.92685	
0.504807	2.10117	-0.0276339	-1.62565	-1.93971	0.407325	-0.718449	0.83056	0.288074	1.76049	2.996	0.665833	2.91807	-1.22448	2.98031	
0.501884	2.17549	-0.0955966	-1.70875	-1.93677	0.440329	-0.774587	0.874201	0.228574	1.8156	3.05816	0.617002	2.93821	-1.20986	3.03378	
