0.517739	-2.00957	-1.19636	0.944045	-1.67863	-1.43064	-1.71379	-0.886296	-2.53695	-1.74951	-0.707763	1.10535	2.07834	-1.20704	0.321716	
0.420079	-1.99985	-1.19045	1.02301	-1.60865	-1.39854	-1.69391	-0.886813	-2.4786	-1.74401	-0.752909	1.13523	2.0216	-1.21131	0.410832	
0.322418	-1.99014	-1.18455	1.10198	-1.53867	-1.36644	-1.67403	-0.887331	-2.42026	-1.73851	-0.798055	1.16511	1.96487	-1.21559	0.499948	
0.224758	-1.98043	-1.17864	1.18095	-1.46869	-1.33434	-1.65416	-0.887848	-2.36191	-1.73301	-0.843202	1.19499	1.90813	-1.21986	0.589063	
0.127097	-1.97071	-1.17274	1.25992	-1.39872	-1.30224	-1.63428	-0.888365	-2.30356	-1.72751	-0.888348	1.22487	1.85139	-1.22413	0.678179	
0.0294366	-1.961	-1.16683	1.33889	-1.32874	-1.27014	-1.61441	-0.888883	-2.24521	-1.72201	-0.933494	1.25475	1.79465	-1.2284	0.767294	
-0.068224	-1.95129	-1.16093	1.41786	-1.25876	-1.23805	-1.59453	-0.8894	-2.18687	-1.71651	-0.978641	1.28464	1.73792	-1.23267	0.85641	
-0.165885	-1.94158	-1.15503	1.49683	-1.18878	-1.20595	-1.57465	-0.889918	-2.12852	-1.71101	-1.02379	1.31452	1.68118	-1.23695	0.945525	
-0.263545	-1.93186	-1.14912	1.5758	-1.1188	-1.17385	-1.55478	-0.890435	-2.07017	-1.70551	-1.06893	1.3444	1.62444	-1.24122	1.03464	
-0.302687	-1.83685	-1.10157	1.60227	-1.15331	-1.0583	-1.5067	-0.922568	-2.07921	-1.74365	-1.06201	1.30874	1.59616	-1.2748	1.08405	
-0.341828	-1.74183	-1.05402	1.62874	-1.18782	-0.942762	-1.45862	-0.954702	-2.08824	-1.78178	-1.05508	1.27308	1.56788	-1.30839	1.13345	
-0.38097	-1.64681	-1.00647	1.65521	-1.22232	-0.82722	-1.41054	-0.986835	-2.09727	-1.81991	-1.04815	1.23742	1.5396	-1.34197	1.18286	
-0.420112	-1.5518	-0.958917	1.68168	-1.25683	-0.711678	-1.36246	-1.01897	-2.10631	-1.85804	-1.04123	1.20176	1.51132	-1.37555	1.23227	
-0.459254	-1.45678	-0.911366	1.70814	-1.29133	-0.596137	-1.31438	-1.0511	-2.11534	-1.89617	-1.0343	1.16611	1.48304	-1.40914	1.28167	
-0.498395	-1.36176	-0.863814	1.73461	-1.32584	-0.480595	-1.26631	-1.08324	-2.12438	-1.9343	-1.02737	1.13045	1.45475	-1.44272	1.33108	
-0.537537	-1.26675	-0.816263	1.76108	-1.36034	-0.365053	-1.21823	-1.11537	-2.13341	-1.97243	-1.02045	1.09479	1.42647	-1.47631	1.38048	
-0.545849	-1.19445	-0.791388	1.78808	-1.37704	-0.301102	-1.22721	-1.22206	-2.09541	-1.94251	-0.948878	1.15549	1.44358	-1.43457	1.38006	
-0.55416	-1.12215	-0.766513	1.81507	-1.39374	-0.237152	-1.2362	-1.32875	-2.05741	-1.91259	-0.87731	1.21619	1.46068	-1.39283	1.37964	
-0.562472	-1.04985	-0.741638	1.84207	-1.41044	-0.173202	-1.24519	-1.43544	-2.01942	-1.88267	-0.805742	1.27689	1.47778	-1.35109	1.37921	
-0.570783	-0.977552	-0.716763	1.86907	-1.42713	-0.109252	-1.25417	-1.54213	-1.98142	-1.85275	-0.734174	1.33759	1.49488	-1.30935	1.37879	
-0.579095	-0.905253	-0.691887	1.89606	-1.44383	-0.0453014	-1.26316	-1.64882	-1.94342	-1.82282	-0.662606	1.39829	1.51198	-1.26762	1.37837	
-0.587406	-0.832954	-0.667012	1.92306	-1.46053	0.0186488	-1.27214	-1.75551	-1.90542	-1.7929	-0.591038	1.45899	1.52909	-1.22588	1.37794	
-0.591618	-0.764303	-0.632611	1.93009	-1.49388	0.0372495	-1.26834	-1.83782	-1.86719	-1.74724	-0.5303	1.52988	1.52939	-1.14797	1.36076	
-0.595829	-0.695652	-0.598211	1.93712	-1.52723	0.0558503	-1.26453	-1.92013	-1.82897	-1.70157	-0.469561	1.60077	1.5297	-1.07006	1.34357	
-0.600041	-0.627001	-0.56381	1.94416	-1.56058	0.074451	-1.26072	-2.00244	-1.79074	-1.65591	-0.408822	1.67166	1.53	-0.992157	1.32639	
-0.604252	-0.558351	-0.529409	1.95119	-1.59393	0.0930517	-1.25691	-2.08476	-1.75251	-1.61025	-0.348083	1.74255	1.5303	-0.914249	1.30921	
-0.548138	-0.484308	-0.448013	1.87632	-1.6177	0.138464	-1.24912	-2.08377	-1.7408	-1.64277	-0.387558	1.71541	1.52899	-0.929506	1.2889	
-0.492024	-0.410266	-0.366617	1.80145	-1.64147	0.183876	-1.24134	-2.08278	-1.72909	-1.6753	-0.427033	1.68827	1.52767	-0.944763	1.2686	
-0.43591	-0.336224	-0.285221	1.72658	-1.66524	0.229289	-1.23355	-2.0818	-1.71738	-1.70783	-0.466507	1.66114	1.52636	-0.960019	1.2483	
-0.379796	-0.262182	-0.203825	1.65171	-1.68901	0.274701	-1.22576	-2.08081	-1.70567	-1.74036	-0.505982	1.634	1.52504	-0.975276	1.228	
-0.326395	-0.198657	-0.136337	1.57334	-1.68559	0.341044	-1.20837	-2.09258	-1.74388	-1.74518	-0.559262	1.58495	1.54646	-1.02819	1.20828	
-0.272995	-0.135132	-0.0688483	1.49498	-1.68218	0.407386	-1.19098	-2.10434	-1.7821	-1.75001	-0.612542	1.5359	1.56787	-1.0811	1.18857	
-0.219594	-0.0716066	-0.00135994	1.41662	-1.67876	0.473729	-1.17359	-2.11611	-1.82032	-1.75484	-0.665822	1.48686	1.58928	-1.13401	1.16886	
-0.166194	-0.00808147	0.0661284	1.33826	-1.67535	0.540071	-1.1562	-2.12787	-1.85853	-1.75966	-0.719102	1.43781	1.6107	-1.18692	1.14915	
-0.112793	0.0554436	0.133617	1.2599	-1.67193	0.606414	-1.13881	-2.13964	-1.89675	-1.76449	-0.772382	1.38876	1.63211	-1.23983	1.12944	
-0.059393	0.118969	0.201105	1.18153	-1.66852	0.672756	-1.12143	-2.15141	-1.93497	-1.76932	-0.825662	1.33971	1.65353	-1.29274	1.10973	
-0.00599263	0.182494	0.268593	1.10317	-1.6651	0.739099	-1.10404	-2.16317	-1.97318	-1.77414	-0.878942	1.29066	1.67494	-1.34565	1.09002	
0.0474078	0.246019	0.336082	1.02481	-1.66169	0.805442	-1.08665	-2.17494	-2.0114	-1.77897	-0.932222	1.24162	1.69636	-1.39856	1.07031	
0.100808	0.309544	0.40357	0.946449	-1.65827	0.871784	-1.06926	-2.1867	-2.04961	-1.7838	-0.985501	1.19257	1.71777	-1.45146	1.0506	
0.140904	0.309716	0.424708	0.919903	-1.64016	0.83892	-1.02645	-2.08512	-2.08072	-1.79809	-1.04717	1.08483	1.72046	-1.48678	1.03459	
0.180999	0.309888	0.445847	0.893357	-1.62205	0.806056	-0.983645	-1.98354	-2.11183	-1.81237	-1.10884	0.977085	1.72315	-1.5221	1.01859	
0.221095	0.31006	0.466985	0.866811	-1.60394	0.773193	-0.940837	-1.88195	-2.14293	-1.82666	-1.17051	0.869342	1.72584	-1.55742	1.00258	
0.26119	0.310231	0.488124	0.840265	-1.58583	0.740329	-0.89803	-1.78037	-2.17404	-1.84095	-1.23218	0.7616	1.72853	-1.59274	0.986579	
0.301286	0.310403	0.509263	0.813719	-1.56772	0.707465	-0.855222	-1.67879	-2.20514	-1.85524	-1.29385	0.653857	1.73122	-1.62805	0.970575	
0.341381	0.310575	0.530401	0.787173	-1.54961	0.674601	-0.812415	-1.5772	-2.23625	-1.86953	-1.35552	0.546115	1.73391	-1.66337	0.954571	
0.381477	0.310747	0.55154	0.760627	-1.5315	0.641737	-0.769608	-1.47562	-2.26736	-1.88382	-1.41719	0.438372	1.7366	-1.69869	0.938567	
0.387433	0.260684	0.53564	0.786666	-1.54291	0.550069	-0.777271	-1.33203	-2.2745	-1.89576	-1.46386	0.370289	1.73621	-1.69409	0.943146	
0.393389	0.210621	0.51974	0.812705	-1.55432	0.4584	-0.784934	-1.18845	-2.28165	-1.9077	-1.51052	0.302205	1.73582	-1.68949	0.947726	
0.399346	0.160558	0.503841	0.838744	-1.56574	0.366731	-0.792597	-1.04486	-2.28879	-1.91964	-1.55719	0.234122	1.73543	-1.68489	0.952305	
0.405302	0.110495	0.487941	0.864784	-1.57715	0.275063	-0.80026	-0.901272	-2.29594	-1.93158	-1.60385	0.166039	1.73504	-1.68029	0.956884	
0.411258	0.0604325	0.472042	0.890823	-1.58856	0.183394	-0.807924	-0.757686	-2.30309	-1.94351	-1.65052	0.0979553	1.73466	-1.67569	0.961464	
0.417215	0.0103696	0.456142	0.916862	-1.59997	0.0917258	-0.815587	-0.6141	-2.31023	-1.95545	-1.69719	0.029872	1.73427	-1.67109	0.966043	
0.423171	-0.0396933	0.440243	0.942901	-1.61138	5.72039e-05	-0.82325	-0.470513	-2.31738	-1.96739	-1.74385	-0.0382113	1.73388	-1.66649	0.970622	
0.429127	-0.0897562	0.424343	0.96894	-1.62279	-0.0916113	-0.830913	-0.326927	-2.32453	-1.97933	-1.79052	-0.106295	1.73349	-1.66189	0.975202	
0.435083	-0.139819	0.408444	0.994979	-1.63421	-0.18328	-0.838576	-0.18334	-2.33167	-1.99127	-1.83718	-0.174378	1.7331	-1.65729	0.979781	
0.416287	-0.116174	0.47068	0.977599	-1.65004	-0.139348	-0.804178	-0.087142	-2.34187	-1.92727	-1.88186	-0.245747	1.68801	-1.65635	1.05346	
0.397491	-0.0925299	0.532916	0.960218	-1.66588	-0.0954156	-0.769779	0.00905645	-2.35207	-1.86328	-1.92654	-0.317115	1.64292	-1.65541	1.12714	
0.378695	-0.0688854	0.595153	0.942838	-1.68172	-0.0514835	-0.73538	0.105255	-2.36227	-1.79929	-1.97122	-0.388484	1.59782	-1.65448	1.20081	
0.359899	-0.0452408	0.657389	0.925457	-1.69756	-0.00755132	-0.700982	0.201453	-2.37247	-1.73529	-2.01589	-0.459852	1.55273	-1.65354	1.27449	
0.341103	-0.0215962	0.719626	0.908077	-1.71339	0.0363808	-0.666583	0.297652	-2.38267	-1.6713	-2.06057	-0.531221	1.50764	-1.6526	1.34817	
0.322307	0.00204831	0.781862	0.890696	-1.72923	0.080313	-0.632185	0.39385	-2.39287	-1.6073	-2.10525	-0.60259	1.46255	-1.65166	1.42184	
0.303511	0.0256929	0.844098	0.873316	-1.74507	0.124245	-0.597786	0.490048	-2.40307	-1.54331	-2.14993	-0.673958	1.41746	-1.65072	1.49552	
0.284714	0.0493374	0.906335	0.855936	-1.76091	0.168177	-0.563387	0.586247	-2.41327	-1.47932	-2.1946	-0.745327	1.37237	-1.64978	1.5692	
0.265918	0.072982	0.968571	0.838555	-1.77674	0.212109	-0.528989	0.682445	-2.42348	-1.41532	-2.23928	-0.816695	1.32728	-1.64885	1.64288	
0.209191	0.0984485	1.00493	0.793033	-1.80878	0.281744	-0.452795	0.725942	-2.4239	-1.3775	-2.23048	-0.845784	1.29862	-1.66455	1.71936	
0.152463	0.123915	1.04129	0.747511	-1.84081	0.351378	-0.3766	0.76944	-2.42432	-1.33969	-2.22168	-0.874873	1.26997	-1.68026	1.79584	
0.0957361	0.149382	1.07765	0.701989	-1.87284	0.421012	-0.300406	0.812937	-2.42475	-1.30187	-2.21289	-0.903961	1.24132	-1.69596	1.87232	
0.0390087	0.174848	1.11401	0.656467	-1.90487	0.490647	-0.224212	0.856434	-2.42517	-1.26405	-2.20409	-0.93305	1.21266	-1.71167	1.94881	
-0.0177187	0.200315	1.15037	0.610945	-1.9369	0.560281	-0.148018	0.899931	-2.42559	-1.22624	-2.19529	-0.962139	1.18401	-1.72738	2.02529	
-0.0744461	0.225781	1.18673	0.565423	-1.96893	0.629915	-0.0718233	0.943428	-2.42602	-1.18842	-2.18649	-0.991228	1.15536	-1.74308	2.10177	
-0.144992	0.233541	1.1525	0.543048	-1.99444	0.717593	-0.0339267	0.862069	-2.40825	-1.21616	-2.23338	-0.932253	1.11944	-1.74086	2.15945	
-0.215538	0.2413	1.11826	0.520673	-2.01995	0.805272	0.00397003	0.780711	-2.39048	-1.2439	-2.28026	-0.873279	1.08352	-1.73864	2.21712	
-0.286084	0.249059	1.08403	0.498297	-2.04546	0.89295	0.0418667	0.699352	-2.37271	-1.27164	-2.32715	-0.814305	1.0476	-1.73641	2.2748	
-0.356629	0.256819	1.04979	0.475922	-2.07097	0.980628	0.0797634	0.617994	-2.35494	-1.29938	-2.37404	-0.755331	1.01169	-1.73419	2.33248	
-0.427175	0.264578	1.01555	0.453547	-2.09649	1.06831	0.11766	0.536635	-2.33717	-1.32712	-2.42092	-0.696357	0.975771	-1.73197	2.39015	
-0.457412	0.201399	1.0273	0.45771	-2.08262	1.16868	0.138746	0.436682	-2.35905	-1.33982	-2.46771	-0.654333	0.961554	-1.74531	2.39942	
-0.487648	0.138221	1.03905	0.461873	-2.06876	1.26905	0.159831	0.336729	-2.38094	-1.35252	-2.51449	-0.612309	0.947338	-1.75864	2.4087	
-0.517885	0.0750422	1.0508	0.466036	-2.05489	1.36942	0.180917	0.236776	-2.40283	-1.36522	-2.56127	-0.570285	0.933122	-1.77198	2.41797	
-0.548121	0.0118635	1.06255	0.470199	-2.04103	1.4698	0.202003	0.136823	-2.42472	-1.37792	-2.60805	-0.528261	0.918905	-1.78532	2.42724	
-0.578358	-0.0513152	1.07429	0.474362	-2.02716	1.57017	0.223089	0.0368699	-2.44661	-1.39062	-2.65484	-0.486237	0.904689	-1.79866	2.43652	
-0.628617	-0.0564831	1.07382	0.451198	-1.99962	1.61253	0.224213	-0.105355	-2.50021	-1.37684	-2.67393	-0.48127	0.877741	-1.79859	2.38679	
-0.678876	-0.061651	1.07335	0.428035	-1.97207	1.6549	0.225337	-0.247579	-2.5538	-1.36306	-2.69303	-0.476303	0.850792	-1.79852	2.33706	
-0.729136	-0.0668189	1.07288	0.404871	-1.94452	1.69726	0.226461	-0.389804	-2.6074	-1.34929	-2.71212	-0.471336	0.823844	-1.79845	2.28734	
-0.779395	-0.0719869	1.0724	0.381708	-1.91698	1.73962	0.227585	-0.532028	-2.661	-1.33551	-2.73122	-0.466369	0.796895	-1.79838	2.23761	
-0.829655	-0.0771548	1.07193	0.358545	-1.88943	1.78199	0.228709	-0.674253	-2.71459	-1.32174	-2.75032	-0.461402	0.769947	-1.79831	2.18789	
-0.879914	-0.0823227	1.07146	0.335381	-1.86189	1.82435	0.229833	-0.816477	-2.76819	-1.30796	-2.76941	-0.456435	0.742999	-1.79825	2.13816	
-0.847656	-0.0508804	1.10101	0.276264	-1.81229	1.89686	0.285188	-0.866648	-2.79009	-1.23427	-2.78441	-0.543693	0.715896	-1.73234	2.17318	
-0.815397	-0.0194381	1.13056	0.217147	-1.76269	1.96936	0.340543	-0.916819	-2.81199	-1.16058	-2.7994	-0.630951	0.688794	-1.66644	2.20819	
-0.783139	0.0120042	1.16011	0.158029	-1.7131	2.04187	0.395898	-0.966991	-2.8339	-1.08689	-2.81439	-0.718209	0.661692	-1.60054	2.24321	
-0.750881	0.0434466	1.18966	0.0989116	-1.6635	2.11437	0.451253	-1.01716	-2.8558	-1.0132	-2.82938	-0.805467	0.634589	-1.53464	2.27823	
-0.718622	0.0748889	1.21922	0.0397942	-1.6139	2.18688	0.506608	-1.06733	-2.8777	-0.939513	-2.84438	-0.892725	0.607487	-1.46874	2.31325	
-0.686364	0.106331	1.24877	-0.0193233	-1.56431	2.25938	0.561963	-1.1175	-2.89961	-0.865823	-2.85937	-0.979983	0.580384	-1.40283	2.34826	
-0.654106	0.137774	1.27832	-0.0784408	-1.51471	2.33189	0.617318	-1.16768	-2.92151	-0.792133	-2.87436	-1.06724	0.553282	-1.33693	2.38328	
-0.613127	0.181055	1.30793	-0.111846	-1.47536	2.38032	0.663651	-1.21528	-2.94882	-0.714366	-2.87047	-1.15728	0.509081	-1.25545	2.4322	
-0.572149	0.224337	1.33754	-0.145251	-1.43602	2.42875	0.709983	-1.26289	-2.97614	-0.636599	-2.86657	-1.24732	0.464879	-1.17397	2.48111	
-0.53117	0.267619	1.36715	-0.178657	-1.39667	2.47718	0.756315	-1.31049	-3.00345	-0.558833	-2.86268	-1.33737	0.420678	-1.09248	2.53003	
-0.490192	0.310901	1.39676	-0.212062	-1.35733	2.52561	0.802648	-1.3581	-3.03076	-0.481066	-2.85879	-1.42741	0.376476	-1.011	2.57895	
-0.449214	0.354182	1.42637	-0.245467	-1.31798	2.57404	0.84898	-1.4057	-3.05807	-0.403299	-2.85489	-1.51745	0.332275	-0.929516	2.62787	
-0.408235	0.397464	1.45598	-0.278873	-1.27864	2.62247	0.895313	-1.45331	-3.08538	-0.325532	-2.851	-1.60749	0.288073	-0.848032	2.67678	
