0	0.785398	1.25664	-1.5708	-1.5708	0	0	0	0.785398	1.25664	-1.5708	-1.5708	0	0	0	
-0.0138278	0.721157	1.24354	-1.50783	-1.48002	0.0490037	0.0197303	-0.0187359	0.749126	1.27026	-1.56034	-1.48982	0.0599465	0.01667	-0.0622104	
-0.0276555	0.656917	1.23045	-1.44486	-1.38925	0.0980075	0.0394605	-0.0374718	0.712853	1.28388	-1.54989	-1.40884	0.119893	0.0333401	-0.124421	
-0.0414833	0.592676	1.21736	-1.3819	-1.29847	0.147011	0.0591908	-0.0562076	0.67658	1.29751	-1.53943	-1.32787	0.17984	0.0500101	-0.186631	
-0.055311	0.528435	1.20426	-1.31893	-1.2077	0.196015	0.078921	-0.0749435	0.640308	1.31113	-1.52898	-1.24689	0.239786	0.0666801	-0.248842	
-0.0691388	0.464194	1.19117	-1.25596	-1.11692	0.245019	0.0986513	-0.0936794	0.604035	1.32476	-1.51853	-1.16592	0.299733	0.0833502	-0.311052	
-0.0829665	0.399953	1.17808	-1.193	-1.02614	0.294022	0.118382	-0.112415	0.567762	1.33838	-1.50807	-1.08494	0.359679	0.10002	-0.373262	
-0.129353	0.35979	1.19332	-1.12013	-0.935802	0.282743	0.10216	-0.0407828	0.527749	1.33547	-1.49765	-1.01611	0.416241	0.117307	-0.43889	
-0.17574	0.319627	1.20857	-1.04727	-0.845461	0.271464	0.0859379	0.0308496	0.487737	1.33255	-1.48723	-0.947289	0.472804	0.134595	-0.504518	
-0.222127	0.279464	1.22382	-0.974408	-0.755119	0.260185	0.0697161	0.102482	0.447724	1.32963	-1.47681	-0.878464	0.529366	0.151882	-0.570145	
-0.268514	0.239301	1.23907	-0.901546	-0.664777	0.248905	0.0534943	0.174114	0.407711	1.32672	-1.46639	-0.809639	0.585928	0.169169	-0.635773	
-0.314901	0.199138	1.25432	-0.828683	-0.574435	0.237626	0.0372725	0.245747	0.367698	1.3238	-1.45597	-0.740813	0.642491	0.186456	-0.701401	
-0.361288	0.158975	1.26957	-0.75582	-0.484093	0.226347	0.0210507	0.317379	0.327685	1.32089	-1.44555	-0.671988	0.699053	0.203743	-0.767028	
-0.434444	0.14917	1.29323	-0.705992	-0.435765	0.215979	0.0194972	0.381856	0.294429	1.31114	-1.39739	-0.627666	0.761723	0.216761	-0.804637	
-0.5076	0.139365	1.31689	-0.656164	-0.387437	0.205612	0.0179437	0.446332	0.261173	1.30139	-1.34923	-0.583344	0.824393	0.229778	-0.842245	
-0.580755	0.12956	1.34055	-0.606336	-0.339109	0.195244	0.0163902	0.510808	0.227917	1.29164	-1.30107	-0.539021	0.887063	0.242796	-0.879854	
-0.653911	0.119754	1.36422	-0.556508	-0.290782	0.184877	0.0148367	0.575285	0.19466	1.28189	-1.25291	-0.494699	0.949734	0.255813	-0.917462	
-0.727067	0.109949	1.38788	-0.50668	-0.242454	0.17451	0.0132831	0.639761	0.161404	1.27213	-1.20475	-0.450377	1.0124	0.268831	-0.955071	
-0.810105	0.137108	1.39392	-0.53016	-0.259565	0.196135	0.0495039	0.603019	0.149753	1.25509	-1.07865	-0.452129	1.09845	0.276951	-0.935072	
-0.893143	0.164267	1.39995	-0.55364	-0.276677	0.217761	0.0857246	0.566276	0.138103	1.23805	-0.952554	-0.453881	1.1845	0.285072	-0.915074	
-0.976181	0.191426	1.40599	-0.57712	-0.293789	0.239386	0.121945	0.529534	0.126452	1.221	-0.826456	-0.455633	1.27055	0.293192	-0.895076	
-1.05922	0.218585	1.41203	-0.600599	-0.310901	0.261012	0.158166	0.492792	0.114801	1.20396	-0.700357	-0.457385	1.35659	0.301313	-0.875077	
-1.14226	0.245744	1.41806	-0.624079	-0.328012	0.282638	0.194387	0.456049	0.10315	1.18692	-0.574259	-0.459137	1.44264	0.309433	-0.855079	
-1.22529	0.272903	1.4241	-0.647559	-0.345124	0.304263	0.230608	0.419307	0.0914992	1.16987	-0.448161	-0.460889	1.52869	0.317553	-0.835081	
-1.30833	0.300062	1.43014	-0.671039	-0.362236	0.325889	0.266828	0.382565	0.0798484	1.15283	-0.322063	-0.462641	1.61474	0.325674	-0.815082	
-1.39137	0.327221	1.43618	-0.694519	-0.379347	0.347515	0.303049	0.345822	0.0681976	1.13579	-0.195965	-0.464392	1.70078	0.333794	-0.795084	
-1.47441	0.35438	1.44221	-0.717999	-0.396459	0.36914	0.33927	0.30908	0.0565467	1.11874	-0.0698666	-0.466144	1.78683	0.341915	-0.775086	
-1.55745	0.381539	1.44825	-0.741479	-0.413571	0.390766	0.375491	0.272338	0.0448959	1.1017	0.0562315	-0.467896	1.87288	0.350035	-0.755087	
-1.64048	0.408699	1.45429	-0.764958	-0.430683	0.412392	0.411711	0.235595	0.0332451	1.08466	0.18233	-0.469648	1.95892	0.358156	-0.735089	
-1.72352	0.435858	1.46033	-0.788438	-0.447794	0.434017	0.447932	0.198853	0.0215943	1.06761	0.308428	-0.4714	2.04497	0.366276	-0.715091	
-1.80656	0.463017	1.46636	-0.811918	-0.464906	0.455643	0.484153	0.162111	0.00994342	1.05057	0.434526	-0.473152	2.13102	0.374396	-0.695092	
-1.78319	0.554348	1.45399	-0.827044	-0.468493	0.503498	0.541193	0.105057	0.0931837	1.0598	0.483934	-0.471537	2.1298	0.421004	-0.642752	
-1.75983	0.645679	1.44162	-0.84217	-0.472079	0.551352	0.598234	0.048004	0.176424	1.06904	0.533343	-0.469921	2.12857	0.467612	-0.590412	
-1.73646	0.737011	1.42924	-0.857296	-0.475666	0.599207	0.655275	-0.00904934	0.259664	1.07827	0.582751	-0.468306	2.12735	0.514219	-0.538072	
-1.7131	0.828342	1.41687	-0.872423	-0.479252	0.647061	0.712315	-0.0661026	0.342904	1.08751	0.63216	-0.466691	2.12612	0.560827	-0.485732	
-1.68973	0.919674	1.40449	-0.887549	-0.482839	0.694916	0.769356	-0.123156	0.426145	1.09674	0.681568	-0.465076	2.1249	0.607435	-0.433391	
-1.58012	0.979302	1.37144	-0.860386	-0.512604	0.711522	0.786943	-0.123471	0.515392	1.10234	0.625357	-0.49499	2.06039	0.610078	-0.388684	
-1.47051	1.03893	1.33838	-0.833224	-0.542368	0.728127	0.804531	-0.123787	0.60464	1.10794	0.569146	-0.524904	1.99587	0.612722	-0.343977	
-1.3609	1.09856	1.30532	-0.806062	-0.572133	0.744733	0.822118	-0.124103	0.693888	1.11354	0.512934	-0.554817	1.93135	0.615366	-0.299269	
-1.25129	1.15818	1.27226	-0.778899	-0.601898	0.761339	0.839705	-0.124418	0.783135	1.11914	0.456723	-0.584731	1.86684	0.618009	-0.254562	
-1.14167	1.21781	1.2392	-0.751737	-0.631663	0.777944	0.857292	-0.124734	0.872383	1.12474	0.400512	-0.614645	1.80232	0.620653	-0.209854	
-1.03206	1.27744	1.20614	-0.724575	-0.661427	0.79455	0.874879	-0.125049	0.961631	1.13034	0.344301	-0.644559	1.73781	0.623297	-0.165147	
-0.922452	1.33707	1.17309	-0.697412	-0.691192	0.811156	0.892467	-0.125365	1.05088	1.13594	0.28809	-0.674473	1.67329	0.62594	-0.120439	
-0.865854	1.34571	1.17683	-0.743642	-0.74226	0.76651	0.846759	-0.118259	1.07936	1.14178	0.182615	-0.728032	1.58276	0.593953	-0.114851	
-0.809255	1.35436	1.18058	-0.789871	-0.793328	0.721864	0.801051	-0.111153	1.10785	1.14761	0.0771404	-0.781592	1.49222	0.561966	-0.109263	
-0.752657	1.36301	1.18432	-0.836101	-0.844397	0.677219	0.755344	-0.104047	1.13633	1.15345	-0.0283342	-0.835152	1.40168	0.529979	-0.103674	
-0.696058	1.37166	1.18807	-0.88233	-0.895465	0.632573	0.709636	-0.0969415	1.16481	1.15929	-0.133809	-0.888711	1.31115	0.497992	-0.0980858	
-0.63946	1.3803	1.19182	-0.928559	-0.946533	0.587927	0.663928	-0.0898357	1.1933	1.16512	-0.239283	-0.942271	1.22061	0.466005	-0.0924975	
-0.582862	1.38895	1.19556	-0.974789	-0.997601	0.543282	0.618221	-0.0827299	1.22178	1.17096	-0.344758	-0.99583	1.13007	0.434018	-0.0869092	
-0.526263	1.3976	1.19931	-1.02102	-1.04867	0.498636	0.572513	-0.0756241	1.25026	1.1768	-0.450233	-1.04939	1.03954	0.402031	-0.0813208	
-0.469665	1.40625	1.20306	-1.06725	-1.09974	0.45399	0.526806	-0.0685183	1.27875	1.18264	-0.555707	-1.10295	0.948999	0.370044	-0.0757325	
-0.413066	1.41489	1.2068	-1.11348	-1.15081	0.409344	0.481098	-0.0614125	1.30723	1.18847	-0.661182	-1.15651	0.858462	0.338057	-0.0701442	
-0.356468	1.42354	1.21055	-1.15971	-1.20187	0.364699	0.43539	-0.0543067	1.33571	1.19431	-0.766657	-1.21007	0.767925	0.30607	-0.0645558	
-0.299869	1.43219	1.2143	-1.20594	-1.25294	0.320053	0.389683	-0.0472009	1.3642	1.20015	-0.872131	-1.26363	0.677388	0.274083	-0.0589675	
-0.243271	1.44083	1.21804	-1.25217	-1.30401	0.275407	0.343975	-0.0400951	1.39268	1.20599	-0.977606	-1.31719	0.586851	0.242096	-0.0533792	
-0.186673	1.44948	1.22179	-1.2984	-1.35508	0.230761	0.298267	-0.0329893	1.42116	1.21182	-1.08308	-1.37075	0.496314	0.210109	-0.0477908	
-0.130074	1.45813	1.22554	-1.34462	-1.40615	0.186116	0.25256	-0.0258835	1.44965	1.21766	-1.18856	-1.42431	0.405778	0.178122	-0.0422025	
-0.0734758	1.46678	1.22928	-1.39085	-1.45721	0.14147	0.206852	-0.0187777	1.47813	1.2235	-1.29403	-1.47787	0.315241	0.146135	-0.0366142	
-0.0168774	1.47542	1.23303	-1.43708	-1.50828	0.0968243	0.161144	-0.0116719	1.50661	1.22933	-1.3995	-1.53143	0.224704	0.114148	-0.0310258	
0.0397211	1.48407	1.23677	-1.48331	-1.55935	0.0521786	0.115437	-0.00456614	1.5351	1.23517	-1.50498	-1.58499	0.134167	0.0821606	-0.0254375	
0.0963195	1.49272	1.24052	-1.52954	-1.61042	0.00753288	0.0697292	0.00253965	1.56358	1.24101	-1.61045	-1.63854	0.0436301	0.0501735	-0.0198492	
