0	0.785398	1.25664	-1.5708	-1.5708	0	0	0	0.785398	1.25664	-1.5708	-1.5708	0	0	0	
-0.0256713	0.699982	1.25108	-1.52281	-1.50128	0.0539431	0.0367084	-0.0577732	0.729475	1.24899	-1.55629	-1.49541	-0.0177473	0.0107043	0.034782	
-0.0512249	0.614958	1.24555	-1.47505	-1.43209	0.107639	0.0732484	-0.115282	0.673807	1.24138	-1.54186	-1.42037	-0.0354131	0.0213595	0.0694044	
-0.0563105	0.598037	1.24445	-1.46554	-1.41831	0.118325	0.0805206	-0.126727	0.662729	1.23986	-1.53898	-1.40543	-0.038929	0.0234801	0.0762949	
-0.0516849	0.561788	1.2199	-1.42845	-1.35477	0.157838	0.0960119	-0.149168	0.65146	1.25698	-1.53025	-1.35465	0.0199052	0.0346776	0.00782233	
-0.0471251	0.525702	1.20613	-1.3927	-1.29397	0.20288	0.111013	-0.164941	0.640706	1.28308	-1.52222	-1.30351	0.0824137	0.0472519	-0.0550036	
-0.0426387	0.492141	1.18951	-1.35609	-1.23962	0.243159	0.125773	-0.18633	0.628181	1.30063	-1.51844	-1.2558	0.140658	0.0580079	-0.119033	
-0.038227	0.459138	1.17317	-1.32009	-1.18617	0.282767	0.140288	-0.207363	0.615864	1.31789	-1.51472	-1.20889	0.197933	0.0685847	-0.181995	
-0.0338919	0.426708	1.15711	-1.28472	-1.13365	0.321687	0.154551	-0.22803	0.603762	1.33485	-1.51106	-1.16279	0.254213	0.0789778	-0.243865	
-0.0296351	0.394864	1.14134	-1.24999	-1.08207	0.359904	0.168556	-0.248325	0.591877	1.3515	-1.50747	-1.11753	0.309477	0.0891832	-0.304617	
-0.0254583	0.363619	1.12587	-1.21591	-1.03147	0.397403	0.182298	-0.268237	0.580217	1.36784	-1.50394	-1.07311	0.363701	0.0991968	-0.364226	
-0.0213631	0.332984	1.1107	-1.18249	-0.981857	0.43417	0.195771	-0.287761	0.568784	1.38386	-1.50049	-1.02957	0.416867	0.109015	-0.422672	
-0.0184972	0.324405	1.13341	-1.14894	-0.964851	0.458819	0.201841	-0.299963	0.547923	1.39703	-1.53166	-0.975625	0.443308	0.108043	-0.464848	
-0.0171838	0.314962	1.13207	-1.13833	-0.952341	0.469769	0.20567	-0.307346	0.543874	1.40163	-1.53398	-0.961005	0.459839	0.108161	-0.482938	
-0.0244288	0.307685	1.13518	-1.14327	-0.954717	0.46491	0.205286	-0.307577	0.534291	1.39815	-1.53077	-0.960499	0.465786	0.104864	-0.484401	
-0.0738453	0.28303	1.14786	-1.08247	-0.878925	0.4266	0.166057	-0.21553	0.50161	1.37743	-1.5141	-0.917398	0.506727	0.119756	-0.52688	
-0.12293	0.25854	1.16046	-1.02209	-0.803642	0.388547	0.127091	-0.1241	0.469148	1.35684	-1.49754	-0.874586	0.547394	0.134548	-0.569074	
-0.171661	0.234227	1.17297	-0.96214	-0.728902	0.350769	0.0884057	-0.0333299	0.436921	1.33641	-1.4811	-0.832083	0.587767	0.149233	-0.610964	
-0.220014	0.206	1.20606	-0.91111	-0.648137	0.314047	0.0650115	0.0597765	0.409045	1.33798	-1.46662	-0.7842	0.62102	0.151949	-0.653112	
-0.267855	0.181577	1.22438	-0.852119	-0.577415	0.283067	0.0455765	0.149078	0.377959	1.33189	-1.45951	-0.738022	0.654761	0.172054	-0.699982	
-0.315198	0.157408	1.24252	-0.793742	-0.50743	0.252409	0.0263441	0.237448	0.347198	1.32586	-1.45248	-0.692325	0.688151	0.19195	-0.746364	
-0.362011	0.133509	1.26045	-0.736018	-0.438227	0.222095	0.00732666	0.324831	0.31678	1.3199	-1.44552	-0.647139	0.721166	0.211623	-0.792227	
-0.408263	0.109898	1.27816	-0.678987	-0.369855	0.192145	-0.0114625	0.411165	0.286728	1.31401	-1.43865	-0.602495	0.753786	0.23106	-0.837539	
-0.453919	0.0918419	1.32557	-0.623725	-0.314315	0.167674	-0.0282528	0.50163	0.25181	1.31182	-1.4376	-0.555462	0.781724	0.22758	-0.879925	
-0.498919	0.0739202	1.35198	-0.562814	-0.260528	0.146372	-0.0367669	0.589574	0.21752	1.30763	-1.44147	-0.508309	0.809041	0.247017	-0.93091	
-0.543265	0.0562587	1.378	-0.502786	-0.207521	0.125379	-0.0451573	0.676242	0.183728	1.30349	-1.44528	-0.461841	0.835961	0.266173	-0.981155	
-0.586921	0.0388723	1.40362	-0.443694	-0.155339	0.104713	-0.0534172	0.76156	0.150461	1.29942	-1.44903	-0.416096	0.862462	0.285029	-1.03062	
-0.629848	0.0217763	1.42882	-0.385588	-0.10403	0.0843921	-0.061539	0.845453	0.117751	1.29542	-1.45272	-0.371116	0.88852	0.303571	-1.07925	
-0.672006	0.0130721	1.47342	-0.329583	-0.067123	0.0663034	-0.0788979	0.93074	0.0775404	1.28266	-1.46023	-0.33132	0.911666	0.295656	-1.126	
-0.713378	0.00128702	1.50279	-0.272884	-0.025705	0.0471969	-0.0876933	1.01439	0.0413227	1.27729	-1.47362	-0.286404	0.932458	0.306004	-1.17926	
-0.784621	0.0529209	1.45925	-0.191783	-0.0478969	0.110156	-0.0973987	1.0185	0.103252	1.29917	-1.39254	-0.275211	0.992841	0.260332	-1.14819	
-0.855699	0.104436	1.41581	-0.110869	-0.0700376	0.172969	-0.107082	1.02261	0.165037	1.321	-1.31165	-0.264043	1.05309	0.214765	-1.11718	
-0.926583	0.155809	1.37249	-0.0301777	-0.0921177	0.23561	-0.116738	1.0267	0.226654	1.34277	-1.23098	-0.252907	1.11316	0.169324	-1.08626	
-0.961908	0.181411	1.3509	0.0100355	-0.103121	0.266827	-0.121551	1.02874	0.257361	1.35362	-1.19078	-0.247356	1.1431	0.146678	-1.07086	
-1.0332	0.189667	1.3599	-0.0488057	-0.137531	0.280989	-0.0875231	0.969265	0.240816	1.3116	-1.06917	-0.248324	1.22308	0.152913	-1.03967	
-1.10437	0.197909	1.36888	-0.107546	-0.171882	0.295126	-0.0535537	0.909891	0.224299	1.26966	-0.947776	-0.24929	1.30292	0.159139	-1.00853	
-1.17539	0.205156	1.37522	-0.164934	-0.203402	0.307952	-0.0192789	0.849376	0.208795	1.25165	-0.822927	-0.273387	1.3848	0.187557	-0.980474	
-1.24633	0.218607	1.38308	-0.224032	-0.23582	0.322506	0.0157155	0.791673	0.187096	1.21699	-0.697836	-0.279604	1.46637	0.198682	-0.954198	
-1.31718	0.23204	1.39093	-0.283055	-0.268197	0.337041	0.0506654	0.734045	0.165425	1.18237	-0.572904	-0.285814	1.54783	0.209793	-0.927954	
-1.38791	0.245452	1.39877	-0.341982	-0.300521	0.351552	0.0855582	0.67651	0.14379	1.14781	-0.448176	-0.292013	1.62916	0.220885	-0.901754	
-1.45849	0.258835	1.40659	-0.400783	-0.332776	0.366033	0.120377	0.619098	0.122201	1.11333	-0.323714	-0.298199	1.71031	0.231954	-0.87561	
-1.52887	0.282923	1.41555	-0.452732	-0.35873	0.377598	0.164629	0.557673	0.0899305	1.09623	-0.200777	-0.32707	1.79024	0.242129	-0.856255	
-1.59912	0.301481	1.4237	-0.509214	-0.389402	0.391352	0.205472	0.498743	0.0632035	1.06954	-0.0746089	-0.341826	1.87076	0.253841	-0.832086	
-1.66926	0.320011	1.43184	-0.565606	-0.420025	0.405083	0.246251	0.439907	0.0365191	1.04289	0.0513579	-0.35656	1.95115	0.265536	-0.807956	
-1.73923	0.338495	1.43996	-0.621861	-0.450573	0.418782	0.28693	0.381215	0.00989959	1.0163	0.177019	-0.371257	2.03135	0.277201	-0.783885	
-1.80893	0.361162	1.45047	-0.673382	-0.468848	0.427988	0.341897	0.321926	-0.020871	1.01093	0.300966	-0.401767	2.10915	0.287562	-0.764912	
-1.87837	0.381267	1.45978	-0.727505	-0.493546	0.440963	0.393032	0.260821	-0.0490503	0.995218	0.426949	-0.424859	2.18863	0.30015	-0.742256	
-1.9477	0.401336	1.46907	-0.781531	-0.5182	0.453915	0.444076	0.199826	-0.0771793	0.979536	0.552707	-0.447908	2.26796	0.312716	-0.71964	
-2.01669	0.42131	1.47832	-0.835301	-0.542736	0.466805	0.494878	0.13912	-0.105175	0.963929	0.677868	-0.470849	2.34692	0.325222	-0.697131	
-2.08425	0.440233	1.48707	-0.883788	-0.541932	0.46507	0.56145	0.0906608	-0.131953	0.98355	0.797717	-0.51443	2.42132	0.339494	-0.678707	
-2.10113	0.442514	1.48953	-0.898036	-0.543908	0.47105	0.586346	0.0675881	-0.136197	0.983666	0.831087	-0.523835	2.44329	0.3473	-0.669816	
-2.09837	0.441973	1.49228	-0.894744	-0.545467	0.469561	0.581862	0.071081	-0.135335	0.982084	0.826236	-0.518175	2.44041	0.344346	-0.668395	
-2.09721	0.475442	1.49991	-0.915703	-0.52715	0.482671	0.58857	0.0471163	-0.108551	0.991921	0.834884	-0.506267	2.42623	0.373421	-0.658018	
-2.09543	0.526776	1.51162	-0.947849	-0.499057	0.502779	0.598857	0.0103604	-0.0674709	1.00701	0.848146	-0.488004	2.40449	0.418016	-0.642102	
-2.09361	0.579233	1.52358	-0.980699	-0.470349	0.523326	0.609369	-0.0272	-0.025492	1.02243	0.861699	-0.469341	2.38227	0.463587	-0.625838	
-2.09175	0.63474	1.5569	-1.01213	-0.454151	0.552683	0.621804	-0.05798	0.0154252	1.01446	0.887992	-0.430052	2.35203	0.489595	-0.600966	
-2.08985	0.697379	1.56777	-1.04132	-0.420705	0.572045	0.630661	-0.0893098	0.0512765	1.02616	0.900787	-0.426143	2.32848	0.538329	-0.587701	
-2.08791	0.761325	1.57886	-1.07112	-0.386562	0.591811	0.639702	-0.121293	0.087875	1.0381	0.913848	-0.422152	2.30445	0.588079	-0.574161	
-2.07232	0.769089	1.57172	-1.06433	-0.390233	0.596943	0.646297	-0.122798	0.102738	1.04093	0.905789	-0.423236	2.29784	0.590044	-0.567875	
-2.05631	0.777058	1.56438	-1.05736	-0.394002	0.602211	0.653065	-0.124343	0.117993	1.04383	0.897517	-0.424348	2.29105	0.592061	-0.561424	
-2.03988	0.785237	1.55686	-1.0502	-0.39787	0.607618	0.660012	-0.125929	0.13365	1.0468	0.889027	-0.42549	2.28409	0.594131	-0.554802	
-2.02302	0.793631	1.54914	-1.04286	-0.40184	0.613167	0.667142	-0.127557	0.14972	1.04985	0.880313	-0.426661	2.27694	0.596256	-0.548007	
-2.00571	0.802245	1.54121	-1.03532	-0.405914	0.618862	0.674459	-0.129227	0.166211	1.05298	0.871371	-0.427864	2.26961	0.598437	-0.541033	
-1.98796	0.811086	1.53308	-1.02759	-0.410094	0.624706	0.681967	-0.130941	0.183133	1.0562	0.862195	-0.429097	2.26208	0.600675	-0.533877	
-1.96974	0.820157	1.52474	-1.01965	-0.414384	0.630702	0.689672	-0.1327	0.200498	1.0595	0.852779	-0.430363	2.25436	0.602971	-0.526533	
-1.95104	0.829464	1.51617	-1.01151	-0.418786	0.636855	0.697578	-0.134505	0.218316	1.06288	0.843118	-0.431663	2.24643	0.605327	-0.518998	
-1.93186	0.839014	1.50739	-1.00315	-0.423302	0.643168	0.705689	-0.136357	0.236597	1.06635	0.833205	-0.432995	2.2383	0.607744	-0.511267	
-1.91218	0.848811	1.49838	-0.994581	-0.427935	0.649645	0.71401	-0.138256	0.255352	1.06991	0.823035	-0.434363	2.22996	0.610224	-0.503336	
-1.89199	0.858862	1.48913	-0.985788	-0.432688	0.656289	0.722546	-0.140205	0.274592	1.07357	0.812603	-0.435766	2.22141	0.612768	-0.4952	
-1.87128	0.869171	1.47965	-0.976769	-0.437564	0.663104	0.731303	-0.142204	0.294327	1.07732	0.801901	-0.437204	2.21263	0.615378	-0.486853	
-1.85004	0.879746	1.46992	-0.967517	-0.442565	0.670094	0.740285	-0.144255	0.31457	1.08116	0.790925	-0.43868	2.20363	0.618055	-0.478293	
-1.82826	0.890591	1.45994	-0.958029	-0.447694	0.677264	0.749496	-0.146358	0.335332	1.08511	0.779667	-0.440194	2.19439	0.6208	-0.469513	
-1.80591	0.901714	1.44971	-0.948298	-0.452954	0.684617	0.758943	-0.148514	0.356624	1.08915	0.768122	-0.441746	2.18493	0.623616	-0.460509	
-1.78301	0.913119	1.43922	-0.93832	-0.458348	0.692156	0.768631	-0.150726	0.378457	1.0933	0.756283	-0.443338	2.17522	0.626503	-0.451275	
-1.75951	0.924813	1.42846	-0.928089	-0.463878	0.699887	0.778563	-0.152993	0.400844	1.09755	0.744144	-0.44497	2.16526	0.629463	-0.441808	
-1.73543	0.936803	1.41743	-0.917599	-0.469548	0.707813	0.788747	-0.155318	0.423795	1.10191	0.731699	-0.446644	2.15505	0.632498	-0.432102	
-1.71074	0.949094	1.40613	-0.906846	-0.475361	0.715937	0.799186	-0.157701	0.447324	1.10638	0.718941	-0.448359	2.14459	0.635609	-0.422152	
-1.68544	0.961692	1.39454	-0.895824	-0.481319	0.724266	0.809887	-0.160144	0.471441	1.11096	0.705863	-0.450118	2.13386	0.638798	-0.411953	
-1.6595	0.974604	1.38266	-0.884528	-0.487425	0.732802	0.820854	-0.162648	0.496159	1.11565	0.69246	-0.45192	2.12287	0.642067	-0.4015	
-1.63292	0.987836	1.37049	-0.872951	-0.493683	0.741549	0.832093	-0.165213	0.52149	1.12046	0.678725	-0.453767	2.1116	0.645416	-0.390788	
-1.60569	1.0014	1.35801	-0.861089	-0.500095	0.750512	0.843609	-0.167843	0.547445	1.12539	0.664651	-0.455659	2.10006	0.648849	-0.379812	
-1.57778	1.01529	1.34523	-0.848935	-0.506664	0.759695	0.855408	-0.170536	0.574038	1.13044	0.650232	-0.457598	2.08824	0.652365	-0.368566	
-1.5492	1.02952	1.33214	-0.836486	-0.513394	0.769102	0.867494	-0.173295	0.601279	1.13562	0.63546	-0.459584	2.07612	0.655967	-0.357046	
-1.51992	1.04409	1.31873	-0.823734	-0.520287	0.778737	0.879874	-0.176122	0.629181	1.14092	0.620331	-0.461618	2.06371	0.659657	-0.345246	
-1.48992	1.06612	1.30642	-0.809503	-0.52522	0.793273	0.900155	-0.178238	0.650683	1.14019	0.60193	-0.462233	2.04712	0.651216	-0.327293	
-1.4592	1.08071	1.2919	-0.794436	-0.533985	0.802983	0.910767	-0.18033	0.680655	1.14329	0.586011	-0.471282	2.03011	0.653695	-0.310759	
-1.42776	1.09565	1.27705	-0.779012	-0.542956	0.812922	0.92163	-0.182471	0.711333	1.14647	0.569717	-0.480545	2.01269	0.656232	-0.293835	
-1.39559	1.11094	1.26184	-0.763228	-0.552138	0.823094	0.932747	-0.184662	0.74273	1.14971	0.553042	-0.490025	1.99487	0.658828	-0.276515	
-1.36266	1.12658	1.24629	-0.747078	-0.561533	0.833502	0.944122	-0.186904	0.774855	1.15304	0.53598	-0.499724	1.97664	0.661485	-0.258793	
-1.32898	1.14258	1.23037	-0.730555	-0.571144	0.844149	0.955758	-0.189198	0.807721	1.15644	0.518525	-0.509647	1.95799	0.664203	-0.240662	
-1.29453	1.15895	1.21409	-0.713656	-0.580974	0.85504	0.967661	-0.191544	0.841336	1.15991	0.500671	-0.519797	1.93891	0.666983	-0.222118	
-1.2593	1.17568	1.19745	-0.696374	-0.591027	0.866176	0.979833	-0.193943	0.875712	1.16347	0.482414	-0.530176	1.9194	0.669826	-0.203155	
-1.22328	1.1928	1.18043	-0.678705	-0.601305	0.877563	0.992277	-0.196396	0.910858	1.16711	0.463747	-0.540787	1.89945	0.672733	-0.183766	
-1.18647	1.21029	1.16303	-0.660644	-0.611811	0.889202	1.005	-0.198903	0.946783	1.17082	0.444667	-0.551634	1.87906	0.675704	-0.163948	
-1.14884	1.22816	1.14525	-0.642187	-0.622548	0.901096	1.018	-0.201466	0.983498	1.17462	0.425167	-0.56272	1.85822	0.67874	-0.143694	
-1.1104	1.24643	1.12709	-0.623328	-0.633518	0.913249	1.03128	-0.204084	1.02101	1.1785	0.405244	-0.574046	1.83693	0.681842	-0.123	
-1.07107	1.27283	1.10703	-0.602938	-0.650368	0.935924	1.04622	-0.208693	1.05166	1.17809	0.37561	-0.59169	1.81081	0.665555	-0.105944	
-1.03093	1.28934	1.0865	-0.579627	-0.667803	0.946967	1.05125	-0.205544	1.09339	1.17981	0.354439	-0.606245	1.78257	0.663695	-0.0798793	
-0.989967	1.30619	1.06555	-0.555841	-0.685594	0.958236	1.05638	-0.202332	1.13597	1.18156	0.332836	-0.621098	1.75375	0.661797	-0.0532823	
-0.948182	1.32337	1.04417	-0.531575	-0.703743	0.969731	1.06162	-0.199054	1.17941	1.18334	0.310799	-0.63625	1.72435	0.659861	-0.0261499	
-0.905568	1.3409	1.02238	-0.506828	-0.722252	0.981455	1.06696	-0.195712	1.22372	1.18516	0.288323	-0.651702	1.69437	0.657887	0.00152089	
-0.862121	1.35876	1.00015	-0.481598	-0.741124	0.993407	1.0724	-0.192305	1.26888	1.18702	0.265409	-0.667457	1.6638	0.655874	0.0297324	
-0.817839	1.37698	0.977499	-0.455882	-0.760358	1.00559	1.07795	-0.188831	1.31492	1.18891	0.242054	-0.683514	1.63264	0.653822	0.0584865	
-0.772718	1.39553	0.954418	-0.429679	-0.779956	1.018	1.08361	-0.185293	1.36183	1.19084	0.218257	-0.699876	1.60089	0.651731	0.087785	
-0.726757	1.41443	0.930908	-0.402989	-0.799919	1.03065	1.08937	-0.181688	1.40961	1.1928	0.194017	-0.716542	1.56855	0.649602	0.117629	
-0.674183	1.44992	0.972961	-0.426564	-0.784329	1.01014	1.04676	-0.158743	1.39743	1.15513	0.206712	-0.726673	1.55598	0.641172	0.102912	
-0.620079	1.48645	1.01624	-0.450827	-0.768284	0.989043	1.00291	-0.135131	1.38489	1.11636	0.219776	-0.737099	1.54305	0.632496	0.0877674	
-0.564459	1.524	1.06073	-0.475769	-0.751791	0.967352	0.957835	-0.110857	1.372	1.0765	0.233207	-0.747817	1.52975	0.623578	0.0721982	
-0.507263	1.56905	1.10713	-0.513019	-0.740981	0.962584	0.902935	-0.0901018	1.35231	1.02369	0.2459	-0.746539	1.51604	0.613391	0.0552718	
-0.448722	1.61518	1.15479	-0.537458	-0.716845	0.934503	0.845816	-0.0607172	1.33213	0.992109	0.265093	-0.759682	1.49642	0.612047	0.0336013	
-0.388872	1.66235	1.20352	-0.562445	-0.692169	0.905795	0.78742	-0.0306756	1.3115	0.959818	0.284716	-0.773118	1.47636	0.610674	0.0114463	
-0.327751	1.71051	1.25329	-0.587962	-0.666969	0.876477	0.727784	4.24558e-06	1.29043	0.926841	0.304755	-0.78684	1.45587	0.609272	-0.0111793	
-0.265398	1.75965	1.30405	-0.613993	-0.641261	0.846568	0.666945	0.0313025	1.26894	0.8932	0.325199	-0.800838	1.43497	0.607841	-0.034261	
-0.201747	1.82163	1.35781	-0.648137	-0.629725	0.836179	0.597152	0.047652	1.23518	0.842269	0.34714	-0.795301	1.40552	0.600636	-0.0625185	
-0.137097	1.87545	1.41078	-0.676862	-0.588834	0.802167	0.527005	0.0825971	1.21002	0.826996	0.371757	-0.817763	1.3809	0.612231	-0.0875555	
-0.0714938	1.93006	1.46454	-0.706012	-0.54734	0.767654	0.455824	0.118058	1.1845	0.811498	0.396736	-0.840557	1.35591	0.623998	-0.112962	
-0.00498205	1.98543	1.51903	-0.735565	-0.505271	0.732663	0.383657	0.154009	1.15862	0.795786	0.422062	-0.863666	1.33058	0.635927	-0.13872	
0.0623945	2.04151	1.57424	-0.765503	-0.462655	0.697217	0.310552	0.190428	1.1324	0.779869	0.447717	-0.887076	1.30492	0.648012	-0.164813	
0.130848	2.10967	1.63285	-0.799725	-0.450095	0.659579	0.254397	0.20436	1.0946	0.74264	0.462182	-0.883663	1.27488	0.654157	-0.20059	
0.200239	2.15743	1.68582	-0.844015	-0.40508	0.611192	0.201631	0.232673	1.0776	0.734702	0.479333	-0.913678	1.26428	0.693369	-0.224654	
0.270527	2.20582	1.73947	-0.888879	-0.359483	0.56218	0.148184	0.261351	1.06037	0.726661	0.496706	-0.944081	1.25354	0.733088	-0.249029	
0.341672	2.25479	1.79378	-0.934289	-0.31333	0.51257	0.0940844	0.290379	1.04294	0.718523	0.514291	-0.974854	1.24267	0.773291	-0.273702	
0.352368	2.26468	1.79489	-0.936061	-0.315908	0.509857	0.0951854	0.290742	1.04948	0.715114	0.515724	-0.979223	1.24161	0.774124	-0.271904	
0.360886	2.26763	1.78953	-0.936555	-0.322626	0.503323	0.096796	0.297026	1.05504	0.716396	0.509598	-0.981021	1.23586	0.773165	-0.267742	
0.396544	2.27998	1.76707	-0.938623	-0.350746	0.475977	0.103538	0.323332	1.07833	0.721764	0.483958	-0.988547	1.2118	0.76915	-0.250317	
0.433814	2.29288	1.7436	-0.940785	-0.380138	0.447393	0.110585	0.350826	1.10268	0.727374	0.457158	-0.996413	1.18664	0.764954	-0.232104	
0.472721	2.30636	1.7191	-0.943042	-0.410821	0.417555	0.117941	0.379528	1.12809	0.73323	0.429181	-1.00463	1.16038	0.760574	-0.213092	
0.513285	2.32041	1.69356	-0.945395	-0.44281	0.386445	0.125611	0.409453	1.15458	0.739336	0.400013	-1.01319	1.13301	0.756007	-0.19327	
0.555519	2.33503	1.66696	-0.947845	-0.476117	0.354055	0.133596	0.440609	1.18217	0.745693	0.369644	-1.0221	1.1045	0.751252	-0.172631	
0.599431	2.35024	1.63931	-0.950393	-0.510747	0.320378	0.141899	0.473003	1.21085	0.752303	0.338069	-1.03137	1.07487	0.746308	-0.151173	
0.645022	2.36603	1.6106	-0.953037	-0.546701	0.285413	0.150519	0.506636	1.24063	0.759165	0.305286	-1.04099	1.0441	0.741176	-0.128895	
0.692287	2.3824	1.58084	-0.955779	-0.583975	0.249165	0.159455	0.541505	1.2715	0.76628	0.271299	-1.05097	1.0122	0.735854	-0.105798	
0.741216	2.39935	1.55002	-0.958618	-0.622561	0.21164	0.168706	0.5776	1.30346	0.773645	0.236116	-1.0613	0.97918	0.730346	-0.081888	
0.79179	2.41686	1.51818	-0.961551	-0.662445	0.172854	0.178269	0.614909	1.33649	0.781257	0.19975	-1.07197	0.945048	0.724652	-0.0571743	
0.843986	2.43494	1.48531	-0.964579	-0.703607	0.132824	0.188137	0.653414	1.37059	0.789114	0.162218	-1.08299	0.909821	0.718775	-0.031668	
0.897774	2.45357	1.45143	-0.9677	-0.746026	0.0915719	0.198307	0.693095	1.40572	0.79721	0.12354	-1.09434	0.873519	0.71272	-0.00538332	
0.953235	2.46239	1.40734	-0.981853	-0.786011	0.0360102	0.204026	0.724401	1.45233	0.789873	0.0805495	-1.10733	0.852235	0.704715	0.0282368	
1.01017	2.47849	1.38236	-0.988629	-0.829647	-0.0133942	0.220204	0.760511	1.49314	0.79068	0.0373822	-1.11917	0.807683	0.682317	0.0571967	
1.06853	2.49499	1.35676	-0.995575	-0.874376	-0.0640364	0.236786	0.797526	1.53497	0.791506	-0.00686661	-1.1313	0.762014	0.659357	0.0868821	
1.12827	2.51188	1.33055	-1.00268	-0.920161	-0.115874	0.253761	0.835415	1.57778	0.792353	-0.0521595	-1.14371	0.715268	0.635856	0.117268	
1.18933	2.52914	1.30376	-1.00995	-0.966961	-0.168861	0.271111	0.874144	1.62155	0.793217	-0.0984573	-1.15641	0.667484	0.611833	0.148328	
1.25166	2.54677	1.27641	-1.01737	-1.01474	-0.222952	0.288824	0.91368	1.66623	0.7941	-0.14572	-1.16936	0.618705	0.58731	0.180035	
1.31522	2.56474	1.24853	-1.02494	-1.06345	-0.278101	0.306882	0.953988	1.71178	0.795	-0.193906	-1.18257	0.568973	0.562307	0.212362	
1.37995	2.58251	1.22068	-1.03806	-1.11119	-0.338023	0.333455	0.991773	1.75872	0.784661	-0.246107	-1.18935	0.513949	0.538558	0.247485	
1.44573	2.59994	1.19864	-1.04595	-1.16493	-0.397022	0.352438	1.03002	1.80703	0.784346	-0.299352	-1.20755	0.46126	0.505156	0.281789	
1.39183	2.55141	1.20826	-1.09399	-1.18952	-0.40209	0.346326	0.980267	1.8016	0.798065	-0.391784	-1.21582	0.4355	0.493172	0.252607	
1.33697	2.50203	1.21804	-1.14288	-1.21455	-0.407247	0.340106	0.929636	1.79607	0.812026	-0.485851	-1.22424	0.409284	0.480976	0.22291	
1.28117	2.45363	1.22279	-1.19066	-1.23508	-0.406777	0.335996	0.879148	1.78862	0.826934	-0.576582	-1.22546	0.381863	0.476456	0.195594	
1.2244	2.40314	1.23034	-1.23386	-1.25972	-0.404011	0.322931	0.827735	1.78229	0.851541	-0.665321	-1.23961	0.356829	0.460687	0.164954	
1.16671	2.35183	1.23802	-1.27777	-1.28475	-0.4012	0.309654	0.775482	1.77585	0.876549	-0.755507	-1.254	0.331386	0.444661	0.133814	
1.10808	2.30199	1.24235	-1.31888	-1.30446	-0.393716	0.301452	0.7237	1.76701	0.899281	-0.839728	-1.26039	0.304597	0.437544	0.107163	
1.04845	2.25013	1.24701	-1.3545	-1.3275	-0.381696	0.281755	0.672036	1.75919	0.930778	-0.919108	-1.28183	0.28262	0.416295	0.0769729	
0.987869	2.19743	1.25174	-1.3907	-1.35091	-0.369483	0.261742	0.619541	1.75125	0.962782	-0.999763	-1.30362	0.26029	0.394705	0.0462978	
0.926296	2.14647	1.25456	-1.42266	-1.36899	-0.3546	0.250063	0.568169	1.74058	0.989304	-1.07228	-1.31691	0.236185	0.382944	0.0230404	
0.86364	2.09384	1.25557	-1.44818	-1.38949	-0.332878	0.225857	0.518419	1.73049	1.02187	-1.13734	-1.34494	0.219136	0.356352	-0.00270529	
0.799933	2.04034	1.25659	-1.47412	-1.41034	-0.310792	0.201245	0.467835	1.72023	1.05498	-1.20349	-1.37343	0.201802	0.329314	-0.0288826	
0.735155	1.98848	1.25728	-1.49687	-1.4261	-0.291737	0.194554	0.417855	1.70725	1.07705	-1.26156	-1.3878	0.178541	0.317925	-0.0411774	
0.669134	1.93599	1.25475	-1.50805	-1.44445	-0.260891	0.171716	0.372854	1.69366	1.10268	-1.30692	-1.419	0.166301	0.288065	-0.0540274	
0.601893	1.88253	1.25216	-1.51943	-1.46313	-0.229475	0.148457	0.327022	1.67981	1.12878	-1.35312	-1.45077	0.153834	0.257654	-0.0671146	
0.53346	1.82812	1.24953	-1.53102	-1.48214	-0.197503	0.124785	0.280377	1.66572	1.15535	-1.40013	-1.4831	0.141146	0.226703	-0.0804341	
0.463832	1.77006	1.244	-1.54438	-1.49979	-0.174225	0.124177	0.229292	1.6541	1.16497	-1.43892	-1.50153	0.117437	0.20652	-0.0758825	
0.392884	1.71652	1.24333	-1.54152	-1.52115	-0.139137	0.113666	0.185517	1.63662	1.17965	-1.47204	-1.52798	0.103189	0.176338	-0.0650653	
0.320636	1.662	1.24264	-1.5386	-1.5429	-0.103406	0.102962	0.140941	1.61883	1.1946	-1.50576	-1.55492	0.0886795	0.145602	-0.0540499	
0.24711	1.60651	1.24195	-1.53563	-1.56503	-0.0670425	0.0920692	0.0955761	1.60072	1.20981	-1.54007	-1.58233	0.0739133	0.114323	-0.0428397	
0.17233	1.55008	1.24124	-1.53261	-1.58754	-0.0300589	0.0809903	0.0494372	1.5823	1.22528	-1.57498	-1.61021	0.0588952	0.0825097	-0.0314382	
0.0963195	1.49272	1.24052	-1.52954	-1.61042	0.00753288	0.0697292	0.00253965	1.56358	1.24101	-1.61045	-1.63854	0.0436301	0.0501735	-0.0198492	
