-1.55169	-0.166609	1.29125	1.69792	-1.4899	1.31127	-1.69241	0.191439	-0.0758964	1.21575	1.81789	-1.3282	1.29613	-1.8903	0.223848	
-1.54646	-0.186646	1.2783	1.63941	-1.47979	1.27115	-1.68346	0.221204	-0.114822	1.21996	1.80961	-1.30327	1.29553	-1.88852	0.247885	
-1.54123	-0.206683	1.26535	1.5809	-1.46969	1.23102	-1.6745	0.250969	-0.153747	1.22417	1.80133	-1.27834	1.29492	-1.88673	0.271923	
-1.536	-0.226721	1.25239	1.52239	-1.45958	1.19089	-1.66554	0.280733	-0.192673	1.22838	1.79305	-1.25341	1.29432	-1.88495	0.29596	
-1.53077	-0.246758	1.23944	1.46388	-1.44947	1.15077	-1.65658	0.310498	-0.231598	1.23259	1.78477	-1.22847	1.29372	-1.88317	0.319997	
-1.52554	-0.266795	1.22649	1.40537	-1.43937	1.11064	-1.64762	0.340263	-0.270524	1.23679	1.77648	-1.20354	1.29312	-1.88138	0.344035	
-1.52031	-0.286832	1.21354	1.34687	-1.42926	1.07051	-1.63867	0.370028	-0.309449	1.241	1.7682	-1.17861	1.29251	-1.8796	0.368072	
-1.51508	-0.306869	1.20058	1.28836	-1.41916	1.03038	-1.62971	0.399793	-0.348375	1.24521	1.75992	-1.15368	1.29191	-1.87782	0.39211	
-1.50985	-0.326907	1.18763	1.22985	-1.40905	0.990257	-1.62075	0.429557	-0.3873	1.24942	1.75164	-1.12875	1.29131	-1.87603	0.416147	
-1.50462	-0.346944	1.17468	1.17134	-1.39895	0.95013	-1.61179	0.459322	-0.426226	1.25363	1.74336	-1.10381	1.29071	-1.87425	0.440185	
-1.49939	-0.366981	1.16172	1.11283	-1.38884	0.910002	-1.60283	0.489087	-0.465151	1.25784	1.73508	-1.07888	1.2901	-1.87247	0.464222	
-1.49416	-0.387018	1.14877	1.05432	-1.37874	0.869875	-1.59388	0.518852	-0.504077	1.26204	1.7268	-1.05395	1.2895	-1.87068	0.48826	
-1.48893	-0.407055	1.13582	0.995808	-1.36863	0.829748	-1.58492	0.548617	-0.543002	1.26625	1.71852	-1.02902	1.2889	-1.8689	0.512297	
-1.4837	-0.427093	1.12287	0.937298	-1.35853	0.789621	-1.57596	0.578381	-0.581928	1.27046	1.71024	-1.00408	1.2883	-1.86712	0.536335	
-1.47847	-0.44713	1.10991	0.878788	-1.34842	0.749493	-1.567	0.608146	-0.620853	1.27467	1.70195	-0.979153	1.28769	-1.86533	0.560372	
-1.47324	-0.467167	1.09696	0.820279	-1.33832	0.709366	-1.55805	0.637911	-0.659779	1.27888	1.69367	-0.954221	1.28709	-1.86355	0.584409	
-1.46801	-0.487204	1.08401	0.761769	-1.32821	0.669239	-1.54909	0.667676	-0.698704	1.28308	1.68539	-0.929289	1.28649	-1.86177	0.608447	
-1.46278	-0.507241	1.07105	0.70326	-1.3181	0.629112	-1.54013	0.69744	-0.73763	1.28729	1.67711	-0.904356	1.28589	-1.85998	0.632484	
-1.45755	-0.527279	1.0581	0.64475	-1.308	0.588984	-1.53117	0.727205	-0.776555	1.2915	1.66883	-0.879424	1.28528	-1.8582	0.656522	
-1.45232	-0.547316	1.04515	0.586241	-1.29789	0.548857	-1.52221	0.75697	-0.815481	1.29571	1.66055	-0.854492	1.28468	-1.85642	0.680559	
-1.44709	-0.567353	1.0322	0.527731	-1.28779	0.50873	-1.51326	0.786735	-0.854406	1.29992	1.65227	-0.82956	1.28408	-1.85463	0.704597	
-1.44186	-0.58739	1.01924	0.469221	-1.27768	0.468603	-1.5043	0.8165	-0.893332	1.30413	1.64399	-0.804628	1.28348	-1.85285	0.728634	
-1.43663	-0.607427	1.00629	0.410712	-1.26758	0.428475	-1.49534	0.846264	-0.932257	1.30833	1.63571	-0.779696	1.28287	-1.85107	0.752672	
-1.4314	-0.627465	0.993337	0.352202	-1.25747	0.388348	-1.48638	0.876029	-0.971183	1.31254	1.62742	-0.754764	1.28227	-1.84928	0.776709	
-1.42617	-0.647502	0.980384	0.293693	-1.24737	0.348221	-1.47742	0.905794	-1.01011	1.31675	1.61914	-0.729831	1.28167	-1.8475	0.800746	
-1.42094	-0.667539	0.967431	0.235183	-1.23726	0.308094	-1.46847	0.935559	-1.04903	1.32096	1.61086	-0.704899	1.28107	-1.84572	0.824784	
-1.41571	-0.687576	0.954478	0.176673	-1.22716	0.267966	-1.45951	0.965323	-1.08796	1.32517	1.60258	-0.679967	1.28046	-1.84393	0.848821	
-1.41048	-0.707613	0.941525	0.118164	-1.21705	0.227839	-1.45055	0.995088	-1.12688	1.32938	1.5943	-0.655035	1.27986	-1.84215	0.872859	
-1.40525	-0.727651	0.928572	0.0596542	-1.20695	0.187712	-1.44159	1.02485	-1.16581	1.33358	1.58602	-0.630103	1.27926	-1.84037	0.896896	
-1.40002	-0.747688	0.915619	0.00114465	-1.19684	0.147585	-1.43263	1.05462	-1.20474	1.33779	1.57774	-0.605171	1.27866	-1.83858	0.920934	
-1.39479	-0.767725	0.902667	-0.0573649	-1.18674	0.107457	-1.42368	1.08438	-1.24366	1.342	1.56946	-0.580239	1.27805	-1.8368	0.944971	
-1.38957	-0.787762	0.889714	-0.115875	-1.17663	0.0673302	-1.41472	1.11415	-1.28259	1.34621	1.56118	-0.555307	1.27745	-1.83502	0.969009	
-1.38434	-0.807799	0.876761	-0.174384	-1.16652	0.0272029	-1.40576	1.14391	-1.32151	1.35042	1.5529	-0.530374	1.27685	-1.83323	0.993046	
-1.37911	-0.827837	0.863808	-0.232894	-1.15642	-0.0129243	-1.3968	1.17368	-1.36044	1.35462	1.54461	-0.505442	1.27625	-1.83145	1.01708	
-1.37388	-0.847874	0.850855	-0.291403	-1.14631	-0.0530516	-1.38784	1.20344	-1.39936	1.35883	1.53633	-0.48051	1.27564	-1.82967	1.04112	
-1.36865	-0.867911	0.837902	-0.349913	-1.13621	-0.0931788	-1.37889	1.23321	-1.43829	1.36304	1.52805	-0.455578	1.27504	-1.82788	1.06516	
-1.36342	-0.887948	0.824949	-0.408422	-1.1261	-0.133306	-1.36993	1.26297	-1.47721	1.36725	1.51977	-0.430646	1.27444	-1.8261	1.0892	
-1.35819	-0.907985	0.811997	-0.466932	-1.116	-0.173433	-1.36097	1.29274	-1.51614	1.37146	1.51149	-0.405714	1.27384	-1.82432	1.11323	
-1.35296	-0.928023	0.799044	-0.525442	-1.10589	-0.213561	-1.35201	1.3225	-1.55507	1.37567	1.50321	-0.380782	1.27323	-1.82253	1.13727	
-1.34773	-0.94806	0.786091	-0.583951	-1.09579	-0.253688	-1.34305	1.35227	-1.59399	1.37987	1.49493	-0.355849	1.27263	-1.82075	1.16131	
-1.34195	-0.980646	0.801412	-0.635394	-1.0813	-0.296594	-1.35999	1.38033	-1.62652	1.38294	1.50111	-0.330488	1.28165	-1.82112	1.19276	
-1.33618	-1.01323	0.816733	-0.686836	-1.06681	-0.3395	-1.37693	1.40839	-1.65905	1.386	1.50729	-0.305127	1.29066	-1.82148	1.22421	
-1.3304	-1.04582	0.832054	-0.738278	-1.05231	-0.382406	-1.39387	1.43646	-1.69157	1.38906	1.51348	-0.279765	1.29968	-1.82185	1.25567	
-1.32462	-1.0784	0.847374	-0.78972	-1.03782	-0.425312	-1.41081	1.46452	-1.7241	1.39212	1.51966	-0.254404	1.30869	-1.82221	1.28712	
-1.31885	-1.11099	0.862695	-0.841163	-1.02333	-0.468218	-1.42775	1.49258	-1.75663	1.39518	1.52584	-0.229042	1.31771	-1.82258	1.31857	
-1.31307	-1.14358	0.878016	-0.892605	-1.00884	-0.511124	-1.44468	1.52065	-1.78916	1.39825	1.53203	-0.203681	1.32673	-1.82294	1.35003	
-1.3073	-1.17616	0.893337	-0.944047	-0.994351	-0.55403	-1.46162	1.54871	-1.82168	1.40131	1.53821	-0.178319	1.33574	-1.82331	1.38148	
-1.30152	-1.20875	0.908658	-0.99549	-0.97986	-0.596936	-1.47856	1.57678	-1.85421	1.40437	1.54439	-0.152958	1.34476	-1.82367	1.41293	
-1.29575	-1.24134	0.923979	-1.04693	-0.96537	-0.639841	-1.4955	1.60484	-1.88674	1.40743	1.55057	-0.127596	1.35377	-1.82403	1.44438	
-1.28997	-1.27392	0.9393	-1.09837	-0.950879	-0.682747	-1.51244	1.6329	-1.91927	1.41049	1.55676	-0.102235	1.36279	-1.8244	1.47584	
-1.2842	-1.30651	0.954621	-1.14982	-0.936388	-0.725653	-1.52937	1.66097	-1.9518	1.41356	1.56294	-0.0768735	1.3718	-1.82476	1.50729	
-1.27842	-1.33909	0.969942	-1.20126	-0.921897	-0.768559	-1.54631	1.68903	-1.98432	1.41662	1.56912	-0.0515121	1.38082	-1.82513	1.53874	
-1.27265	-1.37168	0.985263	-1.2527	-0.907407	-0.811465	-1.56325	1.71709	-2.01685	1.41968	1.57531	-0.0261506	1.38984	-1.82549	1.5702	
-1.26687	-1.40427	1.00058	-1.30414	-0.892916	-0.854371	-1.58019	1.74516	-2.04938	1.42274	1.58149	-0.00078918	1.39885	-1.82586	1.60165	
-1.26109	-1.43685	1.0159	-1.35559	-0.878425	-0.897277	-1.59713	1.77322	-2.08191	1.4258	1.58767	0.0245723	1.40787	-1.82622	1.6331	
-1.25532	-1.46944	1.03123	-1.40703	-0.863934	-0.940183	-1.61407	1.80128	-2.11443	1.42887	1.59385	0.0499337	1.41688	-1.82659	1.66455	
-1.24954	-1.50203	1.04655	-1.45847	-0.849443	-0.983089	-1.631	1.82935	-2.14696	1.43193	1.60004	0.0752952	1.4259	-1.82695	1.69601	
-1.24377	-1.53461	1.06187	-1.50991	-0.834953	-1.026	-1.64794	1.85741	-2.17949	1.43499	1.60622	0.100657	1.43491	-1.82732	1.72746	
-1.23799	-1.5672	1.07719	-1.56135	-0.820462	-1.0689	-1.66488	1.88548	-2.21202	1.43805	1.6124	0.126018	1.44393	-1.82768	1.75891	
-1.23505	-1.59598	1.0825	-1.6017	-0.764794	-1.12376	-1.67121	1.88462	-2.21645	1.43246	1.62291	0.133244	1.45231	-1.82754	1.78978	
-1.2321	-1.62475	1.08782	-1.64204	-0.709126	-1.17862	-1.67753	1.88376	-2.22089	1.42687	1.63342	0.140471	1.46068	-1.82739	1.82064	
-1.22916	-1.65353	1.09313	-1.68238	-0.653458	-1.23348	-1.68386	1.88291	-2.22532	1.42128	1.64392	0.147697	1.46906	-1.82725	1.8515	
-1.22621	-1.68231	1.09845	-1.72273	-0.59779	-1.28834	-1.69019	1.88205	-2.22975	1.41569	1.65443	0.154923	1.47743	-1.8271	1.88236	
-1.22326	-1.71108	1.10376	-1.76307	-0.542122	-1.3432	-1.69651	1.8812	-2.23419	1.4101	1.66493	0.16215	1.48581	-1.82696	1.91322	
-1.22032	-1.73986	1.10908	-1.80341	-0.486454	-1.39806	-1.70284	1.88034	-2.23862	1.40451	1.67544	0.169376	1.49419	-1.82681	1.94409	
-1.21737	-1.76864	1.11439	-1.84376	-0.430785	-1.45292	-1.70916	1.87949	-2.24306	1.39892	1.68595	0.176602	1.50256	-1.82667	1.97495	
-1.21443	-1.79742	1.11971	-1.8841	-0.375117	-1.50778	-1.71549	1.87863	-2.24749	1.39332	1.69645	0.183828	1.51094	-1.82652	2.00581	
-1.21148	-1.82619	1.12502	-1.92444	-0.319449	-1.56264	-1.72182	1.87778	-2.25192	1.38773	1.70696	0.191055	1.51931	-1.82638	2.03667	
-1.20854	-1.85497	1.13034	-1.96479	-0.263781	-1.6175	-1.72814	1.87692	-2.25636	1.38214	1.71747	0.198281	1.52769	-1.82623	2.06754	
-1.20559	-1.88375	1.13566	-2.00513	-0.208113	-1.67236	-1.73447	1.87606	-2.26079	1.37655	1.72797	0.205507	1.53607	-1.82608	2.0984	
-1.20264	-1.91252	1.14097	-2.04547	-0.152445	-1.72723	-1.7408	1.87521	-2.26523	1.37096	1.73848	0.212734	1.54444	-1.82594	2.12926	
-1.1997	-1.9413	1.14629	-2.08582	-0.096777	-1.78209	-1.74712	1.87435	-2.26966	1.36537	1.74899	0.21996	1.55282	-1.82579	2.16012	
-1.19675	-1.97008	1.1516	-2.12616	-0.041109	-1.83695	-1.75345	1.8735	-2.27409	1.35978	1.75949	0.227186	1.56119	-1.82565	2.19098	
-1.19381	-1.99886	1.15692	-2.1665	0.0145591	-1.89181	-1.75977	1.87264	-2.27853	1.35419	1.77	0.234412	1.56957	-1.8255	2.22185	
-1.19086	-2.02763	1.16223	-2.20685	0.0702272	-1.94667	-1.7661	1.87179	-2.28296	1.3486	1.7805	0.241639	1.57795	-1.82536	2.25271	
-1.18792	-2.05641	1.16755	-2.24719	0.125895	-2.00153	-1.77243	1.87093	-2.28739	1.34301	1.79101	0.248865	1.58632	-1.82521	2.28357	
-1.18497	-2.08519	1.17286	-2.28753	0.181563	-2.05639	-1.77875	1.87007	-2.29183	1.33742	1.80152	0.256091	1.5947	-1.82507	2.31443	
-1.18364	-2.09542	1.14945	-2.33011	0.240479	-2.09879	-1.74857	1.86376	-2.29658	1.33252	1.80744	0.267682	1.60214	-1.83097	2.33409	
-1.18231	-2.10565	1.12604	-2.37269	0.299394	-2.1412	-1.71839	1.85744	-2.30134	1.32763	1.81336	0.279273	1.60959	-1.83688	2.35374	
-1.18098	-2.11588	1.10263	-2.41527	0.35831	-2.1836	-1.68821	1.85112	-2.30609	1.32274	1.81928	0.290864	1.61703	-1.84278	2.3734	
-1.17965	-2.12611	1.07921	-2.45784	0.417225	-2.22601	-1.65803	1.8448	-2.31084	1.31784	1.8252	0.302455	1.62448	-1.84869	2.39306	
-1.17832	-2.13634	1.0558	-2.50042	0.476141	-2.26841	-1.62785	1.83848	-2.3156	1.31295	1.83112	0.314045	1.63192	-1.8546	2.41271	
-1.177	-2.14658	1.03239	-2.543	0.535056	-2.31081	-1.59767	1.83217	-2.32035	1.30806	1.83704	0.325636	1.63937	-1.8605	2.43237	
-1.17567	-2.15681	1.00898	-2.58558	0.593972	-2.35322	-1.56749	1.82585	-2.3251	1.30317	1.84297	0.337227	1.64681	-1.86641	2.45202	
-1.17434	-2.16704	0.985566	-2.62816	0.652887	-2.39562	-1.53731	1.81953	-2.32986	1.29827	1.84889	0.348818	1.65425	-1.87231	2.47168	
-1.17301	-2.17727	0.962154	-2.67073	0.711803	-2.43803	-1.50712	1.81321	-2.33461	1.29338	1.85481	0.360409	1.6617	-1.87822	2.49133	
-1.17168	-2.1875	0.938742	-2.71331	0.770718	-2.48043	-1.47694	1.80689	-2.33937	1.28849	1.86073	0.371999	1.66914	-1.88413	2.51099	
-1.17035	-2.19773	0.91533	-2.75589	0.829633	-2.52284	-1.44676	1.80057	-2.34412	1.28359	1.86665	0.38359	1.67659	-1.89003	2.53064	
-1.16902	-2.20796	0.891918	-2.79847	0.888549	-2.56524	-1.41658	1.79426	-2.34887	1.2787	1.87257	0.395181	1.68403	-1.89594	2.5503	
-1.16812	-2.20989	0.869017	-2.82756	0.940041	-2.58333	-1.38361	1.78602	-2.35706	1.27154	1.87913	0.414008	1.69546	-1.90337	2.56748	
-1.16723	-2.21181	0.846116	-2.85666	0.991534	-2.60143	-1.35064	1.77778	-2.36524	1.26439	1.88569	0.432836	1.7069	-1.91079	2.58467	
-1.16633	-2.21373	0.823215	-2.88575	1.04303	-2.61952	-1.31767	1.76954	-2.37342	1.25723	1.89225	0.451663	1.71833	-1.91822	2.60185	
-1.16543	-2.21566	0.800314	-2.91485	1.09452	-2.63761	-1.28469	1.7613	-2.38161	1.25007	1.8988	0.470491	1.72976	-1.92565	2.61904	
-1.16471	-2.21587	0.78106	-2.93588	1.14105	-2.64581	-1.25444	1.75095	-2.38957	1.24152	1.9064	0.491228	1.7425	-1.93315	2.63661	
-1.16436	-2.2158	0.771848	-2.94542	1.16395	-2.64867	-1.23955	1.74538	-2.39354	1.23699	1.91043	0.501964	1.74911	-1.93696	2.64561	
-1.16421	-2.21576	0.767708	-2.94968	1.17427	-2.6499	-1.23283	1.74284	-2.39533	1.23493	1.91225	0.506831	1.7521	-1.93868	2.64968	
-1.16402	-2.21562	0.762738	-2.95459	1.18724	-2.6507	-1.22434	1.7393	-2.39758	1.23197	1.91451	0.513464	1.75637	-1.94079	2.65511	
-1.16363	-2.21489	0.753513	-2.96093	1.22075	-2.64361	-1.20239	1.72489	-2.40269	1.21937	1.92105	0.5375	1.77308	-1.94601	2.67351	
-1.16354	-2.21502	0.751753	-2.96145	1.23062	-2.64051	-1.19629	1.71952	-2.4036	1.21485	1.92388	0.545692	1.77825	-1.94784	2.67985	
-1.16351	-2.21509	0.751163	-2.96154	1.23433	-2.63927	-1.19403	1.71741	-2.40391	1.21309	1.92502	0.548857	1.78022	-1.94855	2.68231	
-1.16347	-2.21519	0.750452	-2.96164	1.23889	-2.63773	-1.19125	1.71481	-2.40427	1.21092	1.92643	0.552756	1.78263	-1.94943	2.68534	
-1.16343	-2.21528	0.749784	-2.96173	1.24318	-2.63629	-1.18864	1.71236	-2.4046	1.20888	1.92776	0.556428	1.78491	-1.95025	2.68819	
-1.16341	-2.21532	0.749556	-2.96176	1.24464	-2.6358	-1.18775	1.71152	-2.40472	1.20818	1.92821	0.557676	1.78568	-1.95053	2.68915	
-1.1634	-2.21534	0.749379	-2.96178	1.24578	-2.63541	-1.18705	1.71087	-2.40481	1.20764	1.92856	0.558653	1.78628	-1.95075	2.68991	
-1.16338	-2.2154	0.748988	-2.96184	1.24829	-2.63457	-1.18553	1.70944	-2.40501	1.20645	1.92934	0.560796	1.78761	-1.95123	2.69158	
-1.16337	-2.21542	0.748833	-2.96186	1.24928	-2.63423	-1.18492	1.70887	-2.40509	1.20597	1.92965	0.56165	1.78814	-1.95143	2.69224	
-1.16337	-2.21543	0.748706	-2.96187	1.2501	-2.63396	-1.18442	1.70841	-2.40515	1.20558	1.9299	0.562345	1.78857	-1.95158	2.69278	
-1.16336	-2.21545	0.748617	-2.96188	1.25067	-2.63376	-1.18407	1.70808	-2.4052	1.20531	1.93008	0.562837	1.78887	-1.95169	2.69316	
-1.16336	-2.21546	0.748556	-2.96189	1.25107	-2.63363	-1.18383	1.70785	-2.40523	1.20512	1.9302	0.563174	1.78908	-1.95177	2.69342	
-1.16335	-2.21546	0.748504	-2.9619	1.2514	-2.63352	-1.18363	1.70766	-2.40525	1.20496	1.9303	0.563458	1.78926	-1.95183	2.69364	
-1.16335	-2.21547	0.748455	-2.96191	1.25171	-2.63341	-1.18344	1.70749	-2.40528	1.20482	1.9304	0.563725	1.78942	-1.95189	2.69385	
-1.16335	-2.21548	0.748408	-2.96191	1.25201	-2.63331	-1.18326	1.70731	-2.4053	1.20467	1.93049	0.563983	1.78958	-1.95195	2.69405	
-1.16335	-2.21548	0.748357	-2.96192	1.25234	-2.6332	-1.18306	1.70713	-2.40533	1.20452	1.93059	0.564265	1.78976	-1.95201	2.69427	
-1.16334	-2.2155	0.74827	-2.96193	1.2529	-2.63301	-1.18272	1.70681	-2.40537	1.20425	1.93076	0.564742	1.79005	-1.95212	2.69464	
-1.16333	-2.21551	0.748165	-2.96194	1.25357	-2.63278	-1.18231	1.70642	-2.40543	1.20393	1.93097	0.56532	1.79041	-1.95225	2.69509	
-1.16333	-2.21552	0.748083	-2.96196	1.2541	-2.63261	-1.18199	1.70612	-2.40547	1.20368	1.93114	0.565767	1.79069	-1.95235	2.69543	
-1.16332	-2.21554	0.747938	-2.96198	1.25503	-2.63229	-1.18142	1.70559	-2.40554	1.20324	1.93142	0.566563	1.79118	-1.95253	2.69605	
-1.16332	-2.21555	0.747892	-2.96198	1.25533	-2.63219	-1.18124	1.70542	-2.40556	1.20309	1.93152	0.56682	1.79134	-1.95259	2.69625	
-1.16332	-2.21556	0.747822	-2.96199	1.25578	-2.63204	-1.18096	1.70517	-2.4056	1.20288	1.93165	0.567203	1.79157	-1.95267	2.69655	
-1.16331	-2.21556	0.747792	-2.96199	1.25597	-2.63198	-1.18085	1.70506	-2.40561	1.20279	1.93171	0.567367	1.79168	-1.95271	2.69668	
-1.16331	-2.21557	0.747766	-2.962	1.25613	-2.63192	-1.18075	1.70496	-2.40563	1.20271	1.93176	0.567507	1.79176	-1.95274	2.69679	
-1.16331	-2.21557	0.747735	-2.962	1.25633	-2.63185	-1.18063	1.70485	-2.40564	1.20261	1.93183	0.56768	1.79187	-1.95278	2.69692	
-1.16331	-2.21558	0.747683	-2.96201	1.25667	-2.63174	-1.18042	1.70466	-2.40567	1.20246	1.93193	0.567965	1.79205	-1.95284	2.69714	
-1.1633	-2.21558	0.747637	-2.96202	1.25697	-2.63164	-1.18024	1.70449	-2.40569	1.20231	1.93202	0.568221	1.7922	-1.9529	2.69734	
-1.1633	-2.21559	0.747586	-2.96202	1.25729	-2.63153	-1.18004	1.7043	-2.40572	1.20216	1.93212	0.568497	1.79237	-1.95296	2.69755	
-1.1633	-2.2156	0.74755	-2.96203	1.25752	-2.63145	-1.1799	1.70417	-2.40574	1.20205	1.93219	0.568697	1.7925	-1.95301	2.69771	
-1.1633	-2.2156	0.747519	-2.96203	1.25772	-2.63139	-1.17978	1.70405	-2.40575	1.20195	1.93226	0.568867	1.7926	-1.95305	2.69784	
-1.1633	-2.2156	0.7475	-2.96203	1.25784	-2.63135	-1.1797	1.70398	-2.40576	1.20189	1.93229	0.568974	1.79267	-1.95307	2.69792	
-1.1633	-2.21561	0.747472	-2.96204	1.25802	-2.63129	-1.1796	1.70388	-2.40578	1.20181	1.93235	0.569125	1.79276	-1.9531	2.69804	
-1.16329	-2.21561	0.747436	-2.96204	1.25825	-2.63121	-1.17946	1.70375	-2.4058	1.2017	1.93242	0.569323	1.79289	-1.95315	2.69819	
-1.16329	-2.21561	0.747415	-2.96204	1.25839	-2.63116	-1.17937	1.70367	-2.40581	1.20164	1.93246	0.569437	1.79296	-1.95318	2.69828	
-1.16329	-2.21562	0.747349	-2.96205	1.25881	-2.63102	-1.17911	1.70343	-2.40584	1.20143	1.93259	0.569802	1.79318	-1.95326	2.69857	
-1.16329	-2.21563	0.747314	-2.96206	1.25904	-2.63094	-1.17898	1.7033	-2.40586	1.20133	1.93266	0.569994	1.7933	-1.9533	2.69872	
-1.16328	-2.21563	0.747289	-2.96206	1.2592	-2.63089	-1.17888	1.70321	-2.40587	1.20125	1.93271	0.570131	1.79339	-1.95333	2.69882	
-1.16328	-2.21563	0.747279	-2.96206	1.25926	-2.63087	-1.17884	1.70318	-2.40587	1.20122	1.93273	0.570183	1.79342	-1.95334	2.69886	
-1.16328	-2.21563	0.747267	-2.96206	1.25934	-2.63084	-1.17879	1.70313	-2.40588	1.20118	1.93276	0.570252	1.79346	-1.95336	2.69892	
-1.16328	-2.21564	0.74725	-2.96207	1.25945	-2.6308	-1.17873	1.70307	-2.40589	1.20113	1.93279	0.570346	1.79352	-1.95338	2.69899	
-1.16328	-2.21564	0.747236	-2.96207	1.25954	-2.63077	-1.17867	1.70302	-2.4059	1.20109	1.93282	0.570422	1.79357	-1.9534	2.69905	
-1.16328	-2.21564	0.747221	-2.96207	1.25963	-2.63074	-1.17861	1.70296	-2.4059	1.20104	1.93285	0.570505	1.79362	-1.95342	2.69911	
-1.16328	-2.21564	0.747202	-2.96207	1.25975	-2.6307	-1.17854	1.70289	-2.40591	1.20098	1.93288	0.570606	1.79368	-1.95344	2.69919	
-1.16328	-2.21564	0.747196	-2.96207	1.2598	-2.63069	-1.17852	1.70287	-2.40592	1.20096	1.9329	0.570643	1.7937	-1.95345	2.69922	
-1.16328	-2.21565	0.747182	-2.96208	1.25988	-2.63066	-1.17846	1.70282	-2.40592	1.20092	1.93293	0.570718	1.79375	-1.95346	2.69928	
-1.16328	-2.21565	0.747177	-2.96208	1.25992	-2.63065	-1.17844	1.7028	-2.40593	1.20091	1.93293	0.570745	1.79377	-1.95347	2.6993	
-1.16328	-2.21565	0.747172	-2.96208	1.25995	-2.63064	-1.17842	1.70278	-2.40593	1.20089	1.93294	0.570772	1.79378	-1.95348	2.69932	
-1.16328	-2.21565	0.747164	-2.96208	1.26	-2.63062	-1.17839	1.70275	-2.40593	1.20087	1.93296	0.570817	1.79381	-1.95349	2.69935	
-1.16328	-2.21565	0.747157	-2.96208	1.26004	-2.6306	-1.17837	1.70273	-2.40594	1.20085	1.93297	0.570852	1.79383	-1.95349	2.69938	
-1.16328	-2.21565	0.74715	-2.96208	1.26009	-2.63059	-1.17834	1.7027	-2.40594	1.20082	1.93299	0.570894	1.79386	-1.9535	2.69941	
-1.16328	-2.21565	0.747134	-2.96208	1.26019	-2.63055	-1.17828	1.70264	-2.40595	1.20078	1.93302	0.57098	1.79391	-1.95352	2.69948	
-1.16328	-2.21565	0.747124	-2.96208	1.26026	-2.63053	-1.17823	1.70261	-2.40595	1.20074	1.93304	0.571037	1.79395	-1.95353	2.69953	
-1.16328	-2.21565	0.747119	-2.96208	1.26029	-2.63052	-1.17822	1.70259	-2.40596	1.20073	1.93305	0.571062	1.79396	-1.95354	2.69954	
-1.16327	-2.21566	0.747115	-2.96208	1.26031	-2.63051	-1.1782	1.70257	-2.40596	1.20072	1.93306	0.571083	1.79398	-1.95355	2.69956	
-1.16327	-2.21566	0.747111	-2.96209	1.26034	-2.6305	-1.17818	1.70256	-2.40596	1.20071	1.93307	0.571108	1.79399	-1.95355	2.69958	
-1.16327	-2.21566	0.747109	-2.96209	1.26035	-2.6305	-1.17818	1.70255	-2.40596	1.2007	1.93307	0.571119	1.794	-1.95355	2.69959	
-1.16327	-2.21566	0.747106	-2.96209	1.26037	-2.63049	-1.17817	1.70254	-2.40596	1.20069	1.93308	0.571135	1.79401	-1.95356	2.6996	
-1.16327	-2.21566	0.747103	-2.96209	1.26039	-2.63049	-1.17815	1.70253	-2.40596	1.20068	1.93308	0.57115	1.79402	-1.95356	2.69961	
-1.16327	-2.21566	0.747101	-2.96209	1.2604	-2.63048	-1.17815	1.70252	-2.40597	1.20068	1.93308	0.57116	1.79402	-1.95356	2.69962	
-1.16327	-2.21566	0.7471	-2.96209	1.26041	-2.63048	-1.17814	1.70252	-2.40597	1.20067	1.93309	0.571167	1.79403	-1.95356	2.69963	
-1.16327	-2.21566	0.747099	-2.96209	1.26042	-2.63048	-1.17814	1.70251	-2.40597	1.20067	1.93309	0.571176	1.79403	-1.95357	2.69963	
-1.16327	-2.21566	0.747097	-2.96209	1.26043	-2.63047	-1.17813	1.70251	-2.40597	1.20066	1.93309	0.571182	1.79404	-1.95357	2.69964	
-1.16327	-2.21566	0.747096	-2.96209	1.26044	-2.63047	-1.17813	1.7025	-2.40597	1.20066	1.9331	0.57119	1.79404	-1.95357	2.69964	
-1.16327	-2.21566	0.747095	-2.96209	1.26044	-2.63047	-1.17812	1.7025	-2.40597	1.20066	1.9331	0.571196	1.79405	-1.95357	2.69965	
-1.16327	-2.21566	0.747093	-2.96209	1.26045	-2.63047	-1.17812	1.70249	-2.40597	1.20065	1.9331	0.571204	1.79405	-1.95357	2.69965	
-1.16327	-2.21566	0.747091	-2.96209	1.26047	-2.63046	-1.17811	1.70249	-2.40597	1.20065	1.93311	0.571216	1.79406	-1.95357	2.69966	
-1.16327	-2.21566	0.74709	-2.96209	1.26048	-2.63046	-1.1781	1.70248	-2.40597	1.20064	1.93311	0.571225	1.79406	-1.95358	2.69967	
-1.16327	-2.21566	0.747087	-2.96209	1.26049	-2.63045	-1.17809	1.70247	-2.40597	1.20063	1.93311	0.571238	1.79407	-1.95358	2.69968	
-1.16327	-2.21566	0.747084	-2.96209	1.26051	-2.63045	-1.17808	1.70246	-2.40597	1.20062	1.93312	0.571257	1.79408	-1.95358	2.6997	
-1.16327	-2.21566	0.747083	-2.96209	1.26052	-2.63044	-1.17807	1.70245	-2.40597	1.20062	1.93312	0.571264	1.79409	-1.95359	2.6997	
-1.16327	-2.21566	0.747082	-2.96209	1.26053	-2.63044	-1.17807	1.70245	-2.40598	1.20062	1.93312	0.571267	1.79409	-1.95359	2.6997	
-1.16327	-2.21566	0.747081	-2.96209	1.26053	-2.63044	-1.17807	1.70245	-2.40598	1.20061	1.93313	0.571273	1.79409	-1.95359	2.69971	
-1.16327	-2.21566	0.74708	-2.96209	1.26054	-2.63044	-1.17806	1.70245	-2.40598	1.20061	1.93313	0.571276	1.79409	-1.95359	2.69971	
-1.16327	-2.21566	0.747079	-2.96209	1.26054	-2.63044	-1.17806	1.70244	-2.40598	1.20061	1.93313	0.571281	1.7941	-1.95359	2.69971	
-1.16327	-2.21566	0.747079	-2.96209	1.26055	-2.63043	-1.17806	1.70244	-2.40598	1.20061	1.93313	0.571285	1.7941	-1.95359	2.69972	
-1.16327	-2.21566	0.747078	-2.96209	1.26055	-2.63043	-1.17806	1.70244	-2.40598	1.20061	1.93313	0.571287	1.7941	-1.95359	2.69972	
-1.16327	-2.21566	0.747078	-2.96209	1.26055	-2.63043	-1.17806	1.70244	-2.40598	1.2006	1.93313	0.57129	1.7941	-1.95359	2.69972	
-1.16327	-2.21566	0.747077	-2.96209	1.26056	-2.63043	-1.17805	1.70243	-2.40598	1.2006	1.93313	0.571293	1.79411	-1.95359	2.69972	
-1.16327	-2.21566	0.747077	-2.96209	1.26056	-2.63043	-1.17805	1.70243	-2.40598	1.2006	1.93313	0.571295	1.79411	-1.95359	2.69973	
-1.16327	-2.21566	0.747077	-2.96209	1.26056	-2.63043	-1.17805	1.70243	-2.40598	1.2006	1.93313	0.571297	1.79411	-1.95359	2.69973	
-1.16327	-2.21566	0.747076	-2.96209	1.26056	-2.63043	-1.17805	1.70243	-2.40598	1.2006	1.93314	0.571299	1.79411	-1.95359	2.69973	
-1.16327	-2.21566	0.747076	-2.96209	1.26056	-2.63043	-1.17805	1.70243	-2.40598	1.2006	1.93314	0.5713	1.79411	-1.95359	2.69973	
-1.16327	-2.21566	0.747076	-2.96209	1.26057	-2.63043	-1.17805	1.70243	-2.40598	1.2006	1.93314	0.571302	1.79411	-1.95359	2.69973	
-1.16327	-2.21566	0.747076	-2.96209	1.26057	-2.63043	-1.17805	1.70243	-2.40598	1.2006	1.93314	0.571302	1.79411	-1.95359	2.69973	
-1.16327	-2.21566	0.747075	-2.96209	1.26057	-2.63043	-1.17805	1.70243	-2.40598	1.2006	1.93314	0.571304	1.79411	-1.95359	2.69973	
-1.16327	-2.21566	0.747075	-2.96209	1.26057	-2.63043	-1.17804	1.70243	-2.40598	1.20059	1.93314	0.571307	1.79411	-1.9536	2.69974	
-1.16327	-2.21566	0.747074	-2.96209	1.26057	-2.63043	-1.17804	1.70242	-2.40598	1.20059	1.93314	0.571309	1.79412	-1.9536	2.69974	
-1.16327	-2.21566	0.747074	-2.96209	1.26058	-2.63042	-1.17804	1.70242	-2.40598	1.20059	1.93314	0.571309	1.79412	-1.9536	2.69974	
-1.16327	-2.21566	0.747074	-2.96209	1.26058	-2.63042	-1.17804	1.70242	-2.40598	1.20059	1.93314	0.57131	1.79412	-1.9536	2.69974	
-1.16327	-2.21566	0.747074	-2.96209	1.26058	-2.63042	-1.17804	1.70242	-2.40598	1.20059	1.93314	0.571311	1.79412	-1.9536	2.69974	
-1.16327	-2.21566	0.747074	-2.96209	1.26058	-2.63042	-1.17804	1.70242	-2.40598	1.20059	1.93314	0.571313	1.79412	-1.9536	2.69974	
-1.16327	-2.21566	0.747073	-2.96209	1.26058	-2.63042	-1.17804	1.70242	-2.40598	1.20059	1.93314	0.571314	1.79412	-1.9536	2.69974	
-1.16327	-2.21566	0.747073	-2.96209	1.26058	-2.63042	-1.17804	1.70242	-2.40598	1.20059	1.93314	0.571314	1.79412	-1.9536	2.69974	
-1.16327	-2.21566	0.747073	-2.96209	1.26058	-2.63042	-1.17804	1.70242	-2.40598	1.20059	1.93314	0.571315	1.79412	-1.9536	2.69974	
-1.16327	-2.21566	0.747073	-2.96209	1.26058	-2.63042	-1.17804	1.70242	-2.40598	1.20059	1.93314	0.571316	1.79412	-1.9536	2.69974	
-1.16327	-2.21566	0.747073	-2.96209	1.26058	-2.63042	-1.17804	1.70242	-2.40598	1.20059	1.93314	0.571317	1.79412	-1.9536	2.69974	
-1.16327	-2.21566	0.747073	-2.96209	1.26058	-2.63042	-1.17804	1.70242	-2.40598	1.20059	1.93314	0.571317	1.79412	-1.9536	2.69974	
-1.16327	-2.21566	0.747073	-2.96209	1.26058	-2.63042	-1.17804	1.70242	-2.40598	1.20059	1.93314	0.571317	1.79412	-1.9536	2.69974	
-1.16327	-2.21566	0.747073	-2.96209	1.26059	-2.63042	-1.17804	1.70242	-2.40598	1.20059	1.93314	0.571318	1.79412	-1.9536	2.69974	
-1.16327	-2.21566	0.747073	-2.96209	1.26059	-2.63042	-1.17803	1.70242	-2.40598	1.20059	1.93314	0.571318	1.79412	-1.9536	2.69974	
-1.16327	-2.21566	0.747073	-2.96209	1.26059	-2.63042	-1.17803	1.70242	-2.40598	1.20059	1.93314	0.571319	1.79412	-1.9536	2.69974	
-1.16327	-2.21566	0.747072	-2.96209	1.26059	-2.63042	-1.17803	1.70242	-2.40598	1.20059	1.93314	0.571319	1.79412	-1.9536	2.69974	
-1.16327	-2.21566	0.747072	-2.96209	1.26059	-2.63042	-1.17803	1.70242	-2.40598	1.20059	1.93314	0.57132	1.79412	-1.9536	2.69974	
-1.16327	-2.21566	0.747072	-2.96209	1.26059	-2.63042	-1.17803	1.70242	-2.40598	1.20059	1.93314	0.57132	1.79412	-1.9536	2.69974	
-1.16327	-2.21566	0.747072	-2.96209	1.26059	-2.63042	-1.17803	1.70242	-2.40598	1.20059	1.93314	0.57132	1.79412	-1.9536	2.69974	
-1.16327	-2.21566	0.747072	-2.96209	1.26059	-2.63042	-1.17803	1.70242	-2.40598	1.20059	1.93314	0.57132	1.79412	-1.9536	2.69974	
-1.16327	-2.21566	0.747072	-2.96209	1.26059	-2.63042	-1.17803	1.70242	-2.40598	1.20059	1.93314	0.57132	1.79412	-1.9536	2.69975	
-1.16327	-2.21566	0.747072	-2.96209	1.26059	-2.63042	-1.17803	1.70242	-2.40598	1.20059	1.93314	0.57132	1.79412	-1.9536	2.69975	
-1.16327	-2.21566	0.747072	-2.96209	1.26059	-2.63042	-1.17803	1.70242	-2.40598	1.20059	1.93314	0.571321	1.79412	-1.9536	2.69975	
-1.16327	-2.21566	0.747072	-2.96209	1.26059	-2.63042	-1.17803	1.70242	-2.40598	1.20059	1.93314	0.571321	1.79412	-1.9536	2.69975	
-1.16327	-2.21566	0.747072	-2.96209	1.26059	-2.63042	-1.17803	1.70242	-2.40598	1.20059	1.93314	0.571321	1.79412	-1.9536	2.69975	
-1.16327	-2.21566	0.747072	-2.96209	1.26059	-2.63042	-1.17803	1.70242	-2.40598	1.20059	1.93314	0.571321	1.79412	-1.9536	2.69975	
-1.16327	-2.21566	0.747072	-2.96209	1.26059	-2.63042	-1.17803	1.70242	-2.40598	1.20059	1.93314	0.571322	1.79412	-1.9536	2.69975	
-1.16327	-2.21566	0.747072	-2.96209	1.26059	-2.63042	-1.17803	1.70242	-2.40598	1.20059	1.93314	0.571322	1.79412	-1.9536	2.69975	
-1.16327	-2.21566	0.747072	-2.96209	1.26059	-2.63042	-1.17803	1.70242	-2.40598	1.20059	1.93314	0.571322	1.79412	-1.9536	2.69975	
-1.16454	-2.20964	0.755719	-2.94574	1.2461	-2.61755	-1.18841	1.69817	-2.39736	1.2015	1.93349	0.565306	1.79181	-1.95226	2.69099	
-1.16835	-2.18984	0.773953	-2.89764	1.20802	-2.57756	-1.20974	1.68592	-2.37315	1.20354	1.93333	0.548026	1.78595	-1.94936	2.66415	
-1.17215	-2.17003	0.792187	-2.84955	1.16995	-2.53757	-1.23106	1.67368	-2.34894	1.20558	1.93316	0.530746	1.78009	-1.94647	2.63731	
-1.17596	-2.15022	0.810421	-2.80146	1.13187	-2.49758	-1.25239	1.66143	-2.32473	1.20763	1.93299	0.513466	1.77423	-1.94357	2.61046	
-1.17977	-2.13042	0.828655	-2.75336	1.09379	-2.4576	-1.27372	1.64918	-2.30053	1.20967	1.93283	0.496186	1.76838	-1.94068	2.58362	
-1.18358	-2.11061	0.846889	-2.70527	1.05571	-2.41761	-1.29505	1.63694	-2.27632	1.21171	1.93266	0.478907	1.76252	-1.93779	2.55678	
-1.18738	-2.0908	0.865123	-2.65718	1.01764	-2.37762	-1.31638	1.62469	-2.25211	1.21376	1.93249	0.461627	1.75666	-1.93489	2.52993	
-1.19119	-2.07099	0.883357	-2.60909	0.97956	-2.33763	-1.33771	1.61245	-2.2279	1.2158	1.93233	0.444347	1.7508	-1.932	2.50309	
-1.195	-2.05119	0.901591	-2.56099	0.941483	-2.29764	-1.35903	1.6002	-2.20369	1.21785	1.93216	0.427067	1.74495	-1.9291	2.47625	
-1.19881	-2.03138	0.919824	-2.5129	0.903406	-2.25766	-1.38036	1.58796	-2.17948	1.21989	1.93199	0.409787	1.73909	-1.92621	2.44941	
-1.20336	-2.00389	0.923302	-2.45805	0.871117	-2.2072	-1.38259	1.5742	-2.15438	1.22062	1.92901	0.390815	1.73463	-1.92549	2.41647	
-1.2079	-1.9764	0.926779	-2.4032	0.838828	-2.15675	-1.38482	1.56043	-2.12928	1.22135	1.92603	0.371842	1.73016	-1.92477	2.38354	
-1.21245	-1.94892	0.930257	-2.34835	0.80654	-2.10629	-1.38704	1.54667	-2.10418	1.22208	1.92306	0.352869	1.7257	-1.92406	2.35061	
-1.217	-1.92143	0.933734	-2.2935	0.774251	-2.05584	-1.38927	1.53291	-2.07908	1.22281	1.92008	0.333897	1.72124	-1.92334	2.31768	
-1.22155	-1.89394	0.937212	-2.23865	0.741962	-2.00538	-1.3915	1.51915	-2.05398	1.22354	1.9171	0.314924	1.71678	-1.92262	2.28474	
-1.2261	-1.86645	0.940689	-2.1838	0.709674	-1.95493	-1.39372	1.50539	-2.02888	1.22427	1.91412	0.295951	1.71232	-1.92191	2.25181	
-1.23065	-1.83896	0.944167	-2.12895	0.677385	-1.90448	-1.39595	1.49162	-2.00378	1.225	1.91114	0.276978	1.70785	-1.92119	2.21888	
-1.2352	-1.81148	0.947645	-2.0741	0.645096	-1.85402	-1.39818	1.47786	-1.97868	1.22573	1.90816	0.258006	1.70339	-1.92047	2.18595	
-1.23975	-1.78399	0.951122	-2.01925	0.612807	-1.80357	-1.40041	1.4641	-1.95358	1.22646	1.90518	0.239033	1.69893	-1.91976	2.15301	
-1.2443	-1.7565	0.9546	-1.9644	0.580519	-1.75311	-1.40263	1.45034	-1.92847	1.22719	1.9022	0.22006	1.69447	-1.91904	2.12008	
-1.24885	-1.72901	0.958077	-1.90955	0.54823	-1.70266	-1.40486	1.43658	-1.90337	1.22792	1.89922	0.201088	1.69001	-1.91832	2.08715	
-1.2534	-1.70152	0.961555	-1.8547	0.515941	-1.6522	-1.40709	1.42282	-1.87827	1.22866	1.89625	0.182115	1.68554	-1.9176	2.05422	
-1.25795	-1.67404	0.965032	-1.79985	0.483653	-1.60175	-1.40931	1.40905	-1.85317	1.22939	1.89327	0.163142	1.68108	-1.91689	2.02128	
-1.2625	-1.64655	0.96851	-1.745	0.451364	-1.5513	-1.41154	1.39529	-1.82807	1.23012	1.89029	0.14417	1.67662	-1.91617	1.98835	
-1.26704	-1.61906	0.971987	-1.69015	0.419075	-1.50084	-1.41377	1.38153	-1.80297	1.23085	1.88731	0.125197	1.67216	-1.91545	1.95542	
-1.27159	-1.59157	0.975465	-1.6353	0.386787	-1.45039	-1.416	1.36777	-1.77787	1.23158	1.88433	0.106224	1.6677	-1.91474	1.92249	
-1.27614	-1.56408	0.978942	-1.58045	0.354498	-1.39993	-1.41822	1.35401	-1.75277	1.23231	1.88135	0.0872516	1.66323	-1.91402	1.88955	
-1.28069	-1.5366	0.98242	-1.5256	0.322209	-1.34948	-1.42045	1.34024	-1.72767	1.23304	1.87837	0.068279	1.65877	-1.9133	1.85662	
-1.28524	-1.50911	0.985897	-1.47075	0.289921	-1.29902	-1.42268	1.32648	-1.70257	1.23377	1.87539	0.0493063	1.65431	-1.91258	1.82369	
-1.28979	-1.48162	0.989375	-1.4159	0.257632	-1.24857	-1.4249	1.31272	-1.67746	1.2345	1.87241	0.0303336	1.64985	-1.91187	1.79076	
-1.29434	-1.45413	0.992852	-1.36105	0.225343	-1.19812	-1.42713	1.29896	-1.65236	1.23523	1.86944	0.0113609	1.64538	-1.91115	1.75782	
-1.29889	-1.42664	0.99633	-1.3062	0.193055	-1.14766	-1.42936	1.2852	-1.62726	1.23596	1.86646	-0.00761178	1.64092	-1.91043	1.72489	
-1.30344	-1.39916	0.999807	-1.25135	0.160766	-1.09721	-1.43158	1.27143	-1.60216	1.23669	1.86348	-0.0265845	1.63646	-1.90972	1.69196	
-1.30799	-1.37167	1.00328	-1.1965	0.128477	-1.04675	-1.43381	1.25767	-1.57706	1.23742	1.8605	-0.0455571	1.632	-1.909	1.65903	
-1.31254	-1.34418	1.00676	-1.14165	0.0961885	-0.996299	-1.43604	1.24391	-1.55196	1.23815	1.85752	-0.0645298	1.62754	-1.90828	1.62609	
-1.31709	-1.31669	1.01024	-1.0868	0.0638998	-0.945844	-1.43827	1.23015	-1.52686	1.23888	1.85454	-0.0835025	1.62307	-1.90756	1.59316	
-1.32163	-1.2892	1.01372	-1.03195	0.0316111	-0.89539	-1.44049	1.21639	-1.50176	1.23961	1.85156	-0.102475	1.61861	-1.90685	1.56023	
-1.32618	-1.26172	1.01719	-0.977103	-0.00067756	-0.844936	-1.44272	1.20262	-1.47666	1.24034	1.84858	-0.121448	1.61415	-1.90613	1.5273	
-1.33073	-1.23423	1.02067	-0.922253	-0.0329662	-0.794481	-1.44495	1.18886	-1.45156	1.24107	1.8456	-0.140421	1.60969	-1.90541	1.49436	
-1.33528	-1.20674	1.02415	-0.867403	-0.0652549	-0.744027	-1.44717	1.1751	-1.42645	1.2418	1.84263	-0.159393	1.60523	-1.9047	1.46143	
-1.33983	-1.17925	1.02763	-0.812554	-0.0975436	-0.693573	-1.4494	1.16134	-1.40135	1.24253	1.83965	-0.178366	1.60076	-1.90398	1.4285	
-1.34438	-1.15176	1.0311	-0.757704	-0.129832	-0.643119	-1.45163	1.14758	-1.37625	1.24326	1.83667	-0.197339	1.5963	-1.90326	1.39557	
-1.34893	-1.12427	1.03458	-0.702854	-0.162121	-0.592664	-1.45386	1.13382	-1.35115	1.24399	1.83369	-0.216311	1.59184	-1.90255	1.36263	
-1.35348	-1.09679	1.03806	-0.648004	-0.19441	-0.54221	-1.45608	1.12005	-1.32605	1.24473	1.83071	-0.235284	1.58738	-1.90183	1.3297	
-1.35803	-1.0693	1.04154	-0.593154	-0.226698	-0.491756	-1.45831	1.10629	-1.30095	1.24546	1.82773	-0.254257	1.58292	-1.90111	1.29677	
-1.36258	-1.04181	1.04501	-0.538304	-0.258987	-0.441302	-1.46054	1.09253	-1.27585	1.24619	1.82475	-0.273229	1.57845	-1.90039	1.26384	
-1.36713	-1.01432	1.04849	-0.483455	-0.291276	-0.390847	-1.46276	1.07877	-1.25075	1.24692	1.82177	-0.292202	1.57399	-1.89968	1.2309	
-1.37168	-0.986835	1.05197	-0.428605	-0.323564	-0.340393	-1.46499	1.06501	-1.22565	1.24765	1.81879	-0.311175	1.56953	-1.89896	1.19797	
-1.37623	-0.959347	1.05545	-0.373755	-0.355853	-0.289939	-1.46722	1.05124	-1.20055	1.24838	1.81582	-0.330147	1.56507	-1.89824	1.16504	
-1.38077	-0.931859	1.05892	-0.318905	-0.388142	-0.239484	-1.46944	1.03748	-1.17544	1.24911	1.81284	-0.34912	1.5606	-1.89753	1.13211	
-1.38532	-0.904371	1.0624	-0.264055	-0.42043	-0.18903	-1.47167	1.02372	-1.15034	1.24984	1.80986	-0.368093	1.55614	-1.89681	1.09917	
-1.38987	-0.876883	1.06588	-0.209205	-0.452719	-0.138576	-1.4739	1.00996	-1.12524	1.25057	1.80688	-0.387065	1.55168	-1.89609	1.06624	
-1.39442	-0.849394	1.06936	-0.154355	-0.485008	-0.0881217	-1.47613	0.996197	-1.10014	1.2513	1.8039	-0.406038	1.54722	-1.89537	1.03331	
-1.39897	-0.821906	1.07283	-0.0995056	-0.517297	-0.0376674	-1.47835	0.982435	-1.07504	1.25203	1.80092	-0.425011	1.54276	-1.89466	1.00038	
-1.40352	-0.794418	1.07631	-0.0446557	-0.549585	0.0127869	-1.48058	0.968673	-1.04994	1.25276	1.79794	-0.443984	1.53829	-1.89394	0.967444	
-1.40807	-0.76693	1.07979	0.0101941	-0.581874	0.0632412	-1.48281	0.954911	-1.02484	1.25349	1.79496	-0.462956	1.53383	-1.89322	0.934511	
-1.41262	-0.739442	1.08327	0.065044	-0.614163	0.113695	-1.48503	0.941149	-0.999737	1.25422	1.79198	-0.481929	1.52937	-1.89251	0.901579	
-1.41741	-0.717807	1.09055	0.120954	-0.642634	0.155312	-1.49226	0.915206	-0.965936	1.25291	1.79238	-0.509213	1.52186	-1.8925	0.87832	
-1.42221	-0.696172	1.09784	0.176865	-0.671106	0.196929	-1.49949	0.889264	-0.932134	1.25161	1.79277	-0.536497	1.51435	-1.8925	0.855061	
-1.42701	-0.674537	1.10512	0.232775	-0.699578	0.238545	-1.50672	0.863321	-0.898333	1.2503	1.79317	-0.563781	1.50684	-1.8925	0.831801	
-1.4318	-0.652902	1.11241	0.288686	-0.72805	0.280162	-1.51395	0.837378	-0.864531	1.24899	1.79356	-0.591065	1.49933	-1.8925	0.808542	
-1.4366	-0.631266	1.11969	0.344596	-0.756522	0.321779	-1.52117	0.811436	-0.830729	1.24768	1.79396	-0.618349	1.49182	-1.89249	0.785283	
-1.44139	-0.609631	1.12698	0.400506	-0.784994	0.363395	-1.5284	0.785493	-0.796928	1.24638	1.79435	-0.645633	1.48431	-1.89249	0.762024	
-1.44619	-0.587996	1.13426	0.456417	-0.813465	0.405012	-1.53563	0.75955	-0.763126	1.24507	1.79475	-0.672917	1.4768	-1.89249	0.738765	
-1.45098	-0.566361	1.14155	0.512327	-0.841937	0.446629	-1.54286	0.733607	-0.729325	1.24376	1.79514	-0.700201	1.46929	-1.89249	0.715506	
-1.45578	-0.544726	1.14883	0.568237	-0.870409	0.488245	-1.55009	0.707665	-0.695523	1.24245	1.79553	-0.727484	1.46178	-1.89249	0.692246	
-1.46057	-0.52309	1.15612	0.624148	-0.898881	0.529862	-1.55731	0.681722	-0.661722	1.24115	1.79593	-0.754768	1.45426	-1.89248	0.668987	
-1.46537	-0.501455	1.1634	0.680058	-0.927353	0.571479	-1.56454	0.655779	-0.62792	1.23984	1.79632	-0.782052	1.44675	-1.89248	0.645728	
-1.47017	-0.47982	1.17068	0.735969	-0.955825	0.613095	-1.57177	0.629836	-0.594118	1.23853	1.79672	-0.809336	1.43924	-1.89248	0.622469	
-1.47496	-0.458185	1.17797	0.791879	-0.984296	0.654712	-1.579	0.603894	-0.560317	1.23722	1.79711	-0.83662	1.43173	-1.89248	0.59921	
-1.47976	-0.43655	1.18525	0.847789	-1.01277	0.696329	-1.58622	0.577951	-0.526515	1.23592	1.79751	-0.863904	1.42422	-1.89247	0.57595	
-1.48455	-0.414914	1.19254	0.9037	-1.04124	0.737945	-1.59345	0.552008	-0.492714	1.23461	1.7979	-0.891188	1.41671	-1.89247	0.552691	
-1.48935	-0.393279	1.19982	0.95961	-1.06971	0.779562	-1.60068	0.526065	-0.458912	1.2333	1.7983	-0.918472	1.4092	-1.89247	0.529432	
-1.49414	-0.371644	1.20711	1.01552	-1.09818	0.821179	-1.60791	0.500123	-0.425111	1.23199	1.79869	-0.945756	1.40169	-1.89247	0.506173	
-1.49894	-0.350009	1.21439	1.07143	-1.12666	0.862796	-1.61514	0.47418	-0.391309	1.23069	1.79908	-0.97304	1.39418	-1.89246	0.482914	
-1.50373	-0.328374	1.22168	1.12734	-1.15513	0.904412	-1.62236	0.448237	-0.357507	1.22938	1.79948	-1.00032	1.38667	-1.89246	0.459655	
-1.50853	-0.306738	1.22896	1.18325	-1.1836	0.946029	-1.62959	0.422294	-0.323706	1.22807	1.79987	-1.02761	1.37916	-1.89246	0.436395	
-1.51333	-0.285103	1.23625	1.23916	-1.21207	0.987646	-1.63682	0.396352	-0.289904	1.22676	1.80027	-1.05489	1.37165	-1.89246	0.413136	
-1.51812	-0.263468	1.24353	1.29507	-1.24054	1.02926	-1.64405	0.370409	-0.256103	1.22546	1.80066	-1.08218	1.36414	-1.89246	0.389877	
-1.52292	-0.241833	1.25082	1.35098	-1.26901	1.07088	-1.65128	0.344466	-0.222301	1.22415	1.80106	-1.10946	1.35663	-1.89245	0.366618	
-1.52771	-0.220198	1.2581	1.40689	-1.29749	1.1125	-1.6585	0.318524	-0.188499	1.22284	1.80145	-1.13674	1.34912	-1.89245	0.343359	
-1.53251	-0.198562	1.26539	1.4628	-1.32596	1.15411	-1.66573	0.292581	-0.154698	1.22153	1.80185	-1.16403	1.34161	-1.89245	0.3201	
-1.5373	-0.176927	1.27267	1.51871	-1.35443	1.19573	-1.67296	0.266638	-0.120896	1.22023	1.80224	-1.19131	1.3341	-1.89245	0.29684	
-1.5421	-0.155292	1.27996	1.57462	-1.3829	1.23735	-1.68019	0.240695	-0.0870947	1.21892	1.80263	-1.2186	1.32659	-1.89244	0.273581	
-1.54689	-0.133657	1.28724	1.63053	-1.41137	1.27896	-1.68742	0.214753	-0.0532931	1.21761	1.80303	-1.24588	1.31908	-1.89244	0.250322	
-1.55169	-0.112022	1.29453	1.68645	-1.43985	1.32058	-1.69464	0.18881	-0.0194916	1.2163	1.80342	-1.27316	1.31156	-1.89244	0.227063	
