-1.55169	-0.103588	1.29079	1.70739	-1.48568	1.28674	-1.7076	-3.0239	-0.0151417	1.22785	1.81457	-1.30063	1.26594	-1.91463	-2.97141	
-1.5113	-0.0980178	1.28493	1.70338	-1.45674	1.30231	-1.70376	-2.96934	-0.0303014	1.23171	1.79802	-1.29154	1.25145	-1.91284	-2.91403	
-1.47091	-0.0924471	1.27908	1.69937	-1.42781	1.31788	-1.69993	-2.91477	-0.0454611	1.23556	1.78148	-1.28246	1.23697	-1.91105	-2.85665	
-1.43052	-0.0868764	1.27322	1.69536	-1.39887	1.33345	-1.69609	-2.86021	-0.0606208	1.23942	1.76494	-1.27337	1.22248	-1.90926	-2.79927	
-1.39013	-0.0813058	1.26737	1.69135	-1.36994	1.34903	-1.69226	-2.80565	-0.0757805	1.24328	1.7484	-1.26428	1.20799	-1.90747	-2.74189	
-1.34974	-0.0757351	1.26151	1.68734	-1.341	1.3646	-1.68842	-2.75108	-0.0909402	1.24713	1.73185	-1.2552	1.1935	-1.90568	-2.68451	
-1.30935	-0.0701645	1.25566	1.68333	-1.31206	1.38017	-1.68459	-2.69652	-0.1061	1.25099	1.71531	-1.24611	1.17901	-1.90389	-2.62713	
-1.26896	-0.0645938	1.2498	1.67932	-1.28313	1.39574	-1.68075	-2.64196	-0.12126	1.25485	1.69877	-1.23702	1.16452	-1.9021	-2.56975	
-1.22857	-0.0590231	1.24395	1.67531	-1.25419	1.41132	-1.67692	-2.58739	-0.136419	1.2587	1.68223	-1.22793	1.15003	-1.90031	-2.51237	
-1.18818	-0.0534525	1.23809	1.6713	-1.22525	1.42689	-1.67308	-2.53283	-0.151579	1.26256	1.66568	-1.21885	1.13554	-1.89852	-2.45499	
-1.14779	-0.0478818	1.23224	1.66729	-1.19632	1.44246	-1.66924	-2.47827	-0.166739	1.26641	1.64914	-1.20976	1.12105	-1.89673	-2.39761	
-1.1074	-0.0423111	1.22638	1.66328	-1.16738	1.45803	-1.66541	-2.4237	-0.181898	1.27027	1.6326	-1.20067	1.10656	-1.89495	-2.34023	
-1.06701	-0.0367405	1.22053	1.65927	-1.13845	1.4736	-1.66157	-2.36914	-0.197058	1.27413	1.61606	-1.19158	1.09207	-1.89316	-2.28284	
-1.02662	-0.0311698	1.21467	1.65526	-1.10951	1.48918	-1.65774	-2.31458	-0.212218	1.27798	1.59952	-1.1825	1.07758	-1.89137	-2.22546	
-0.986233	-0.0255992	1.20882	1.65125	-1.08057	1.50475	-1.6539	-2.26001	-0.227377	1.28184	1.58297	-1.17341	1.0631	-1.88958	-2.16808	
-0.945843	-0.0200285	1.20296	1.64724	-1.05164	1.52032	-1.65007	-2.20545	-0.242537	1.2857	1.56643	-1.16432	1.04861	-1.88779	-2.1107	
-0.905454	-0.0144578	1.19711	1.64323	-1.0227	1.53589	-1.64623	-2.15089	-0.257697	1.28955	1.54989	-1.15524	1.03412	-1.886	-2.05332	
-0.865064	-0.00888716	1.19125	1.63922	-0.993765	1.55147	-1.6424	-2.09632	-0.272857	1.29341	1.53335	-1.14615	1.01963	-1.88421	-1.99594	
-0.824674	-0.0033165	1.1854	1.63521	-0.964829	1.56704	-1.63856	-2.04176	-0.288016	1.29727	1.5168	-1.13706	1.00514	-1.88242	-1.93856	
-0.784284	0.00225416	1.17954	1.6312	-0.935892	1.58261	-1.63473	-1.9872	-0.303176	1.30112	1.50026	-1.12797	0.99065	-1.88063	-1.88118	
-0.743895	0.00782482	1.17369	1.62719	-0.906956	1.59818	-1.63089	-1.93263	-0.318336	1.30498	1.48372	-1.11889	0.97616	-1.87884	-1.8238	
-0.703505	0.0133955	1.16783	1.62318	-0.87802	1.61375	-1.62705	-1.87807	-0.333495	1.30884	1.46718	-1.1098	0.961671	-1.87705	-1.76642	
-0.663115	0.0189661	1.16198	1.61917	-0.849084	1.62933	-1.62322	-1.82351	-0.348655	1.31269	1.45063	-1.10071	0.947182	-1.87526	-1.70904	
-0.622725	0.0245368	1.15612	1.61516	-0.820147	1.6449	-1.61938	-1.76894	-0.363815	1.31655	1.43409	-1.09163	0.932693	-1.87348	-1.65166	
-0.582335	0.0301075	1.15027	1.61115	-0.791211	1.66047	-1.61555	-1.71438	-0.378974	1.3204	1.41755	-1.08254	0.918204	-1.87169	-1.59428	
-0.541946	0.0356781	1.14441	1.60714	-0.762275	1.67604	-1.61171	-1.65982	-0.394134	1.32426	1.40101	-1.07345	0.903715	-1.8699	-1.5369	
-0.501556	0.0412488	1.13856	1.60313	-0.733339	1.69162	-1.60788	-1.60525	-0.409294	1.32812	1.38446	-1.06436	0.889225	-1.86811	-1.47952	
-0.461166	0.0468195	1.1327	1.59912	-0.704402	1.70719	-1.60404	-1.55069	-0.424454	1.33197	1.36792	-1.05528	0.874736	-1.86632	-1.42213	
-0.420776	0.0523901	1.12685	1.59511	-0.675466	1.72276	-1.60021	-1.49613	-0.439613	1.33583	1.35138	-1.04619	0.860247	-1.86453	-1.36475	
-0.380387	0.0579608	1.12099	1.5911	-0.64653	1.73833	-1.59637	-1.44156	-0.454773	1.33969	1.33484	-1.0371	0.845758	-1.86274	-1.30737	
-0.339997	0.0635315	1.11514	1.58709	-0.617594	1.7539	-1.59253	-1.387	-0.469933	1.34354	1.31829	-1.02802	0.831269	-1.86095	-1.24999	
-0.299607	0.0691021	1.10928	1.58308	-0.588657	1.76948	-1.5887	-1.33244	-0.485092	1.3474	1.30175	-1.01893	0.81678	-1.85916	-1.19261	
-0.259217	0.0746728	1.10343	1.57907	-0.559721	1.78505	-1.58486	-1.27787	-0.500252	1.35126	1.28521	-1.00984	0.80229	-1.85737	-1.13523	
-0.218828	0.0802434	1.09757	1.57506	-0.530785	1.80062	-1.58103	-1.22331	-0.515412	1.35511	1.26867	-1.00075	0.787801	-1.85558	-1.07785	
-0.178438	0.0858141	1.09172	1.57105	-0.501849	1.81619	-1.57719	-1.16875	-0.530571	1.35897	1.25212	-0.991666	0.773312	-1.8538	-1.02047	
-0.138048	0.0913848	1.08586	1.56704	-0.472912	1.83176	-1.57336	-1.11418	-0.545731	1.36283	1.23558	-0.982579	0.758823	-1.85201	-0.963089	
-0.0976583	0.0969554	1.08001	1.56303	-0.443976	1.84734	-1.56952	-1.05962	-0.560891	1.36668	1.21904	-0.973492	0.744334	-1.85022	-0.905708	
-0.0572685	0.102526	1.07415	1.55902	-0.41504	1.86291	-1.56569	-1.00506	-0.576051	1.37054	1.2025	-0.964405	0.729845	-1.84843	-0.848328	
-0.0168788	0.108097	1.0683	1.55501	-0.386104	1.87848	-1.56185	-0.950495	-0.59121	1.37439	1.18595	-0.955317	0.715355	-1.84664	-0.790947	
0.023511	0.113667	1.06244	1.551	-0.357167	1.89405	-1.55801	-0.895932	-0.60637	1.37825	1.16941	-0.94623	0.700866	-1.84485	-0.733566	
0.0639008	0.119238	1.05659	1.54699	-0.328231	1.90963	-1.55418	-0.841369	-0.62153	1.38211	1.15287	-0.937143	0.686377	-1.84306	-0.676186	
0.104291	0.124809	1.05073	1.54298	-0.299295	1.9252	-1.55034	-0.786805	-0.636689	1.38596	1.13633	-0.928056	0.671888	-1.84127	-0.618805	
0.14468	0.130379	1.04488	1.53897	-0.270359	1.94077	-1.54651	-0.732242	-0.651849	1.38982	1.11978	-0.918969	0.657399	-1.83948	-0.561424	
0.18507	0.13595	1.03902	1.53496	-0.241422	1.95634	-1.54267	-0.677679	-0.667009	1.39368	1.10324	-0.909881	0.642909	-1.83769	-0.504044	
0.22546	0.141521	1.03317	1.53095	-0.212486	1.97191	-1.53884	-0.623116	-0.682168	1.39753	1.0867	-0.900794	0.62842	-1.8359	-0.446663	
0.26585	0.147091	1.02731	1.52694	-0.18355	1.98749	-1.535	-0.568552	-0.697328	1.40139	1.07016	-0.891707	0.613931	-1.83412	-0.389282	
0.306239	0.152662	1.02146	1.52293	-0.154614	2.00306	-1.53117	-0.513989	-0.712488	1.40525	1.05361	-0.88262	0.599442	-1.83233	-0.331902	
0.346629	0.158233	1.0156	1.51892	-0.125677	2.01863	-1.52733	-0.459426	-0.727648	1.4091	1.03707	-0.873533	0.584953	-1.83054	-0.274521	
0.387019	0.163803	1.00975	1.51491	-0.0967411	2.0342	-1.5235	-0.404863	-0.742807	1.41296	1.02053	-0.864445	0.570464	-1.82875	-0.21714	
0.427409	0.169374	1.00389	1.5109	-0.0678049	2.04978	-1.51966	-0.350299	-0.757967	1.41682	1.00399	-0.855358	0.555974	-1.82696	-0.15976	
0.467798	0.174945	0.998038	1.50689	-0.0388686	2.06535	-1.51582	-0.295736	-0.773127	1.42067	0.987444	-0.846271	0.541485	-1.82517	-0.102379	
0.508188	0.180515	0.992183	1.50288	-0.00993236	2.08092	-1.51199	-0.241173	-0.788286	1.42453	0.970901	-0.837184	0.526996	-1.82338	-0.0449982	
0.548578	0.186086	0.986328	1.49887	0.0190039	2.09649	-1.50815	-0.18661	-0.803446	1.42838	0.954359	-0.828097	0.512507	-1.82159	0.0123825	
0.588968	0.191657	0.980472	1.49486	0.0479401	2.11206	-1.50432	-0.132046	-0.818606	1.43224	0.937816	-0.819009	0.498018	-1.8198	0.0697632	
0.629357	0.197227	0.974617	1.49085	0.0768764	2.12764	-1.50048	-0.0774831	-0.833765	1.4361	0.921274	-0.809922	0.483529	-1.81801	0.127144	
0.669747	0.202798	0.968762	1.48684	0.105813	2.14321	-1.49665	-0.0229198	-0.848925	1.43995	0.904731	-0.800835	0.469039	-1.81622	0.184525	
0.710137	0.208369	0.962907	1.48283	0.134749	2.15878	-1.49281	0.0316434	-0.864085	1.44381	0.888189	-0.791748	0.45455	-1.81443	0.241905	
0.750527	0.213939	0.957052	1.47882	0.163685	2.17435	-1.48898	0.0862067	-0.879245	1.44767	0.871646	-0.78266	0.440061	-1.81265	0.299286	
0.790917	0.21951	0.951197	1.47481	0.192621	2.18993	-1.48514	0.14077	-0.894404	1.45152	0.855104	-0.773573	0.425572	-1.81086	0.356667	
0.831306	0.225081	0.945342	1.4708	0.221558	2.2055	-1.4813	0.195333	-0.909564	1.45538	0.838561	-0.764486	0.411083	-1.80907	0.414047	
0.871696	0.230651	0.939487	1.46679	0.250494	2.22107	-1.47747	0.249896	-0.924724	1.45924	0.822019	-0.755399	0.396594	-1.80728	0.471428	
0.912086	0.236222	0.933632	1.46278	0.27943	2.23664	-1.47363	0.30446	-0.939883	1.46309	0.805476	-0.746312	0.382104	-1.80549	0.528809	
0.952476	0.241793	0.927777	1.45877	0.308366	2.25221	-1.4698	0.359023	-0.955043	1.46695	0.788934	-0.737224	0.367615	-1.8037	0.586189	
0.992865	0.247363	0.921922	1.45476	0.337303	2.26779	-1.46596	0.413586	-0.970203	1.47081	0.772391	-0.728137	0.353126	-1.80191	0.64357	
1.03326	0.252934	0.916067	1.45075	0.366239	2.28336	-1.46213	0.468149	-0.985362	1.47466	0.755849	-0.71905	0.338637	-1.80012	0.700951	
1.07364	0.258505	0.910212	1.44674	0.395175	2.29893	-1.45829	0.522713	-1.00052	1.47852	0.739306	-0.709963	0.324148	-1.79833	0.758331	
1.11403	0.264075	0.904357	1.44273	0.424111	2.3145	-1.45446	0.577276	-1.01568	1.48237	0.722764	-0.700876	0.309659	-1.79654	0.815712	
1.15442	0.269646	0.898502	1.43872	0.453048	2.33007	-1.45062	0.631839	-1.03084	1.48623	0.706222	-0.691788	0.295169	-1.79475	0.873093	
1.19481	0.275217	0.892647	1.43471	0.481984	2.34565	-1.44678	0.686403	-1.046	1.49009	0.689679	-0.682701	0.28068	-1.79297	0.930473	
1.2352	0.280787	0.886792	1.4307	0.51092	2.36122	-1.44295	0.740966	-1.06116	1.49394	0.673137	-0.673614	0.266191	-1.79118	0.987854	
1.27559	0.286358	0.880937	1.42669	0.539856	2.37679	-1.43911	0.795529	-1.07632	1.4978	0.656594	-0.664527	0.251702	-1.78939	1.04523	
1.31598	0.291929	0.875082	1.42268	0.568793	2.39236	-1.43528	0.850092	-1.09148	1.50166	0.640052	-0.65544	0.237213	-1.7876	1.10262	
1.35637	0.297499	0.869227	1.41867	0.597729	2.40794	-1.43144	0.904656	-1.10664	1.50551	0.623509	-0.646352	0.222724	-1.78581	1.16	
1.39676	0.30307	0.863372	1.41466	0.626665	2.42351	-1.42761	0.959219	-1.1218	1.50937	0.606967	-0.637265	0.208234	-1.78402	1.21738	
1.43715	0.308641	0.857517	1.41065	0.655601	2.43908	-1.42377	1.01378	-1.13696	1.51323	0.590424	-0.628178	0.193745	-1.78223	1.27476	
1.47754	0.314211	0.851662	1.40664	0.684538	2.45465	-1.41994	1.06835	-1.15212	1.51708	0.573882	-0.619091	0.179256	-1.78044	1.33214	
1.51793	0.319782	0.845807	1.40263	0.713474	2.47022	-1.4161	1.12291	-1.16728	1.52094	0.557339	-0.610003	0.164767	-1.77865	1.38952	
1.55832	0.325353	0.839952	1.39862	0.74241	2.4858	-1.41227	1.17747	-1.18244	1.5248	0.540797	-0.600916	0.150278	-1.77686	1.4469	
1.59871	0.330923	0.834097	1.39461	0.771346	2.50137	-1.40843	1.23204	-1.1976	1.52865	0.524254	-0.591829	0.135789	-1.77507	1.50428	
1.6391	0.336494	0.828242	1.3906	0.800283	2.51694	-1.40459	1.2866	-1.21276	1.53251	0.507712	-0.582742	0.121299	-1.77329	1.56166	
1.67949	0.342065	0.822387	1.38659	0.829219	2.53251	-1.40076	1.34116	-1.22792	1.53636	0.491169	-0.573655	0.10681	-1.7715	1.61904	
1.71988	0.347635	0.816531	1.38258	0.858155	2.54809	-1.39692	1.39572	-1.24308	1.54022	0.474627	-0.564567	0.092321	-1.76971	1.67642	
1.76027	0.353206	0.810676	1.37857	0.887091	2.56366	-1.39309	1.45029	-1.25824	1.54408	0.458084	-0.55548	0.0778319	-1.76792	1.7338	
1.80066	0.358777	0.804821	1.37456	0.916028	2.57923	-1.38925	1.50485	-1.2734	1.54793	0.441542	-0.546393	0.0633427	-1.76613	1.79118	
1.84105	0.364347	0.798966	1.37055	0.944964	2.5948	-1.38542	1.55941	-1.28856	1.55179	0.424999	-0.537306	0.0488535	-1.76434	1.84856	
1.88144	0.369918	0.793111	1.36654	0.9739	2.61037	-1.38158	1.61398	-1.30372	1.55565	0.408457	-0.528219	0.0343644	-1.76255	1.90594	
1.92183	0.375489	0.787256	1.36253	1.00284	2.62595	-1.37775	1.66854	-1.31888	1.5595	0.391915	-0.519131	0.0198752	-1.76076	1.96333	
1.96222	0.381059	0.781401	1.35852	1.03177	2.64152	-1.37391	1.7231	-1.33404	1.56336	0.375372	-0.510044	0.00538603	-1.75897	2.02071	
2.00261	0.38663	0.775546	1.35451	1.06071	2.65709	-1.37007	1.77767	-1.3492	1.56722	0.35883	-0.500957	-0.00910314	-1.75718	2.07809	
2.043	0.392201	0.769691	1.3505	1.08965	2.67266	-1.36624	1.83223	-1.36435	1.57107	0.342287	-0.49187	-0.0235923	-1.75539	2.13547	
2.08339	0.397771	0.763836	1.34649	1.11858	2.68824	-1.3624	1.88679	-1.37951	1.57493	0.325745	-0.482783	-0.0380815	-1.75361	2.19285	
2.12378	0.403342	0.757981	1.34248	1.14752	2.70381	-1.35857	1.94136	-1.39467	1.57878	0.309202	-0.473695	-0.0525707	-1.75182	2.25023	
2.16417	0.408913	0.752126	1.33847	1.17645	2.71938	-1.35473	1.99592	-1.40983	1.58264	0.29266	-0.464608	-0.0670598	-1.75003	2.30761	
2.20456	0.414483	0.746271	1.33446	1.20539	2.73495	-1.3509	2.05048	-1.42499	1.5865	0.276117	-0.455521	-0.081549	-1.74824	2.36499	
2.24495	0.420054	0.740416	1.33045	1.23433	2.75052	-1.34706	2.10505	-1.44015	1.59035	0.259575	-0.446434	-0.0960382	-1.74645	2.42237	
2.28534	0.425625	0.734561	1.32644	1.26326	2.7661	-1.34323	2.15961	-1.45531	1.59421	0.243032	-0.437346	-0.110527	-1.74466	2.47975	
2.32573	0.431195	0.728706	1.32243	1.2922	2.78167	-1.33939	2.21417	-1.47047	1.59807	0.22649	-0.428259	-0.125017	-1.74287	2.53713	
2.36612	0.436766	0.722851	1.31842	1.32114	2.79724	-1.33555	2.26874	-1.48563	1.60192	0.209947	-0.419172	-0.139506	-1.74108	2.59451	
2.40651	0.442337	0.716996	1.31441	1.35007	2.81281	-1.33172	2.3233	-1.50079	1.60578	0.193405	-0.410085	-0.153995	-1.73929	2.65189	
2.4469	0.447907	0.711141	1.3104	1.37901	2.82838	-1.32788	2.37786	-1.51595	1.60964	0.176862	-0.400998	-0.168484	-1.7375	2.70927	
2.48729	0.453478	0.705286	1.30639	1.40794	2.84396	-1.32405	2.43243	-1.53111	1.61349	0.16032	-0.39191	-0.182973	-1.73571	2.76665	
2.52768	0.459048	0.699431	1.30238	1.43688	2.85953	-1.32021	2.48699	-1.54627	1.61735	0.143777	-0.382823	-0.197462	-1.73392	2.82404	
2.56336	0.465841	0.689426	1.29688	1.46402	2.87733	-1.31566	2.53465	-1.56154	1.62185	0.127865	-0.373571	-0.209903	-1.73253	2.87531	
2.59905	0.472633	0.679421	1.29138	1.49115	2.89513	-1.3111	2.58231	-1.5768	1.62635	0.111953	-0.364319	-0.222343	-1.73113	2.92658	
2.63474	0.479425	0.669416	1.28589	1.51829	2.91294	-1.30655	2.62996	-1.59207	1.63086	0.0960406	-0.355066	-0.234783	-1.72973	2.97785	
2.67043	0.486217	0.659411	1.28039	1.54543	2.93074	-1.30199	2.67762	-1.60733	1.63536	0.0801283	-0.345814	-0.247224	-1.72833	3.02912	
2.70611	0.493009	0.649406	1.27489	1.57256	2.94854	-1.29743	2.72528	-1.6226	1.63986	0.0642161	-0.336562	-0.259664	-1.72693	3.08038	
2.7418	0.499801	0.639401	1.26939	1.5997	2.96634	-1.29288	2.77294	-1.63786	1.64437	0.0483038	-0.327309	-0.272104	-1.72553	3.13165	
2.75253	0.50365	0.631725	1.26587	1.60942	2.97561	-1.29037	2.78674	-1.64426	1.6468	0.0422797	-0.323385	-0.275478	-1.72525	3.14762	
2.75307	0.50424	0.630312	1.26528	1.61025	2.97694	-1.29	2.78731	-1.64497	1.64716	0.0417053	-0.322937	-0.275566	-1.72526	3.14855	
2.7531	0.504415	0.629867	1.2651	1.61041	2.97732	-1.28989	2.7873	-1.64516	1.64727	0.0415771	-0.322824	-0.275541	-1.72527	3.14864	
2.7531	0.504495	0.629659	1.26501	1.61048	2.97749	-1.28984	2.78728	-1.64524	1.64732	0.0415215	-0.322772	-0.275525	-1.72528	3.14866	
2.7531	0.504857	0.628723	1.26464	1.6108	2.97828	-1.28961	2.78717	-1.6456	1.64754	0.0412729	-0.322543	-0.275451	-1.72531	3.14877	
2.7531	0.504932	0.628531	1.26456	1.61086	2.97844	-1.28956	2.78715	-1.64567	1.64758	0.041222	-0.322497	-0.275436	-1.72531	3.1488	
2.7531	0.505011	0.628327	1.26448	1.61093	2.97861	-1.28951	2.78712	-1.64575	1.64763	0.0411678	-0.322447	-0.27542	-1.72532	3.14882	
2.7531	0.505082	0.628143	1.2644	1.61099	2.97876	-1.28947	2.7871	-1.64582	1.64767	0.0411189	-0.322402	-0.275406	-1.72532	3.14884	
2.7531	0.505109	0.628072	1.26437	1.61101	2.97882	-1.28945	2.7871	-1.64585	1.64769	0.0411001	-0.322384	-0.2754	-1.72533	3.14885	
2.7531	0.50513	0.628018	1.26435	1.61103	2.97887	-1.28944	2.78709	-1.64587	1.6477	0.0410858	-0.322371	-0.275396	-1.72533	3.14886	
2.7531	0.505147	0.627973	1.26433	1.61105	2.9789	-1.28943	2.78708	-1.64589	1.64771	0.041074	-0.32236	-0.275393	-1.72533	3.14886	
2.7531	0.505168	0.627921	1.26431	1.61106	2.97895	-1.28941	2.78708	-1.64591	1.64772	0.04106	-0.322347	-0.275388	-1.72533	3.14887	
2.7531	0.505187	0.627872	1.26429	1.61108	2.97899	-1.2894	2.78707	-1.64593	1.64773	0.041047	-0.322335	-0.275385	-1.72533	3.14887	
2.7531	0.505208	0.627817	1.26427	1.6111	2.97904	-1.28939	2.78707	-1.64595	1.64775	0.0410323	-0.322322	-0.27538	-1.72533	3.14888	
2.7531	0.505231	0.627757	1.26425	1.61112	2.97909	-1.28937	2.78706	-1.64597	1.64776	0.0410165	-0.322307	-0.275375	-1.72534	3.14889	
2.7531	0.505243	0.627726	1.26424	1.61113	2.97911	-1.28937	2.78706	-1.64598	1.64777	0.0410084	-0.3223	-0.275373	-1.72534	3.14889	
2.7531	0.50525	0.627708	1.26423	1.61114	2.97913	-1.28936	2.78705	-1.64599	1.64777	0.0410036	-0.322295	-0.275372	-1.72534	3.14889	
2.7531	0.505255	0.627696	1.26422	1.61114	2.97914	-1.28936	2.78705	-1.646	1.64777	0.0410004	-0.322293	-0.275371	-1.72534	3.14889	
2.7531	0.505261	0.62768	1.26422	1.61114	2.97915	-1.28936	2.78705	-1.646	1.64778	0.040996	-0.322289	-0.275369	-1.72534	3.1489	
2.7531	0.505268	0.62766	1.26421	1.61115	2.97917	-1.28935	2.78705	-1.64601	1.64778	0.0409909	-0.322284	-0.275368	-1.72534	3.1489	
2.7531	0.505271	0.627654	1.26421	1.61115	2.97917	-1.28935	2.78705	-1.64601	1.64778	0.0409892	-0.322282	-0.275367	-1.72534	3.1489	
2.7531	0.505272	0.627651	1.26421	1.61115	2.97918	-1.28935	2.78705	-1.64601	1.64778	0.0409883	-0.322281	-0.275367	-1.72534	3.1489	
2.7531	0.505276	0.627641	1.2642	1.61116	2.97918	-1.28935	2.78705	-1.64602	1.64779	0.0409858	-0.322279	-0.275366	-1.72534	3.1489	
2.7531	0.505277	0.627638	1.2642	1.61116	2.97919	-1.28935	2.78705	-1.64602	1.64779	0.0409849	-0.322278	-0.275366	-1.72534	3.1489	
2.7531	0.505279	0.627634	1.2642	1.61116	2.97919	-1.28934	2.78705	-1.64602	1.64779	0.0409839	-0.322277	-0.275366	-1.72534	3.1489	
2.7531	0.50528	0.627632	1.2642	1.61116	2.97919	-1.28934	2.78705	-1.64602	1.64779	0.0409833	-0.322277	-0.275366	-1.72534	3.1489	
2.7531	0.50528	0.62763	1.2642	1.61116	2.97919	-1.28934	2.78705	-1.64602	1.64779	0.0409827	-0.322276	-0.275365	-1.72534	3.1489	
2.7531	0.505283	0.627623	1.26419	1.61116	2.9792	-1.28934	2.78704	-1.64602	1.64779	0.040981	-0.322275	-0.275365	-1.72534	3.1489	
2.7531	0.505284	0.627621	1.26419	1.61116	2.9792	-1.28934	2.78704	-1.64602	1.64779	0.0409805	-0.322274	-0.275365	-1.72534	3.1489	
2.7531	0.505284	0.62762	1.26419	1.61116	2.9792	-1.28934	2.78704	-1.64603	1.64779	0.04098	-0.322274	-0.275365	-1.72534	3.1489	
2.7531	0.505285	0.627619	1.26419	1.61117	2.9792	-1.28934	2.78704	-1.64603	1.64779	0.0409798	-0.322274	-0.275365	-1.72534	3.1489	
2.7531	0.505285	0.627618	1.26419	1.61117	2.9792	-1.28934	2.78704	-1.64603	1.64779	0.0409796	-0.322273	-0.275365	-1.72534	3.1489	
2.7531	0.505285	0.627618	1.26419	1.61117	2.9792	-1.28934	2.78704	-1.64603	1.64779	0.0409795	-0.322273	-0.275365	-1.72534	3.1489	
2.7531	0.505286	0.627616	1.26419	1.61117	2.9792	-1.28934	2.78704	-1.64603	1.64779	0.0409792	-0.322273	-0.275364	-1.72534	3.1489	
2.7531	0.505287	0.627613	1.26419	1.61117	2.97921	-1.28934	2.78704	-1.64603	1.64779	0.0409783	-0.322272	-0.275364	-1.72534	3.1489	
2.7531	0.505288	0.627611	1.26419	1.61117	2.97921	-1.28934	2.78704	-1.64603	1.64779	0.0409778	-0.322272	-0.275364	-1.72534	3.1489	
2.7531	0.505288	0.62761	1.26419	1.61117	2.97921	-1.28934	2.78704	-1.64603	1.64779	0.0409774	-0.322271	-0.275364	-1.72534	3.1489	
2.7531	0.505288	0.627609	1.26419	1.61117	2.97921	-1.28934	2.78704	-1.64603	1.64779	0.0409772	-0.322271	-0.275364	-1.72534	3.14891	
2.75299	0.505261	0.627634	1.2642	1.61108	2.97916	-1.28936	2.78689	-1.646	1.64778	0.0410291	-0.322301	-0.275324	-1.72534	3.14875	
2.71679	0.497237	0.633171	1.26839	1.58328	2.9646	-1.2931	2.73908	-1.63592	1.64415	0.0566274	-0.332845	-0.263176	-1.72657	3.09835	
2.68059	0.489213	0.638709	1.27257	1.55547	2.95004	-1.29684	2.69128	-1.62585	1.64052	0.0722256	-0.34339	-0.251028	-1.72781	3.04796	
2.6444	0.481189	0.644247	1.27676	1.52767	2.93547	-1.30058	2.64347	-1.61578	1.63689	0.0878239	-0.353935	-0.23888	-1.72904	2.99756	
2.6082	0.473164	0.649784	1.28094	1.49987	2.92091	-1.30432	2.59566	-1.6057	1.63326	0.103422	-0.36448	-0.226732	-1.73028	2.94717	
2.572	0.46514	0.655322	1.28512	1.47206	2.90635	-1.30806	2.54785	-1.59563	1.62963	0.11902	-0.375025	-0.214584	-1.73151	2.89678	
2.53581	0.457116	0.66086	1.28931	1.44426	2.89179	-1.3118	2.50004	-1.58556	1.62599	0.134619	-0.385569	-0.202436	-1.73275	2.84638	
2.49534	0.448151	0.667024	1.29399	1.41317	2.87552	-1.31595	2.44658	-1.5743	1.62194	0.152048	-0.397371	-0.188858	-1.73415	2.79004	
2.45487	0.439186	0.673189	1.29867	1.38209	2.85926	-1.32011	2.39312	-1.56304	1.61788	0.169478	-0.409173	-0.17528	-1.73555	2.73371	
2.4144	0.430221	0.679353	1.30334	1.351	2.84299	-1.32426	2.33966	-1.55179	1.61382	0.186908	-0.420974	-0.161702	-1.73696	2.67737	
2.37393	0.421256	0.685518	1.30802	1.31991	2.82672	-1.32841	2.28621	-1.54053	1.60976	0.204337	-0.432776	-0.148124	-1.73836	2.62103	
2.33345	0.412291	0.691682	1.3127	1.28883	2.81046	-1.33256	2.23275	-1.52928	1.6057	0.221767	-0.444577	-0.134546	-1.73976	2.56469	
2.29298	0.403326	0.697847	1.31738	1.25774	2.79419	-1.33671	2.17929	-1.51802	1.60164	0.239196	-0.456379	-0.120969	-1.74116	2.50835	
2.25251	0.394361	0.704012	1.32206	1.22666	2.77792	-1.34086	2.12583	-1.50677	1.59758	0.256626	-0.46818	-0.107391	-1.74257	2.45201	
2.21204	0.385396	0.710176	1.32674	1.19557	2.76166	-1.34501	2.07237	-1.49551	1.59352	0.274056	-0.479982	-0.093813	-1.74397	2.39567	
2.17157	0.376431	0.716341	1.33141	1.16448	2.74539	-1.34916	2.01891	-1.48425	1.58946	0.291485	-0.491784	-0.0802352	-1.74537	2.33933	
2.1311	0.367466	0.722505	1.33609	1.1334	2.72912	-1.35331	1.96546	-1.473	1.5854	0.308915	-0.503585	-0.0666574	-1.74677	2.28299	
2.09063	0.358501	0.72867	1.34077	1.10231	2.71286	-1.35746	1.912	-1.46174	1.58134	0.326345	-0.515387	-0.0530796	-1.74818	2.22665	
2.05016	0.349536	0.734835	1.34545	1.07123	2.69659	-1.36161	1.85854	-1.45049	1.57728	0.343774	-0.527188	-0.0395018	-1.74958	2.17032	
2.00969	0.340571	0.740999	1.35013	1.04014	2.68032	-1.36576	1.80508	-1.43923	1.57322	0.361204	-0.53899	-0.0259239	-1.75098	2.11398	
1.96922	0.331606	0.747164	1.3548	1.00905	2.66406	-1.36991	1.75162	-1.42797	1.56916	0.378633	-0.550791	-0.0123461	-1.75238	2.05764	
1.92875	0.322641	0.753328	1.35948	0.977967	2.64779	-1.37406	1.69816	-1.41672	1.5651	0.396063	-0.562593	0.00123169	-1.75379	2.0013	
1.88828	0.313676	0.759493	1.36416	0.946881	2.63153	-1.37821	1.64471	-1.40546	1.56104	0.413493	-0.574395	0.0148095	-1.75519	1.94496	
1.84781	0.304711	0.765657	1.36884	0.915795	2.61526	-1.38236	1.59125	-1.39421	1.55698	0.430922	-0.586196	0.0283873	-1.75659	1.88862	
1.80734	0.295746	0.771822	1.37352	0.884709	2.59899	-1.38651	1.53779	-1.38295	1.55292	0.448352	-0.597998	0.0419651	-1.75799	1.83228	
1.76687	0.286781	0.777987	1.3782	0.853622	2.58273	-1.39066	1.48433	-1.37169	1.54886	0.465782	-0.609799	0.0555429	-1.75939	1.77594	
1.7264	0.277816	0.784151	1.38287	0.822536	2.56646	-1.39481	1.43087	-1.36044	1.5448	0.483211	-0.621601	0.0691208	-1.7608	1.7196	
1.68593	0.268851	0.790316	1.38755	0.79145	2.55019	-1.39896	1.37741	-1.34918	1.54074	0.500641	-0.633403	0.0826986	-1.7622	1.66327	
1.64546	0.259886	0.79648	1.39223	0.760364	2.53393	-1.40311	1.32396	-1.33793	1.53668	0.518071	-0.645204	0.0962764	-1.7636	1.60693	
1.60499	0.250921	0.802645	1.39691	0.729278	2.51766	-1.40726	1.2705	-1.32667	1.53262	0.5355	-0.657006	0.109854	-1.765	1.55059	
1.56452	0.241956	0.808809	1.40159	0.698192	2.50139	-1.41142	1.21704	-1.31541	1.52856	0.55293	-0.668807	0.123432	-1.76641	1.49425	
1.52405	0.232991	0.814974	1.40627	0.667106	2.48513	-1.41557	1.16358	-1.30416	1.5245	0.570359	-0.680609	0.13701	-1.76781	1.43791	
1.48358	0.224026	0.821139	1.41094	0.636019	2.46886	-1.41972	1.11012	-1.2929	1.52044	0.587789	-0.69241	0.150588	-1.76921	1.38157	
1.44311	0.215061	0.827303	1.41562	0.604933	2.45259	-1.42387	1.05666	-1.28165	1.51638	0.605219	-0.704212	0.164165	-1.77061	1.32523	
1.40264	0.206096	0.833468	1.4203	0.573847	2.43633	-1.42802	1.00321	-1.27039	1.51232	0.622648	-0.716014	0.177743	-1.77202	1.26889	
1.36217	0.197131	0.839632	1.42498	0.542761	2.42006	-1.43217	0.949747	-1.25913	1.50826	0.640078	-0.727815	0.191321	-1.77342	1.21255	
1.3217	0.188166	0.845797	1.42966	0.511675	2.40379	-1.43632	0.896288	-1.24788	1.50421	0.657508	-0.739617	0.204899	-1.77482	1.15621	
1.28123	0.179201	0.851961	1.43433	0.480589	2.38753	-1.44047	0.84283	-1.23662	1.50015	0.674937	-0.751418	0.218477	-1.77622	1.09988	
1.24076	0.170236	0.858126	1.43901	0.449503	2.37126	-1.44462	0.789372	-1.22537	1.49609	0.692367	-0.76322	0.232055	-1.77763	1.04354	
1.20029	0.161271	0.864291	1.44369	0.418417	2.35499	-1.44877	0.735913	-1.21411	1.49203	0.709797	-0.775021	0.245632	-1.77903	0.987198	
1.15982	0.152306	0.870455	1.44837	0.38733	2.33873	-1.45292	0.682455	-1.20285	1.48797	0.727226	-0.786823	0.25921	-1.78043	0.930859	
1.11935	0.143341	0.87662	1.45305	0.356244	2.32246	-1.45707	0.628997	-1.1916	1.48391	0.744656	-0.798625	0.272788	-1.78183	0.87452	
1.07888	0.134376	0.882784	1.45773	0.325158	2.3062	-1.46122	0.575538	-1.18034	1.47985	0.762085	-0.810426	0.286366	-1.78324	0.818181	
1.03841	0.125411	0.888949	1.4624	0.294072	2.28993	-1.46537	0.52208	-1.16909	1.47579	0.779515	-0.822228	0.299944	-1.78464	0.761842	
0.997936	0.116446	0.895113	1.46708	0.262986	2.27366	-1.46952	0.468622	-1.15783	1.47173	0.796945	-0.834029	0.313521	-1.78604	0.705503	
0.957466	0.107481	0.901278	1.47176	0.2319	2.2574	-1.47367	0.415163	-1.14657	1.46767	0.814374	-0.845831	0.327099	-1.78744	0.649164	
0.916996	0.0985162	0.907443	1.47644	0.200814	2.24113	-1.47782	0.361705	-1.13532	1.46361	0.831804	-0.857633	0.340677	-1.78884	0.592826	
0.876526	0.0895512	0.913607	1.48112	0.169727	2.22486	-1.48197	0.308247	-1.12406	1.45955	0.849234	-0.869434	0.354255	-1.79025	0.536487	
0.836055	0.0805862	0.919772	1.4858	0.138641	2.2086	-1.48612	0.254788	-1.11281	1.45549	0.866663	-0.881236	0.367833	-1.79165	0.480148	
0.795585	0.0716212	0.925936	1.49047	0.107555	2.19233	-1.49027	0.20133	-1.10155	1.45143	0.884093	-0.893037	0.38141	-1.79305	0.423809	
0.755115	0.0626562	0.932101	1.49515	0.076469	2.17606	-1.49442	0.147872	-1.0903	1.44737	0.901523	-0.904839	0.394988	-1.79445	0.36747	
0.714645	0.0536912	0.938265	1.49983	0.0453829	2.1598	-1.49858	0.0944134	-1.07904	1.44331	0.918952	-0.91664	0.408566	-1.79586	0.311131	
0.674174	0.0447262	0.94443	1.50451	0.0142967	2.14353	-1.50273	0.040955	-1.06778	1.43925	0.936382	-0.928442	0.422144	-1.79726	0.254792	
0.633704	0.0357612	0.950595	1.50919	-0.0167894	2.12726	-1.50688	-0.0125033	-1.05653	1.43519	0.953811	-0.940244	0.435722	-1.79866	0.198453	
0.593234	0.0267962	0.956759	1.51386	-0.0478755	2.111	-1.51103	-0.0659617	-1.04527	1.43113	0.971241	-0.952045	0.4493	-1.80006	0.142114	
0.552764	0.0178312	0.962924	1.51854	-0.0789617	2.09473	-1.51518	-0.11942	-1.03402	1.42707	0.988671	-0.963847	0.462877	-1.80147	0.085775	
0.512293	0.00886625	0.969088	1.52322	-0.110048	2.07846	-1.51933	-0.172878	-1.02276	1.42301	1.0061	-0.975648	0.476455	-1.80287	0.0294361	
0.471823	-9.87407e-05	0.975253	1.5279	-0.141134	2.0622	-1.52348	-0.226337	-1.0115	1.41895	1.02353	-0.98745	0.490033	-1.80427	-0.0269029	
0.431353	-0.00906374	0.981418	1.53258	-0.17222	2.04593	-1.52763	-0.279795	-1.00025	1.41489	1.04096	-0.999251	0.503611	-1.80567	-0.0832418	
0.390883	-0.0180287	0.987582	1.53726	-0.203306	2.02966	-1.53178	-0.333253	-0.988992	1.41083	1.05839	-1.01105	0.517189	-1.80708	-0.139581	
0.350412	-0.0269937	0.993747	1.54193	-0.234392	2.0134	-1.53593	-0.386712	-0.977736	1.40677	1.07582	-1.02285	0.530766	-1.80848	-0.19592	
0.309942	-0.0359587	0.999911	1.54661	-0.265479	1.99713	-1.54008	-0.44017	-0.96648	1.40271	1.09325	-1.03466	0.544344	-1.80988	-0.252259	
0.269472	-0.0449237	1.00608	1.55129	-0.296565	1.98087	-1.54423	-0.493628	-0.955224	1.39865	1.11068	-1.04646	0.557922	-1.81128	-0.308598	
0.229001	-0.0538887	1.01224	1.55597	-0.327651	1.9646	-1.54838	-0.547087	-0.943968	1.39459	1.12811	-1.05826	0.5715	-1.81269	-0.364937	
0.188531	-0.0628537	1.0184	1.56065	-0.358737	1.94833	-1.55253	-0.600545	-0.932712	1.39053	1.14554	-1.07006	0.585078	-1.81409	-0.421275	
0.148061	-0.0718187	1.02457	1.56533	-0.389823	1.93207	-1.55668	-0.654003	-0.921456	1.38648	1.16297	-1.08186	0.598656	-1.81549	-0.477614	
0.107591	-0.0807837	1.03073	1.57	-0.420909	1.9158	-1.56083	-0.707462	-0.9102	1.38242	1.1804	-1.09366	0.612233	-1.81689	-0.533953	
0.0671205	-0.0897487	1.0369	1.57468	-0.451995	1.89953	-1.56498	-0.76092	-0.898944	1.37836	1.19783	-1.10547	0.625811	-1.81829	-0.590292	
0.0266502	-0.0987137	1.04306	1.57936	-0.483081	1.88327	-1.56913	-0.814378	-0.887688	1.3743	1.21526	-1.11727	0.639389	-1.8197	-0.646631	
-0.0138201	-0.107679	1.04923	1.58404	-0.514168	1.867	-1.57328	-0.867837	-0.876432	1.37024	1.23269	-1.12907	0.652967	-1.8211	-0.70297	
-0.0542903	-0.116644	1.05539	1.58872	-0.545254	1.85073	-1.57743	-0.921295	-0.865176	1.36618	1.25012	-1.14087	0.666545	-1.8225	-0.759309	
-0.0947606	-0.125609	1.06156	1.59339	-0.57634	1.83447	-1.58158	-0.974753	-0.85392	1.36212	1.26754	-1.15267	0.680122	-1.8239	-0.815648	
-0.135231	-0.134574	1.06772	1.59807	-0.607426	1.8182	-1.58574	-1.02821	-0.842664	1.35806	1.28497	-1.16447	0.6937	-1.82531	-0.871987	
-0.175701	-0.143539	1.07389	1.60275	-0.638512	1.80193	-1.58989	-1.08167	-0.831408	1.354	1.3024	-1.17628	0.707278	-1.82671	-0.928326	
-0.216171	-0.152504	1.08005	1.60743	-0.669598	1.78567	-1.59404	-1.13513	-0.820153	1.34994	1.31983	-1.18808	0.720856	-1.82811	-0.984665	
-0.256642	-0.161469	1.08622	1.61211	-0.700684	1.7694	-1.59819	-1.18859	-0.808897	1.34588	1.33726	-1.19988	0.734434	-1.82951	-1.041	
-0.297112	-0.170434	1.09238	1.61679	-0.731771	1.75313	-1.60234	-1.24205	-0.797641	1.34182	1.35469	-1.21168	0.748011	-1.83092	-1.09734	
-0.337582	-0.179399	1.09854	1.62146	-0.762857	1.73687	-1.60649	-1.2955	-0.786385	1.33776	1.37212	-1.22348	0.761589	-1.83232	-1.15368	
-0.378052	-0.188364	1.10471	1.62614	-0.793943	1.7206	-1.61064	-1.34896	-0.775129	1.3337	1.38955	-1.23528	0.775167	-1.83372	-1.21002	
-0.418523	-0.197329	1.11087	1.63082	-0.825029	1.70433	-1.61479	-1.40242	-0.763873	1.32964	1.40698	-1.24708	0.788745	-1.83512	-1.26636	
-0.458993	-0.206294	1.11704	1.6355	-0.856115	1.68807	-1.61894	-1.45588	-0.752617	1.32558	1.42441	-1.25889	0.802323	-1.83653	-1.3227	
-0.499463	-0.215259	1.1232	1.64018	-0.887201	1.6718	-1.62309	-1.50934	-0.741361	1.32152	1.44184	-1.27069	0.815901	-1.83793	-1.37904	
-0.539933	-0.224224	1.12937	1.64486	-0.918287	1.65554	-1.62724	-1.5628	-0.730105	1.31746	1.45927	-1.28249	0.829478	-1.83933	-1.43538	
-0.580404	-0.233189	1.13553	1.64953	-0.949374	1.63927	-1.63139	-1.61625	-0.718849	1.3134	1.4767	-1.29429	0.843056	-1.84073	-1.49172	
-0.620874	-0.242154	1.1417	1.65421	-0.98046	1.623	-1.63554	-1.66971	-0.707593	1.30934	1.49413	-1.30609	0.856634	-1.84214	-1.54805	
-0.661344	-0.251119	1.14786	1.65889	-1.01155	1.60674	-1.63969	-1.72317	-0.696337	1.30528	1.51156	-1.31789	0.870212	-1.84354	-1.60439	
-0.701814	-0.260084	1.15403	1.66357	-1.04263	1.59047	-1.64384	-1.77663	-0.685081	1.30122	1.52899	-1.3297	0.88379	-1.84494	-1.66073	
-0.742285	-0.269049	1.16019	1.66825	-1.07372	1.5742	-1.64799	-1.83009	-0.673825	1.29716	1.54642	-1.3415	0.897367	-1.84634	-1.71707	
-0.782755	-0.278014	1.16635	1.67292	-1.1048	1.55794	-1.65214	-1.88355	-0.662569	1.2931	1.56385	-1.3533	0.910945	-1.84774	-1.77341	
-0.823225	-0.286979	1.17252	1.6776	-1.13589	1.54167	-1.65629	-1.937	-0.651313	1.28904	1.58128	-1.3651	0.924523	-1.84915	-1.82975	
-0.863695	-0.295944	1.17868	1.68228	-1.16698	1.5254	-1.66044	-1.99046	-0.640057	1.28498	1.59871	-1.3769	0.938101	-1.85055	-1.88609	
-0.904166	-0.304909	1.18485	1.68696	-1.19806	1.50914	-1.66459	-2.04392	-0.628802	1.28092	1.61614	-1.3887	0.951679	-1.85195	-1.94243	
-0.944636	-0.313874	1.19101	1.69164	-1.22915	1.49287	-1.66874	-2.09738	-0.617546	1.27686	1.63357	-1.40051	0.965257	-1.85335	-1.99877	
-0.985106	-0.322839	1.19718	1.69632	-1.26023	1.4766	-1.6729	-2.15084	-0.60629	1.2728	1.651	-1.41231	0.978834	-1.85476	-2.0551	
-1.02558	-0.331804	1.20334	1.70099	-1.29132	1.46034	-1.67705	-2.2043	-0.595034	1.26875	1.66843	-1.42411	0.992412	-1.85616	-2.11144	
-1.06605	-0.340769	1.20951	1.70567	-1.32241	1.44407	-1.6812	-2.25775	-0.583778	1.26469	1.68586	-1.43591	1.00599	-1.85756	-2.16778	
-1.10652	-0.349734	1.21567	1.71035	-1.35349	1.4278	-1.68535	-2.31121	-0.572522	1.26063	1.70329	-1.44771	1.01957	-1.85896	-2.22412	
-1.14699	-0.358699	1.22184	1.71503	-1.38458	1.41154	-1.6895	-2.36467	-0.561266	1.25657	1.72072	-1.45951	1.03315	-1.86037	-2.28046	
-1.18746	-0.367664	1.228	1.71971	-1.41567	1.39527	-1.69365	-2.41813	-0.55001	1.25251	1.73814	-1.47131	1.04672	-1.86177	-2.3368	
-1.22793	-0.376629	1.23417	1.72439	-1.44675	1.379	-1.6978	-2.47159	-0.538754	1.24845	1.75557	-1.48312	1.0603	-1.86317	-2.39314	
-1.2684	-0.385594	1.24033	1.72906	-1.47784	1.36274	-1.70195	-2.52505	-0.527498	1.24439	1.773	-1.49492	1.07388	-1.86457	-2.44948	
-1.30887	-0.394559	1.24649	1.73374	-1.50892	1.34647	-1.7061	-2.5785	-0.516242	1.24033	1.79043	-1.50672	1.08746	-1.86598	-2.50582	
-1.34934	-0.403524	1.25266	1.73842	-1.54001	1.33021	-1.71025	-2.63196	-0.504986	1.23627	1.80786	-1.51852	1.10103	-1.86738	-2.56216	
-1.38981	-0.412489	1.25882	1.7431	-1.5711	1.31394	-1.7144	-2.68542	-0.49373	1.23221	1.82529	-1.53032	1.11461	-1.86878	-2.61849	
-1.43028	-0.421454	1.26499	1.74778	-1.60218	1.29767	-1.71855	-2.73888	-0.482474	1.22815	1.84272	-1.54212	1.12819	-1.87018	-2.67483	
-1.47075	-0.430419	1.27115	1.75245	-1.63327	1.28141	-1.7227	-2.79234	-0.471218	1.22409	1.86015	-1.55393	1.14177	-1.87159	-2.73117	
-1.51122	-0.439384	1.27732	1.75713	-1.66435	1.26514	-1.72685	-2.8458	-0.459962	1.22003	1.87758	-1.56573	1.15535	-1.87299	-2.78751	
-1.55169	-0.448348	1.28348	1.76181	-1.69544	1.24887	-1.731	-2.89925	-0.448706	1.21597	1.89501	-1.57753	1.16892	-1.87439	-2.84385	
