0	0	0	0	0	0	
0	0	0	0	0	0	
0	0	0	0	0	0	
0	0	0	0	0	0	
0	0	0	0	0	0	
0	0	0	0	0	0	
0	0	0	0	0	0	
0	0	0	0	0	0	
0	0	0	0	0	0	
0	0	0	0	0	0	
0	0	0	0	0	0	
0	0	0	0	0	0	
0	0	0	0	0	0	
0	0	0	0	0	0	
0	0	0	0	0	0	
0	0	0	0	0	0	
0	0	0	0	0	0	
0	0	0	0	0	0	
0	0	0	0	0	0	
0	0	0	0	0	0	
0	0	0	0	0	0	
0	0	0	0	0	0	
0	0	0	0	0	0	
0	0	0	0	0	0	
0	0	0	0	0	0	
0	0	0	0	0	0	
0	0	0	0	0	0	
0	0	0	0	0	0	
0	0	0	0	0	0	
0	0	0	0	0	0	
0	0	0	0	0	0	
0	0	0	0	0	0	
0	0	0	0	0	0	
0	0	0	0	0	0	
0	0	0	0	0	0	
0	0	0	0	0	0	
0	0	0	0	0	0	
0	0	0	0	0	0	
0	0	0	0	0	0	
0	0	0	0	0	0	
0	0	0	0	0	0	
0	0	0	0	0	0	
0	0	0	0	0	0	
0	0	0	0	0	0	
0	0	0	0	0	0	
0	0	0	0	0	0	
0	0	0	0	0	0	
0	0	0	0	0	0	
0	0	0	0	0	0	
0	0	0	0	0	0	
0	0	0	0	0	0	
0	0	0	0	0	0	
0	0	0	0	0	0	
0	0	0	0	0	0	
0	0	0	0	0	0	
0	0	0	0	0	0	
0	0	0	0	0	0	
0	0	0	0	0	0	
0	0	0	0	0	0	
0	0	0	0	0	0	
0	0	0	0	0	0	
0	0	0	0	0	0	
0	0	0	0	0	0	
0	0	0	0	0	0	
0	0	0	0	0	0	
0	0	0	0	0	0	
0	0	0	0	0	0	
0	0	0	0	0	0	
0	0	0	0	0	0	
0	0	0	0	0	0	
0	0	0	0	0	0	
0	0	0	0	0	0	
0	0	0	0	0	0	
0	0	0	0	0	0	
0	0	0	0	0	0	
0	0	0	0	0	0	
0	0	0	0	0	0	
0	0	0	0	0	0	
0	0	0	0	0	0	
0	0	0	0	0	0	
0	0	0	0	0	0	
0	0	0	0	0	0	
0	0	0	0	0	0	
0	0	0	0	0	0	
0	0	0	0	0	0	
0	0	0	0	0	0	
0	0	0	0	0	0	
0	0	0	0	0	0	
0	0	0	0	0	0	
0	0	0	0	0	0	
0	0	0	0	0	0	
0	0	0	0	0	0	
0	0	0	0	0	0	
0	0	0	0	0	0	
0	0	0	0	0	0	
0	0	0	0	0	0	
0.000477415	-0.000728722	-0.000223201	0.00529433	-0.00645154	0.0323876	
0.000632078	-0.000968273	-0.000296056	0.0070254	-0.00857193	0.0430344	
0.00063231	-0.000972097	-0.000296716	0.00704409	-0.0086055	0.0432043	
0.000632253	-0.000975463	-0.000297246	0.00705972	-0.00863512	0.0433539	
0.000631957	-0.000978437	-0.000297665	0.0070728	-0.00866134	0.0434861	
0.00063146	-0.000981072	-0.000297991	0.00708374	-0.00868464	0.0436032	
0	0	0	0	0	0	
0	0	0	0	0	0	
0	0	0	0	0	0	
0	0	0	0	0	0	
0	0	0	0	0	0	
0	0	0	0	0	0	
0	0	0	0	0	0	
0	0	0	0	0	0	
0	0	0	0	0	0	
0	0	0	0	0	0	
0	0	0	0	0	0	
0	0	0	0	0	0	
0	0	0	0	0	0	
0	0	0	0	0	0	
0	0	0	0	0	0	
0	0	0	0	0	0	
0	0	0	0	0	0	
0	0	0	0	0	0	
0	0	0	0	0	0	
0	0	0	0	0	0	
0	0	0	0	0	0	
0	0	0	0	0	0	
0	0	0	0	0	0	
0	0	0	0	0	0	
0	0	0	0	0	0	
0	0	0	0	0	0	
0	0	0	0	0	0	
0	0	0	0	0	0	
0	0	0	0	0	0	
0	0	0	0	0	0	
0	0	0	0	0	0	
0	0	0	0	0	0	
0	0	0	0	0	0	
0	0	0	0	0	0	
0	0	0	0	0	0	
0	0	0	0	0	0	
0	0	0	0	0	0	
0	0	0	0	0	0	
0	0	0	0	0	0	
0	0	0	0	0	0	
0	0	0	0	0	0	
0	0	0	0	0	0	
0	0	0	0	0	0	
0	0	0	0	0	0	
0	0	0	0	0	0	
0	0	0	0	0	0	
0	0	0	0	0	0	
0	0	0	0	0	0	
0	0	0	0	0	0	
0	0	0	0	0	0	
0	0	0	0	0	0	
0	0	0	0	0	0	
0	0	0	0	0	0	
0	0	0	0	0	0	
0	0	0	0	0	0	
0	0	0	0	0	0	
0	0	0	0	0	0	
0	0	0	0	0	0	
-0.00110391	0.00105204	0.000450751	0.0101505	-0.00938248	0.0467573	
-0.00112439	0.00107084	0.000458737	0.0103217	-0.00955039	0.0475928	
-0.00114202	0.0010868	0.000465515	0.0104649	-0.00969289	0.048302	
-0.00115735	0.00110045	0.000471314	0.0105852	-0.00981475	0.0489087	
-0.00117077	0.00111217	0.000476296	0.0106863	-0.00991931	0.0494297	
-0.00118258	0.00112227	0.000480594	0.0107715	-0.0100094	0.0498786	
-0.00119305	0.00113101	0.000484317	0.0108431	-0.0100872	0.0502671	
-0.0012024	0.0011386	0.000487557	0.0109034	-0.0101548	0.0506045	
-0.0012108	0.00114522	0.000490389	0.0109542	-0.0102137	0.0508988	
-0.00121839	0.00115102	0.000492875	0.0109968	-0.0102652	0.0511565	
-0.0012253	0.00115612	0.000495069	0.0110325	-0.0103104	0.0513831	
-0.00123163	0.00116062	0.000497012	0.0110624	-0.0103502	0.051583	
-0.00123746	0.00116461	0.000498743	0.0110873	-0.0103855	0.0517603	
-0.00124287	0.00116816	0.000500291	0.0111079	-0.0104168	0.051918	
-0.00124791	0.00117133	0.000501681	0.0111249	-0.0104447	0.0520589	
-0.00125262	0.00117417	0.000502935	0.0111387	-0.0104697	0.0521852	
-0.00125706	0.00117673	0.000504072	0.0111499	-0.0104921	0.0522989	
-0.00126125	0.00117903	0.000505105	0.0111587	-0.0105123	0.0524015	
-0.00126523	0.00118112	0.000506048	0.0111655	-0.0105305	0.0524944	
-0.00126901	0.00118302	0.000506912	0.0111705	-0.010547	0.0525788	
-0.00127262	0.00118475	0.000507706	0.011174	-0.0105619	0.0526556	
-0.00127606	0.00118633	0.000508437	0.0111762	-0.0105756	0.0527257	
-0.00127937	0.00118777	0.000509112	0.0111772	-0.010588	0.0527898	
-0.00128255	0.00118909	0.000509737	0.0111772	-0.0105993	0.0528486	
-0.0012856	0.00119031	0.000510316	0.0111763	-0.0106097	0.0529025	
-0.00128855	0.00119142	0.000510855	0.0111746	-0.0106191	0.0529521	
-0.00129138	0.00119245	0.000511356	0.0111722	-0.0106278	0.0529976	
-0.00129412	0.00119339	0.000511822	0.0111691	-0.0106358	0.0530396	
-0.00129677	0.00119426	0.000512257	0.0111655	-0.010643	0.0530782	
-0.00129933	0.00119506	0.000512663	0.0111614	-0.0106497	0.0531137	
-0.00130181	0.0011958	0.000513042	0.0111569	-0.0106558	0.0531465	
-0.00130421	0.00119647	0.000513395	0.011152	-0.0106614	0.0531766	
-0.00130653	0.0011971	0.000513725	0.0111468	-0.0106665	0.0532043	
-0.00130878	0.00119767	0.000514033	0.0111413	-0.0106711	0.0532298	
-0.00131095	0.0011982	0.000514321	0.0111355	-0.0106753	0.0532532	
-0.00131306	0.00119868	0.000514589	0.0111294	-0.0106792	0.0532747	
-0.00131511	0.00119912	0.00051484	0.0111232	-0.0106827	0.0532943	
-0.00131709	0.00119953	0.000515073	0.0111168	-0.0106858	0.0533122	
-0.00131901	0.00119989	0.00051529	0.0111102	-0.0106886	0.0533286	
-0.00132087	0.00120023	0.000515492	0.0111035	-0.0106912	0.0533434	
-0.00132267	0.00120053	0.000515679	0.0110966	-0.0106934	0.0533569	
-0.00132442	0.0012008	0.000515853	0.0110897	-0.0106954	0.053369	
-0.00132611	0.00120105	0.000516014	0.0110827	-0.0106972	0.05338	
-0.00132775	0.00120127	0.000516163	0.0110756	-0.0106987	0.0533897	
-0.00132934	0.00120146	0.0005163	0.0110685	-0.0107001	0.0533984	
-0.00133088	0.00120164	0.000516427	0.0110614	-0.0107012	0.0534061	
-0.00133238	0.00120179	0.000516543	0.0110542	-0.0107021	0.0534128	
-0.00133382	0.00120192	0.00051665	0.011047	-0.0107029	0.0534186	
-0.00133522	0.00120203	0.000516747	0.0110397	-0.0107035	0.0534236	
0	0	0	0	0	0	
0	0	0	0	0	0	
0	0	0	0	0	0	
0	0	0	0	0	0	
0	0	0	0	0	0	
0	0	0	0	0	0	
0	0	0	0	0	0	
0	0	0	0	0	0	
0	0	0	0	0	0	
0	0	0	0	0	0	
0	0	0	0	0	0	
0	0	0	0	0	0	
0	0	0	0	0	0	
0	0	0	0	0	0	
0	0	0	0	0	0	
0	0	0	0	0	0	
0	0	0	0	0	0	
0.00931067	-0.00826389	-0.00353155	0.0745537	-0.0751584	0.372427	
0.00129907	-0.00115361	-0.000492829	0.0104034	-0.0104835	0.0519626	
0.00127993	-0.00113733	-0.000485678	0.0102513	-0.0103263	0.051197	
0.00126279	-0.00112289	-0.000479298	0.0101149	-0.0101854	0.0505114	
0.00124746	-0.00111012	-0.000473618	0.00999297	-0.0100592	0.0498985	
0.00123379	-0.00109886	-0.000468572	0.00988406	-0.00994652	0.0493514	
0.0012216	-0.00108897	-0.000464098	0.00978699	-0.00984595	0.0488641	
0.00121077	-0.0010803	-0.000460143	0.00970066	-0.00975641	0.048431	
0.00120117	-0.00107275	-0.000456657	0.00962403	-0.00967684	0.0480468	
0.00119267	-0.00106618	-0.000453593	0.00955619	-0.00960628	0.0477068	
0.00118517	-0.00106052	-0.00045091	0.00949629	-0.00954387	0.0474068	
0.00117857	-0.00105566	-0.000448569	0.00944354	-0.00948879	0.0471428	
0.00117278	-0.00105152	-0.000446538	0.00939724	-0.00944033	0.0469113	
0.00116772	-0.00104804	-0.000444783	0.00935675	-0.00939783	0.046709	
0.00116332	-0.00104513	-0.000443277	0.00932147	-0.00936067	0.0465329	
0.00115951	-0.00104273	-0.000441993	0.00929087	-0.00932832	0.0463803	
0	0	0	0	0	0	
0	0	0	0	0	0	
0	0	0	0	0	0	
0	0	0	0	0	0	
0	0	0	0	0	0	
0	0	0	0	0	0	
0	0	0	0	0	0	
0	0	0	0	0	0	
0	0	0	0	0	0	
0	0	0	0	0	0	
-0.00216011	-0.0019441	0.0111592	0.0635814	0.42532	0.0864043	
-0.00231194	0.00208075	-0.0079529	0.0916928	0.455343	0.0924777	
-0.00230432	0.00207389	-0.00791797	0.0915678	0.453652	0.0921729	
-0.00229571	0.00206614	-0.00788296	0.0912528	0.451746	0.0918283	
-0.00228628	0.00205765	-0.00784782	0.0907899	0.449669	0.091451	
-0.00227618	0.00204856	-0.00781246	0.0902136	0.447458	0.091047	
-0.00226552	0.00203897	-0.00777679	0.0895521	0.445137	0.0906208	
-0.00209654	-0.00188688	0.0113349	0.0827851	0.411791	0.0838614	
-0.00258806	0.000487862	0.000160157	0.102192	0.508132	0.103522	
-0.00257539	0.000483767	0.000168004	0.101668	0.505464	0.103015	
-0.00256223	0.000479907	0.000174189	0.101126	0.502713	0.102489	
-0.00254872	0.000475959	0.000180432	0.100572	0.499909	0.101949	
-0.00253489	0.000471937	0.000186687	0.100007	0.497052	0.101395	
-0.00252073	0.000467843	0.000192948	0.0994303	0.494145	0.100829	
-0.00250627	0.00046368	0.000199213	0.0988427	0.491189	0.100251	
-0.00249151	0.000459452	0.000205481	0.0982445	0.488187	0.0996602	
-0.00247646	0.000455162	0.000211749	0.0976363	0.485139	0.0990584	
