0	0	1.5708	0.293505	1.55646	1.018	
0	0	1.5708	0.293505	1.55646	1.018	
0	0	1.5708	0.293505	1.55646	1.018	
0	0	1.5708	0.293505	1.55646	1.018	
0	0	1.5708	0.293505	1.55646	1.018	
0	0	1.5708	0.293505	1.55646	1.018	
0	0	1.5708	0.293505	1.55646	1.018	
0	0	1.5708	0.293505	1.55646	1.018	
0	0	1.5708	0.293505	1.55646	1.018	
0	0	1.5708	0.293505	1.55646	1.018	
0	0	1.5708	0.293505	1.55646	1.018	
0	0	1.5708	0.293505	1.55646	1.018	
0	0	1.5708	0.293505	1.55646	1.018	
0	0	1.5708	0.293505	1.55646	1.018	
0	0	1.5708	0.293505	1.55646	1.018	
0	0	1.5708	0.293505	1.55646	1.018	
0	0	1.5708	0.293505	1.55646	1.018	
0	0	1.5708	0.293505	1.55646	1.018	
0	0	1.5708	0.293505	1.55646	1.018	
0	0	1.5708	0.293505	1.55646	1.018	
0	0	1.5708	0.293505	1.55646	1.018	
0	0	1.5708	0.293505	1.55646	1.018	
0	0	1.5708	0.293505	1.55646	1.018	
0	0	1.5708	0.293505	1.55646	1.018	
0	0	1.5708	0.293505	1.55646	1.018	
0	0	1.5708	0.293505	1.55646	1.018	
0	0	1.5708	0.293505	1.55646	1.018	
0	0	1.5708	0.293505	1.55646	1.018	
0	0	1.5708	0.293505	1.55646	1.018	
0	0	1.5708	0.293505	1.55646	1.018	
0	0	1.5708	0.293505	1.55646	1.018	
0	0	1.5708	0.293505	1.55646	1.018	
0	0	1.5708	0.293505	1.55646	1.018	
0	0	1.5708	0.293505	1.55646	1.018	
0	0	1.5708	0.293505	1.55646	1.018	
0	0	1.5708	0.293505	1.55646	1.018	
0	0	1.5708	0.293505	1.55646	1.018	
0	0	1.5708	0.293505	1.55646	1.018	
0	0	1.5708	0.293505	1.55646	1.018	
0	0	1.5708	0.293505	1.55646	1.018	
0	0	1.5708	0.293505	1.55646	1.018	
0	0	1.5708	0.293505	1.55646	1.018	
0	0	1.5708	0.293505	1.55646	1.018	
0	0	1.5708	0.293505	1.55646	1.018	
0	0	1.5708	0.293505	1.55646	1.018	
0	0	1.5708	0.293505	1.55646	1.018	
0	0	1.5708	0.293505	1.55646	1.018	
0	0	1.5708	0.293505	1.55646	1.018	
0	0	1.5708	0.293505	1.55646	1.018	
0	0	1.5708	0.293505	1.55646	1.018	
0	0	1.5708	0.293505	1.55646	1.018	
0	0	1.5708	0.293505	1.55646	1.018	
0	0	1.5708	0.293505	1.55646	1.018	
0	0	1.5708	0.293505	1.55646	1.018	
0	0	1.5708	0.293505	1.55646	1.018	
0	0	1.5708	0.293505	1.55646	1.018	
0	0	1.5708	0.293505	1.55646	1.018	
0	0	1.5708	0.293505	1.55646	1.018	
0	0	1.5708	0.293505	1.55646	1.018	
0	0	1.5708	0.293505	1.55646	1.018	
0	0	1.5708	0.293505	1.55646	1.018	
0	0	1.5708	0.293505	1.55646	1.018	
0	0	1.5708	0.293505	1.55646	1.018	
0	0	1.5708	0.293505	1.55646	1.018	
0	0	1.5708	0.293505	1.55646	1.018	
0	0	1.5708	0.293505	1.55646	1.018	
0	0	1.5708	0.293505	1.55646	1.018	
0	0	1.5708	0.293505	1.55646	1.018	
0	0	1.5708	0.293505	1.55646	1.018	
0	0	1.5708	0.293505	1.55646	1.018	
0	0	1.5708	0.293505	1.55646	1.018	
0	0	1.5708	0.293505	1.55646	1.018	
0	0	1.5708	0.293505	1.55646	1.018	
0	0	1.5708	0.293505	1.55646	1.018	
0	0	1.5708	0.293505	1.55646	1.018	
0	0	1.5708	0.293505	1.55646	1.018	
0	0	1.5708	0.293505	1.55646	1.018	
0	0	1.5708	0.293505	1.55646	1.018	
0	0	1.5708	0.293505	1.55646	1.018	
0	0	1.5708	0.293505	1.55646	1.018	
0	0	1.5708	0.293505	1.55646	1.018	
0	0	1.5708	0.293505	1.55646	1.018	
0	0	1.5708	0.293505	1.55646	1.018	
0	0	1.5708	0.293505	1.55646	1.018	
0	0	1.5708	0.293505	1.55646	1.018	
0	0	1.5708	0.293505	1.55646	1.018	
0	0	1.5708	0.293505	1.55646	1.018	
0	0	1.5708	0.293505	1.55646	1.018	
0	0	1.5708	0.293505	1.55646	1.018	
0	0	1.5708	0.293505	1.55646	1.018	
0	0	1.5708	0.293505	1.55646	1.018	
0	0	1.5708	0.293505	1.55646	1.018	
0	0	1.5708	0.293505	1.55646	1.018	
0	0	1.5708	0.293505	1.55646	1.018	
0	0	1.5708	0.293505	1.55646	1.018	
0	0	1.5708	0.293505	1.55646	1.018	
0	0	1.5708	0.293505	1.55646	1.018	
0	0	1.5708	0.293505	1.55646	1.018	
0	0	1.5708	0.293505	1.55646	1.018	
0	0	1.5708	0.293505	1.55646	1.018	
0	0	1.5708	0.293505	1.55646	1.018	
0	0	1.5708	0.293505	1.55646	1.018	
0	0	1.5708	0.293505	1.55646	1.018	
0	0	1.5708	0.293505	1.55646	1.018	
0	0	1.5708	0.293505	1.55646	1.018	
0	0	1.5708	0.293505	1.55646	1.018	
0	0	1.5708	0.293505	1.55646	1.018	
0	0	1.5708	0.293505	1.55646	1.018	
0	0	1.5708	0.293505	1.55646	1.018	
0	0	1.5708	0.293505	1.55646	1.018	
0	0	1.5708	0.293505	1.55646	1.018	
0	0	1.5708	0.293505	1.55646	1.018	
0	0	1.5708	0.293505	1.55646	1.018	
0	0	1.5708	0.293505	1.55646	1.018	
0	0	1.5708	0.293505	1.55646	1.018	
0	0	1.5708	0.293505	1.55646	1.018	
0	0	1.5708	0.293505	1.55646	1.018	
0	0	1.5708	0.293505	1.55646	1.018	
0	0	1.5708	0.293505	1.55646	1.018	
0	0	1.5708	0.293505	1.55646	1.018	
0	0	1.5708	0.293505	1.55646	1.018	
0	0	1.5708	0.293505	1.55646	1.018	
0	0	1.5708	0.293505	1.55646	1.018	
0	0	1.5708	0.293505	1.55646	1.018	
0	0	1.5708	0.293505	1.55646	1.018	
0	0	1.5708	0.293505	1.55646	1.018	
0	0	1.5708	0.293505	1.55646	1.018	
0	0	1.5708	0.293505	1.55646	1.018	
0	0	1.5708	0.293505	1.55646	1.018	
0	0	1.5708	0.293505	1.55646	1.018	
0	0	1.5708	0.293505	1.55646	1.018	
0	0	1.5708	0.293505	1.55646	1.018	
0	0	1.5708	0.293505	1.55646	1.018	
0	0	1.5708	0.293505	1.55646	1.018	
0	0	1.5708	0.293505	1.55646	1.018	
0	0	1.5708	0.293505	1.55646	1.018	
0	0	1.5708	0.293505	1.55646	1.018	
0	0	1.5708	0.293505	1.55646	1.018	
0	0	1.5708	0.293505	1.55646	1.018	
0	0	1.5708	0.293505	1.55646	1.018	
2.24997e-09	1.02719e-08	1.5708	0.293505	1.55646	1.018	
-0.000561563	-0.00326713	1.56416	0.292193	1.53601	1.03179	
-0.00126612	-0.00650199	1.55752	0.290049	1.51575	1.04537	
-0.00211238	-0.00969993	1.55089	0.287088	1.4957	1.05873	
-0.00309889	-0.0128564	1.54425	0.283325	1.4759	1.07186	
-0.0042241	-0.0159667	1.53762	0.27878	1.45639	1.08475	
-0.0054863	-0.0190265	1.53099	0.27347	1.4372	1.0974	
-0.00688367	-0.0220313	1.52436	0.267418	1.41837	1.10979	
-0.00841426	-0.0249766	1.51773	0.260646	1.39992	1.12193	
-0.010076	-0.0278583	1.51111	0.253178	1.38189	1.1338	
-0.0118667	-0.030672	1.50448	0.24504	1.3643	1.1454	
-0.013784	-0.0334135	1.49786	0.236258	1.34718	1.15672	
-0.0158255	-0.0360787	1.49124	0.22686	1.33057	1.16776	
-0.0179886	-0.0386636	1.48462	0.216875	1.31447	1.17851	
-0.0202707	-0.0411641	1.478	0.206333	1.29892	1.18896	
-0.0226689	-0.0435765	1.47138	0.195265	1.28394	1.19912	
-0.0211248	-0.0382827	1.48241	0.184683	1.27269	1.20237	
-0.0193284	-0.0330808	1.49344	0.173843	1.26185	1.20544	
-0.0172831	-0.02798	1.50448	0.162762	1.25142	1.20835	
-0.0149923	-0.0229894	1.51552	0.151456	1.24141	1.21107	
-0.0124599	-0.018118	1.52657	0.139939	1.23181	1.21362	
-0.00968998	-0.0133747	1.53762	0.12823	1.22264	1.21599	
-0.00668686	-0.00876819	1.54868	0.116343	1.2139	1.21818	
-0.00345521	-0.00430712	1.55973	0.104296	1.20559	1.22018	
1.82395e-09	9.61119e-09	1.5708	0.0921049	1.19771	1.222	
1.82395e-09	9.61119e-09	1.5708	0.0921049	1.19771	1.222	
1.83766e-09	9.68346e-09	1.5708	0.0921602	1.19768	1.21914	
1.85138e-09	9.75573e-09	1.5708	0.0921971	1.19767	1.21628	
1.86509e-09	9.82799e-09	1.5708	0.0922156	1.19766	1.21342	
1.87881e-09	9.90026e-09	1.5708	0.0922156	1.19766	1.21057	
1.89252e-09	9.97252e-09	1.5708	0.0921971	1.19767	1.20771	
1.90624e-09	1.00448e-08	1.5708	0.0921602	1.19768	1.20485	
1.91995e-09	1.01171e-08	1.5708	0.0921049	1.19771	1.202	
1.91995e-09	1.01171e-08	1.5708	0.0921049	1.19771	1.202	
1.91995e-09	1.01171e-08	1.5708	0.0921049	1.19771	1.202	
1.91995e-09	1.01171e-08	1.5708	0.0921049	1.19771	1.202	
1.91995e-09	1.01171e-08	1.5708	0.0921049	1.19771	1.202	
1.91995e-09	1.01171e-08	1.5708	0.0921049	1.19771	1.202	
1.91995e-09	1.01171e-08	1.5708	0.0921049	1.19771	1.202	
1.91995e-09	1.01171e-08	1.5708	0.0921049	1.19771	1.202	
1.91995e-09	1.01171e-08	1.5708	0.0921049	1.19771	1.202	
1.91995e-09	1.01171e-08	1.5708	0.0921049	1.19771	1.202	
1.91995e-09	1.01171e-08	1.5708	0.0921049	1.19771	1.202	
1.91995e-09	1.01171e-08	1.5708	0.0921049	1.19771	1.202	
1.91995e-09	1.01171e-08	1.5708	0.0921049	1.19771	1.202	
1.91995e-09	1.01171e-08	1.5708	0.0921049	1.19771	1.202	
1.91995e-09	1.01171e-08	1.5708	0.0921049	1.19771	1.202	
1.91995e-09	1.01171e-08	1.5708	0.0921049	1.19771	1.202	
1.91995e-09	1.01171e-08	1.5708	0.0921049	1.19771	1.202	
1.91995e-09	1.01171e-08	1.5708	0.0921049	1.19771	1.202	
1.91995e-09	1.01171e-08	1.5708	0.0921049	1.19771	1.202	
1.91995e-09	1.01171e-08	1.5708	0.0921049	1.19771	1.202	
1.91995e-09	1.01171e-08	1.5708	0.0921049	1.19771	1.202	
1.91995e-09	1.01171e-08	1.5708	0.0921049	1.19771	1.202	
1.91995e-09	1.01171e-08	1.5708	0.0921049	1.19771	1.202	
1.91995e-09	1.01171e-08	1.5708	0.0921049	1.19771	1.202	
1.91995e-09	1.01171e-08	1.5708	0.0921049	1.19771	1.202	
1.91995e-09	1.01171e-08	1.5708	0.0921049	1.19771	1.202	
1.91995e-09	1.01171e-08	1.5708	0.0921049	1.19771	1.202	
1.91995e-09	1.01171e-08	1.5708	0.0921049	1.19771	1.202	
1.91995e-09	1.01171e-08	1.5708	0.0921049	1.19771	1.202	
1.91995e-09	1.01171e-08	1.5708	0.0921049	1.19771	1.202	
1.91995e-09	1.01171e-08	1.5708	0.0921049	1.19771	1.202	
1.91995e-09	1.01171e-08	1.5708	0.0921049	1.19771	1.202	
1.91995e-09	1.01171e-08	1.5708	0.0921049	1.19771	1.202	
1.91995e-09	1.01171e-08	1.5708	0.0921049	1.19771	1.202	
1.91995e-09	1.01171e-08	1.5708	0.0921049	1.19771	1.202	
1.91995e-09	1.01171e-08	1.5708	0.0921049	1.19771	1.202	
1.91995e-09	1.01171e-08	1.5708	0.0921049	1.19771	1.202	
1.91995e-09	1.01171e-08	1.5708	0.0921049	1.19771	1.202	
1.91995e-09	1.01171e-08	1.5708	0.0921049	1.19771	1.202	
1.91995e-09	1.01171e-08	1.5708	0.0921049	1.19771	1.202	
1.91995e-09	1.01171e-08	1.5708	0.0921049	1.19771	1.202	
1.91995e-09	1.01171e-08	1.5708	0.0921049	1.19771	1.202	
1.91995e-09	1.01171e-08	1.5708	0.0921049	1.19771	1.202	
1.91995e-09	1.01171e-08	1.5708	0.0921049	1.19771	1.202	
1.91995e-09	1.01171e-08	1.5708	0.0921049	1.19771	1.202	
1.91995e-09	1.01171e-08	1.5708	0.0921049	1.19771	1.202	
1.91995e-09	1.01171e-08	1.5708	0.0921049	1.19771	1.202	
1.91995e-09	1.01171e-08	1.5708	0.0921049	1.19771	1.202	
1.91995e-09	1.01171e-08	1.5708	0.0921049	1.19771	1.202	
1.91995e-09	1.01171e-08	1.5708	0.0921049	1.19771	1.202	
1.91995e-09	1.01171e-08	1.5708	0.0921049	1.19771	1.202	
1.91995e-09	1.01171e-08	1.5708	0.0921049	1.19771	1.202	
1.91995e-09	1.01171e-08	1.5708	0.0921049	1.19771	1.202	
1.91995e-09	1.01171e-08	1.5708	0.0921049	1.19771	1.202	
1.91995e-09	1.01171e-08	1.5708	0.0921049	1.19771	1.202	
1.91995e-09	1.01171e-08	1.5708	0.0921049	1.19771	1.202	
1.91995e-09	1.01171e-08	1.5708	0.0921049	1.19771	1.202	
1.91995e-09	1.01171e-08	1.5708	0.0921049	1.19771	1.202	
1.91995e-09	1.01171e-08	1.5708	0.0921049	1.19771	1.202	
1.91995e-09	1.01171e-08	1.5708	0.0921049	1.19771	1.202	
1.91995e-09	1.01171e-08	1.5708	0.0921049	1.19771	1.202	
1.91995e-09	1.01171e-08	1.5708	0.0921049	1.19771	1.202	
1.91995e-09	1.01171e-08	1.5708	0.0921049	1.19771	1.202	
1.91995e-09	1.01171e-08	1.5708	0.0921049	1.19771	1.202	
1.91995e-09	1.01171e-08	1.5708	0.0921049	1.19771	1.202	
1.91995e-09	1.01171e-08	1.5708	0.0921049	1.19771	1.202	
1.91995e-09	1.01171e-08	1.5708	0.0921049	1.19771	1.202	
1.91995e-09	1.01171e-08	1.5708	0.0921049	1.19771	1.202	
1.91995e-09	1.01171e-08	1.5708	0.0921049	1.19771	1.202	
1.91995e-09	1.01171e-08	1.5708	0.0921049	1.19771	1.202	
1.91995e-09	1.01171e-08	1.5708	0.0921049	1.19771	1.202	
1.91995e-09	1.01171e-08	1.5708	0.0921049	1.19771	1.202	
1.91995e-09	1.01171e-08	1.5708	0.0921049	1.19771	1.202	
1.91995e-09	1.01171e-08	1.5708	0.0921049	1.19771	1.202	
1.91995e-09	1.01171e-08	1.5708	0.0921049	1.19771	1.202	
1.91995e-09	1.01171e-08	1.5708	0.0921049	1.19771	1.202	
1.91995e-09	1.01171e-08	1.5708	0.0921049	1.19771	1.202	
1.91995e-09	1.01171e-08	1.5708	0.0921049	1.19771	1.202	
1.91995e-09	1.01171e-08	1.5708	0.0921049	1.19771	1.202	
1.91995e-09	1.01171e-08	1.5708	0.0921049	1.19771	1.202	
1.91995e-09	1.01171e-08	1.5708	0.0921049	1.19771	1.202	
1.91995e-09	1.01171e-08	1.5708	0.0921049	1.19771	1.202	
1.91995e-09	1.01171e-08	1.5708	0.0921049	1.19771	1.202	
1.91995e-09	1.01171e-08	1.5708	0.0921049	1.19771	1.202	
1.91995e-09	1.01171e-08	1.5708	0.0921049	1.19771	1.202	
1.91995e-09	1.01171e-08	1.5708	0.0921049	1.19771	1.202	
1.91995e-09	1.01171e-08	1.5708	0.0921049	1.19771	1.202	
1.91995e-09	1.01171e-08	1.5708	0.0921049	1.19771	1.202	
1.91995e-09	1.01171e-08	1.5708	0.0921049	1.19771	1.202	
1.91995e-09	1.01171e-08	1.5708	0.0921049	1.19771	1.202	
1.91995e-09	1.01171e-08	1.5708	0.0921049	1.19771	1.202	
1.91995e-09	1.01171e-08	1.5708	0.0921049	1.19771	1.202	
1.91995e-09	1.01171e-08	1.5708	0.0921049	1.19771	1.202	
1.91995e-09	1.01171e-08	1.5708	0.0921049	1.19771	1.202	
1.91995e-09	1.01171e-08	1.5708	0.0921049	1.19771	1.202	
1.91995e-09	1.01171e-08	1.5708	0.0921049	1.19771	1.202	
1.91995e-09	1.01171e-08	1.5708	0.0921049	1.19771	1.202	
1.91995e-09	1.01171e-08	1.5708	0.0921049	1.19771	1.202	
1.91995e-09	1.01171e-08	1.5708	0.0921049	1.19771	1.202	
1.91995e-09	1.01171e-08	1.5708	0.0921049	1.19771	1.202	
1.91995e-09	1.01171e-08	1.5708	0.0921049	1.19771	1.202	
1.91995e-09	1.01171e-08	1.5708	0.0921049	1.19771	1.202	
1.91995e-09	1.01171e-08	1.5708	0.0921049	1.19771	1.202	
1.91995e-09	1.01171e-08	1.5708	0.0921049	1.19771	1.202	
1.91995e-09	1.01171e-08	1.5708	0.0921049	1.19771	1.202	
1.91995e-09	1.01171e-08	1.5708	0.0921049	1.19771	1.202	
1.91995e-09	1.01171e-08	1.5708	0.0921049	1.19771	1.202	
1.91995e-09	1.01171e-08	1.5708	0.0921049	1.19771	1.202	
1.91995e-09	1.01171e-08	1.5708	0.0921049	1.19771	1.202	
1.91995e-09	1.01171e-08	1.5708	0.0921049	1.19771	1.202	
1.91995e-09	1.01171e-08	1.5708	0.0921049	1.19771	1.202	
1.91995e-09	1.01171e-08	1.5708	0.0921049	1.19771	1.202	
1.91995e-09	1.01171e-08	1.5708	0.0921049	1.19771	1.202	
1.91995e-09	1.01171e-08	1.5708	0.0921049	1.19771	1.202	
1.91995e-09	1.01171e-08	1.5708	0.0921049	1.19771	1.202	
1.91995e-09	1.01171e-08	1.5708	0.0921049	1.19771	1.202	
1.91995e-09	1.01171e-08	1.5708	0.0921049	1.19771	1.202	
1.91995e-09	1.01171e-08	1.5708	0.0921049	1.19771	1.202	
1.91995e-09	1.01171e-08	1.5708	0.0921049	1.19771	1.202	
1.91995e-09	1.01171e-08	1.5708	0.0921049	1.19771	1.202	
1.91995e-09	1.01171e-08	1.5708	0.0921049	1.19771	1.202	
1.91995e-09	1.01171e-08	1.5708	0.0921049	1.19771	1.202	
1.91995e-09	1.01171e-08	1.5708	0.0921049	1.19771	1.202	
1.91995e-09	1.01171e-08	1.5708	0.0921049	1.19771	1.202	
1.91995e-09	1.01171e-08	1.5708	0.0921049	1.19771	1.202	
1.91995e-09	1.01171e-08	1.5708	0.0921049	1.19771	1.202	
1.91995e-09	1.01171e-08	1.5708	0.0921049	1.19771	1.202	
1.91995e-09	1.01171e-08	1.5708	0.0921049	1.19771	1.202	
1.91995e-09	1.01171e-08	1.5708	0.0921049	1.19771	1.202	
1.91995e-09	1.01171e-08	1.5708	0.0921049	1.19771	1.202	
1.91995e-09	1.01171e-08	1.5708	0.0921049	1.19771	1.202	
1.91995e-09	1.01171e-08	1.5708	0.0921049	1.19771	1.202	
1.91995e-09	1.01171e-08	1.5708	0.0921049	1.19771	1.202	
1.91995e-09	1.01171e-08	1.5708	0.0921049	1.19771	1.202	
1.91995e-09	1.01171e-08	1.5708	0.0921049	1.19771	1.202	
1.91995e-09	1.01171e-08	1.5708	0.0921049	1.19771	1.202	
1.91995e-09	1.01171e-08	1.5708	0.0921049	1.19771	1.202	
1.91995e-09	1.01171e-08	1.5708	0.0921049	1.19771	1.202	
1.91995e-09	1.01171e-08	1.5708	0.0921049	1.19771	1.202	
1.91995e-09	1.01171e-08	1.5708	0.0921049	1.19771	1.202	
1.91995e-09	1.01171e-08	1.5708	0.0921049	1.19771	1.202	
1.91995e-09	1.01171e-08	1.5708	0.0921049	1.19771	1.202	
1.91995e-09	1.01171e-08	1.5708	0.0921049	1.19771	1.202	
1.91995e-09	1.01171e-08	1.5708	0.0921049	1.19771	1.202	
1.91995e-09	1.01171e-08	1.5708	0.0921049	1.19771	1.202	
1.91995e-09	1.01171e-08	1.5708	0.0921049	1.19771	1.202	
1.91995e-09	1.01171e-08	1.5708	0.0921049	1.19771	1.202	
1.91995e-09	1.01171e-08	1.5708	0.0921049	1.19771	1.202	
1.91995e-09	1.01171e-08	1.5708	0.0921049	1.19771	1.202	
1.91995e-09	1.01171e-08	1.5708	0.0921049	1.19771	1.202	
1.91995e-09	1.01171e-08	1.5708	0.0921049	1.19771	1.202	
1.91995e-09	1.01171e-08	1.5708	0.0921049	1.19771	1.202	
1.91995e-09	1.01171e-08	1.5708	0.0921049	1.19771	1.202	
1.91995e-09	1.01171e-08	1.5708	0.0921049	1.19771	1.202	
1.91995e-09	1.01171e-08	1.5708	0.0921049	1.19771	1.202	
1.91995e-09	1.01171e-08	1.5708	0.0921049	1.19771	1.202	
1.91995e-09	1.01171e-08	1.5708	0.0921049	1.19771	1.202	
1.91995e-09	1.01171e-08	1.5708	0.0921049	1.19771	1.202	
1.91995e-09	1.01171e-08	1.5708	0.0921049	1.19771	1.202	
1.91995e-09	1.01171e-08	1.5708	0.0921049	1.19771	1.202	
1.91995e-09	1.01171e-08	1.5708	0.0921049	1.19771	1.202	
1.91995e-09	1.01171e-08	1.5708	0.0921049	1.19771	1.202	
1.91995e-09	1.01171e-08	1.5708	0.0921049	1.19771	1.202	
1.91995e-09	1.01171e-08	1.5708	0.0921049	1.19771	1.202	
1.91995e-09	1.01171e-08	1.5708	0.0921049	1.19771	1.202	
1.91995e-09	1.01171e-08	1.5708	0.0921049	1.19771	1.202	
1.91995e-09	1.01171e-08	1.5708	0.0921049	1.19771	1.202	
1.91995e-09	1.01171e-08	1.5708	0.0921049	1.19771	1.202	
1.91995e-09	1.01171e-08	1.5708	0.0921049	1.19771	1.202	
1.91995e-09	1.01171e-08	1.5708	0.0921049	1.19771	1.202	
1.91995e-09	1.01171e-08	1.5708	0.0921049	1.19771	1.202	
1.91995e-09	1.01171e-08	1.5708	0.0921049	1.19771	1.202	
1.91995e-09	1.01171e-08	1.5708	0.0921049	1.19771	1.202	
1.91995e-09	1.01171e-08	1.5708	0.0921049	1.19771	1.202	
1.91995e-09	1.01171e-08	1.5708	0.0921049	1.19771	1.202	
1.91995e-09	1.01171e-08	1.5708	0.0921049	1.19771	1.202	
1.91995e-09	1.01171e-08	1.5708	0.0921049	1.19771	1.202	
1.91995e-09	1.01171e-08	1.5708	0.0921049	1.19771	1.202	
1.91995e-09	1.01171e-08	1.5708	0.0921049	1.19771	1.202	
1.91995e-09	1.01171e-08	1.5708	0.0921049	1.19771	1.202	
1.91995e-09	1.01171e-08	1.5708	0.0921049	1.19771	1.202	
1.91995e-09	1.01171e-08	1.5708	0.0921049	1.19771	1.202	
1.91995e-09	1.01171e-08	1.5708	0.0921049	1.19771	1.202	
1.91995e-09	1.01171e-08	1.5708	0.0921049	1.19771	1.202	
1.91995e-09	1.01171e-08	1.5708	0.0921049	1.19771	1.202	
1.91995e-09	1.01171e-08	1.5708	0.0921049	1.19771	1.202	
1.91995e-09	1.01171e-08	1.5708	0.0921049	1.19771	1.202	
1.91995e-09	1.01171e-08	1.5708	0.0921049	1.19771	1.202	
1.91995e-09	1.01171e-08	1.5708	0.0921049	1.19771	1.202	
1.91995e-09	1.01171e-08	1.5708	0.0921049	1.19771	1.202	
1.91995e-09	1.01171e-08	1.5708	0.0921049	1.19771	1.202	
1.91995e-09	1.01171e-08	1.5708	0.0921049	1.19771	1.202	
1.91995e-09	1.01171e-08	1.5708	0.0921049	1.19771	1.202	
1.91995e-09	1.01171e-08	1.5708	0.0921049	1.19771	1.202	
1.91995e-09	1.01171e-08	1.5708	0.0921049	1.19771	1.202	
1.91995e-09	1.01171e-08	1.5708	0.0921049	1.19771	1.202	
1.91995e-09	1.01171e-08	1.5708	0.0921049	1.19771	1.202	
1.91995e-09	1.01171e-08	1.5708	0.0921049	1.19771	1.202	
1.91995e-09	1.01171e-08	1.5708	0.0921049	1.19771	1.202	
1.91995e-09	1.01171e-08	1.5708	0.0921049	1.19771	1.202	
1.91995e-09	1.01171e-08	1.5708	0.0921049	1.19771	1.202	
1.91995e-09	1.01171e-08	1.5708	0.0921049	1.19771	1.202	
1.91995e-09	1.01171e-08	1.5708	0.0921049	1.19771	1.202	
1.91995e-09	1.01171e-08	1.5708	0.0921049	1.19771	1.202	
1.91995e-09	1.01171e-08	1.5708	0.0921049	1.19771	1.202	
1.91995e-09	1.01171e-08	1.5708	0.0921049	1.19771	1.202	
1.91995e-09	1.01171e-08	1.5708	0.0921049	1.19771	1.202	
1.91995e-09	1.01171e-08	1.5708	0.0921049	1.19771	1.202	
1.91995e-09	1.01171e-08	1.5708	0.0921049	1.19771	1.202	
1.91995e-09	1.01171e-08	1.5708	0.0921049	1.19771	1.202	
1.91995e-09	1.01171e-08	1.5708	0.0921049	1.19771	1.202	
1.91995e-09	1.01171e-08	1.5708	0.0921049	1.19771	1.202	
1.91995e-09	1.01171e-08	1.5708	0.0921049	1.19771	1.202	
1.91995e-09	1.01171e-08	1.5708	0.0921049	1.19771	1.202	
1.91995e-09	1.01171e-08	1.5708	0.0921049	1.19771	1.202	
1.91995e-09	1.01171e-08	1.5708	0.0921049	1.19771	1.202	
