0	0	1.5708	0.229926	1.45151	1.018	
0	0	1.5708	0.229926	1.45151	1.018	
0	0	1.5708	0.229926	1.45151	1.018	
0	0	1.5708	0.229926	1.45151	1.018	
0	0	1.5708	0.229926	1.45151	1.018	
0	0	1.5708	0.229926	1.45151	1.018	
0	0	1.5708	0.229926	1.45151	1.018	
0	0	1.5708	0.229926	1.45151	1.018	
0	0	1.5708	0.229926	1.45151	1.018	
0	0	1.5708	0.229926	1.45151	1.018	
0	0	1.5708	0.229926	1.45151	1.018	
0	0	1.5708	0.229926	1.45151	1.018	
0	0	1.5708	0.229926	1.45151	1.018	
0	0	1.5708	0.229926	1.45151	1.018	
0	0	1.5708	0.229926	1.45151	1.018	
0	0	1.5708	0.229926	1.45151	1.018	
0	0	1.5708	0.229926	1.45151	1.018	
0	0	1.5708	0.229926	1.45151	1.018	
0	0	1.5708	0.229926	1.45151	1.018	
0	0	1.5708	0.229926	1.45151	1.018	
0	0	1.5708	0.229926	1.45151	1.018	
0	0	1.5708	0.229926	1.45151	1.018	
0	0	1.5708	0.229926	1.45151	1.018	
0	0	1.5708	0.229926	1.45151	1.018	
0	0	1.5708	0.229926	1.45151	1.018	
0	0	1.5708	0.229926	1.45151	1.018	
0	0	1.5708	0.229926	1.45151	1.018	
0	0	1.5708	0.229926	1.45151	1.018	
0	0	1.5708	0.229926	1.45151	1.018	
0	0	1.5708	0.229926	1.45151	1.018	
0	0	1.5708	0.229926	1.45151	1.018	
0	0	1.5708	0.229926	1.45151	1.018	
0	0	1.5708	0.229926	1.45151	1.018	
0	0	1.5708	0.229926	1.45151	1.018	
0	0	1.5708	0.229926	1.45151	1.018	
0	0	1.5708	0.229926	1.45151	1.018	
0	0	1.5708	0.229926	1.45151	1.018	
0	0	1.5708	0.229926	1.45151	1.018	
0	0	1.5708	0.229926	1.45151	1.018	
0	0	1.5708	0.229926	1.45151	1.018	
0	0	1.5708	0.229926	1.45151	1.018	
0	0	1.5708	0.229926	1.45151	1.018	
0	0	1.5708	0.229926	1.45151	1.018	
0	0	1.5708	0.229926	1.45151	1.018	
0	0	1.5708	0.229926	1.45151	1.018	
0	0	1.5708	0.229926	1.45151	1.018	
0	0	1.5708	0.229926	1.45151	1.018	
0	0	1.5708	0.229926	1.45151	1.018	
0	0	1.5708	0.229926	1.45151	1.018	
0	0	1.5708	0.229926	1.45151	1.018	
0	0	1.5708	0.229926	1.45151	1.018	
0	0	1.5708	0.229926	1.45151	1.018	
0	0	1.5708	0.229926	1.45151	1.018	
0	0	1.5708	0.229926	1.45151	1.018	
0	0	1.5708	0.229926	1.45151	1.018	
0	0	1.5708	0.229926	1.45151	1.018	
0	0	1.5708	0.229926	1.45151	1.018	
0	0	1.5708	0.229926	1.45151	1.018	
0	0	1.5708	0.229926	1.45151	1.018	
0	0	1.5708	0.229926	1.45151	1.018	
0	0	1.5708	0.229926	1.45151	1.018	
2.40107e-09	1.13102e-08	1.5708	0.229926	1.45151	1.018	
-0.00161954	-0.00127159	1.56651	0.230609	1.42803	1.02978	
-0.00331207	-0.00244334	1.56222	0.230324	1.40463	1.04153	
-0.00507298	-0.00351213	1.55792	0.229078	1.38135	1.05324	
-0.00689755	-0.004475	1.55363	0.226881	1.35823	1.06491	
-0.00878095	-0.00532922	1.54934	0.223743	1.33533	1.07653	
-0.0107183	-0.00607224	1.54504	0.219677	1.31268	1.08811	
-0.0127044	-0.00670171	1.54074	0.2147	1.29032	1.09963	
-0.0147344	-0.00721548	1.53645	0.208829	1.26831	1.11109	
-0.0168028	-0.00761161	1.53215	0.202082	1.24667	1.12249	
-0.0189046	-0.00788837	1.52785	0.194482	1.22544	1.13383	
-0.0210343	-0.00804423	1.52354	0.186052	1.20468	1.14509	
-0.0231865	-0.00807789	1.51924	0.176817	1.1844	1.15629	
-0.0253559	-0.00798825	1.51494	0.166803	1.16466	1.1674	
-0.0275368	-0.00777445	1.51063	0.156039	1.14547	1.17844	
-0.0297239	-0.00743583	1.50633	0.144556	1.12688	1.18938	
-0.0319114	-0.00697194	1.50202	0.132385	1.10892	1.20024	
-0.034094	-0.00638257	1.49771	0.119559	1.09162	1.21101	
-0.036266	-0.00566773	1.4934	0.106113	1.075	1.22168	
-0.0384218	-0.00482765	1.48909	0.0920817	1.05909	1.23224	
-0.0321768	-0.00311171	1.50274	0.0818624	1.04922	1.23058	
-0.0258481	-0.00175572	1.51637	0.071474	1.03967	1.2289	
-0.0194507	-0.00076353	1.53	0.0609262	1.03045	1.22721	
-0.013	-0.000138439	1.54361	0.050229	1.02155	1.22549	
-0.00651121	0.000116804	1.55721	0.0393922	1.01299	1.22375	
1.65682e-09	9.61297e-09	1.5708	0.0284257	1.00476	1.222	
1.65682e-09	9.61297e-09	1.5708	0.0284257	1.00476	1.222	
1.66772e-09	9.67621e-09	1.5708	0.0284656	1.00472	1.2195	
1.67862e-09	9.73946e-09	1.5708	0.0284941	1.0047	1.217	
1.68952e-09	9.8027e-09	1.5708	0.0285111	1.00468	1.2145	
1.70042e-09	9.86594e-09	1.5708	0.0285168	1.00468	1.212	
1.71132e-09	9.92919e-09	1.5708	0.0285111	1.00468	1.2095	
1.72222e-09	9.99243e-09	1.5708	0.028494	1.0047	1.207	
1.73312e-09	1.00557e-08	1.5708	0.0284656	1.00472	1.2045	
1.74402e-09	1.01189e-08	1.5708	0.0284257	1.00476	1.202	
1.74402e-09	1.01189e-08	1.5708	0.0284257	1.00476	1.202	
1.74402e-09	1.01189e-08	1.5708	0.0284257	1.00476	1.202	
1.74402e-09	1.01189e-08	1.5708	0.0284257	1.00476	1.202	
1.74402e-09	1.01189e-08	1.5708	0.0284257	1.00476	1.202	
1.74402e-09	1.01189e-08	1.5708	0.0284257	1.00476	1.202	
1.74402e-09	1.01189e-08	1.5708	0.0284257	1.00476	1.202	
1.74402e-09	1.01189e-08	1.5708	0.0284257	1.00476	1.202	
1.74402e-09	1.01189e-08	1.5708	0.0284257	1.00476	1.202	
1.74402e-09	1.01189e-08	1.5708	0.0284257	1.00476	1.202	
1.74402e-09	1.01189e-08	1.5708	0.0284257	1.00476	1.202	
1.74402e-09	1.01189e-08	1.5708	0.0284257	1.00476	1.202	
1.74402e-09	1.01189e-08	1.5708	0.0284257	1.00476	1.202	
1.74402e-09	1.01189e-08	1.5708	0.0284257	1.00476	1.202	
1.74402e-09	1.01189e-08	1.5708	0.0284257	1.00476	1.202	
1.74402e-09	1.01189e-08	1.5708	0.0284257	1.00476	1.202	
1.74402e-09	1.01189e-08	1.5708	0.0284257	1.00476	1.202	
1.74402e-09	1.01189e-08	1.5708	0.0284257	1.00476	1.202	
1.74402e-09	1.01189e-08	1.5708	0.0284257	1.00476	1.202	
1.74402e-09	1.01189e-08	1.5708	0.0284257	1.00476	1.202	
1.74402e-09	1.01189e-08	1.5708	0.0284257	1.00476	1.202	
1.74402e-09	1.01189e-08	1.5708	0.0284257	1.00476	1.202	
1.74402e-09	1.01189e-08	1.5708	0.0284257	1.00476	1.202	
1.74402e-09	1.01189e-08	1.5708	0.0284257	1.00476	1.202	
1.74402e-09	1.01189e-08	1.5708	0.0284257	1.00476	1.202	
1.74402e-09	1.01189e-08	1.5708	0.0284257	1.00476	1.202	
1.74402e-09	1.01189e-08	1.5708	0.0284257	1.00476	1.202	
1.74402e-09	1.01189e-08	1.5708	0.0284257	1.00476	1.202	
1.74402e-09	1.01189e-08	1.5708	0.0284257	1.00476	1.202	
1.74402e-09	1.01189e-08	1.5708	0.0284257	1.00476	1.202	
1.74402e-09	1.01189e-08	1.5708	0.0284257	1.00476	1.202	
1.74402e-09	1.01189e-08	1.5708	0.0284257	1.00476	1.202	
1.74402e-09	1.01189e-08	1.5708	0.0284257	1.00476	1.202	
1.74402e-09	1.01189e-08	1.5708	0.0284257	1.00476	1.202	
1.74402e-09	1.01189e-08	1.5708	0.0284257	1.00476	1.202	
1.74402e-09	1.01189e-08	1.5708	0.0284257	1.00476	1.202	
1.74402e-09	1.01189e-08	1.5708	0.0284257	1.00476	1.202	
1.74402e-09	1.01189e-08	1.5708	0.0284257	1.00476	1.202	
1.74402e-09	1.01189e-08	1.5708	0.0284257	1.00476	1.202	
1.74402e-09	1.01189e-08	1.5708	0.0284257	1.00476	1.202	
1.74402e-09	1.01189e-08	1.5708	0.0284257	1.00476	1.202	
1.74402e-09	1.01189e-08	1.5708	0.0284257	1.00476	1.202	
1.74402e-09	1.01189e-08	1.5708	0.0284257	1.00476	1.202	
1.74402e-09	1.01189e-08	1.5708	0.0284257	1.00476	1.202	
1.74402e-09	1.01189e-08	1.5708	0.0284257	1.00476	1.202	
1.74402e-09	1.01189e-08	1.5708	0.0284257	1.00476	1.202	
1.74402e-09	1.01189e-08	1.5708	0.0284257	1.00476	1.202	
1.74402e-09	1.01189e-08	1.5708	0.0284257	1.00476	1.202	
1.74402e-09	1.01189e-08	1.5708	0.0284257	1.00476	1.202	
1.74402e-09	1.01189e-08	1.5708	0.0284257	1.00476	1.202	
1.74402e-09	1.01189e-08	1.5708	0.0284257	1.00476	1.202	
1.74402e-09	1.01189e-08	1.5708	0.0284257	1.00476	1.202	
1.74402e-09	1.01189e-08	1.5708	0.0284257	1.00476	1.202	
1.74402e-09	1.01189e-08	1.5708	0.0284257	1.00476	1.202	
1.74402e-09	1.01189e-08	1.5708	0.0284257	1.00476	1.202	
1.74402e-09	1.01189e-08	1.5708	0.0284257	1.00476	1.202	
1.74402e-09	1.01189e-08	1.5708	0.0284257	1.00476	1.202	
1.74402e-09	1.01189e-08	1.5708	0.0284257	1.00476	1.202	
1.74402e-09	1.01189e-08	1.5708	0.0284257	1.00476	1.202	
1.74402e-09	1.01189e-08	1.5708	0.0284257	1.00476	1.202	
1.74402e-09	1.01189e-08	1.5708	0.0284257	1.00476	1.202	
1.74402e-09	1.01189e-08	1.5708	0.0284257	1.00476	1.202	
1.74402e-09	1.01189e-08	1.5708	0.0284257	1.00476	1.202	
1.74402e-09	1.01189e-08	1.5708	0.0284257	1.00476	1.202	
1.74402e-09	1.01189e-08	1.5708	0.0284257	1.00476	1.202	
1.74402e-09	1.01189e-08	1.5708	0.0284257	1.00476	1.202	
1.74402e-09	1.01189e-08	1.5708	0.0284257	1.00476	1.202	
1.74402e-09	1.01189e-08	1.5708	0.0284257	1.00476	1.202	
1.74402e-09	1.01189e-08	1.5708	0.0284257	1.00476	1.202	
1.74402e-09	1.01189e-08	1.5708	0.0284257	1.00476	1.202	
1.74402e-09	1.01189e-08	1.5708	0.0284257	1.00476	1.202	
1.74402e-09	1.01189e-08	1.5708	0.0284257	1.00476	1.202	
1.74402e-09	1.01189e-08	1.5708	0.0284257	1.00476	1.202	
1.74402e-09	1.01189e-08	1.5708	0.0284257	1.00476	1.202	
1.74402e-09	1.01189e-08	1.5708	0.0284257	1.00476	1.202	
1.74402e-09	1.01189e-08	1.5708	0.0284257	1.00476	1.202	
1.74402e-09	1.01189e-08	1.5708	0.0284257	1.00476	1.202	
1.74402e-09	1.01189e-08	1.5708	0.0284257	1.00476	1.202	
1.74402e-09	1.01189e-08	1.5708	0.0284257	1.00476	1.202	
1.74402e-09	1.01189e-08	1.5708	0.0284257	1.00476	1.202	
1.74402e-09	1.01189e-08	1.5708	0.0284257	1.00476	1.202	
1.74402e-09	1.01189e-08	1.5708	0.0284257	1.00476	1.202	
1.74402e-09	1.01189e-08	1.5708	0.0284257	1.00476	1.202	
1.74402e-09	1.01189e-08	1.5708	0.0284257	1.00476	1.202	
1.74402e-09	1.01189e-08	1.5708	0.0284257	1.00476	1.202	
1.74402e-09	1.01189e-08	1.5708	0.0284257	1.00476	1.202	
1.74402e-09	1.01189e-08	1.5708	0.0284257	1.00476	1.202	
1.74402e-09	1.01189e-08	1.5708	0.0284257	1.00476	1.202	
1.74402e-09	1.01189e-08	1.5708	0.0284257	1.00476	1.202	
1.74402e-09	1.01189e-08	1.5708	0.0284257	1.00476	1.202	
1.74402e-09	1.01189e-08	1.5708	0.0284257	1.00476	1.202	
1.74402e-09	1.01189e-08	1.5708	0.0284257	1.00476	1.202	
1.74402e-09	1.01189e-08	1.5708	0.0284257	1.00476	1.202	
1.74402e-09	1.01189e-08	1.5708	0.0284257	1.00476	1.202	
1.74402e-09	1.01189e-08	1.5708	0.0284257	1.00476	1.202	
1.74402e-09	1.01189e-08	1.5708	0.0284257	1.00476	1.202	
1.74402e-09	1.01189e-08	1.5708	0.0284257	1.00476	1.202	
1.74402e-09	1.01189e-08	1.5708	0.0284257	1.00476	1.202	
1.74402e-09	1.01189e-08	1.5708	0.0284257	1.00476	1.202	
1.74402e-09	1.01189e-08	1.5708	0.0284257	1.00476	1.202	
1.74402e-09	1.01189e-08	1.5708	0.0284257	1.00476	1.202	
1.74402e-09	1.01189e-08	1.5708	0.0284257	1.00476	1.202	
1.74402e-09	1.01189e-08	1.5708	0.0284257	1.00476	1.202	
1.74402e-09	1.01189e-08	1.5708	0.0284257	1.00476	1.202	
1.74402e-09	1.01189e-08	1.5708	0.0284257	1.00476	1.202	
1.74402e-09	1.01189e-08	1.5708	0.0284257	1.00476	1.202	
1.74402e-09	1.01189e-08	1.5708	0.0284257	1.00476	1.202	
1.74402e-09	1.01189e-08	1.5708	0.0284257	1.00476	1.202	
1.74402e-09	1.01189e-08	1.5708	0.0284257	1.00476	1.202	
1.74402e-09	1.01189e-08	1.5708	0.0284257	1.00476	1.202	
1.74402e-09	1.01189e-08	1.5708	0.0284257	1.00476	1.202	
1.74402e-09	1.01189e-08	1.5708	0.0284257	1.00476	1.202	
1.74402e-09	1.01189e-08	1.5708	0.0284257	1.00476	1.202	
1.74402e-09	1.01189e-08	1.5708	0.0284257	1.00476	1.202	
1.74402e-09	1.01189e-08	1.5708	0.0284257	1.00476	1.202	
1.74402e-09	1.01189e-08	1.5708	0.0284257	1.00476	1.202	
1.74402e-09	1.01189e-08	1.5708	0.0284257	1.00476	1.202	
1.74402e-09	1.01189e-08	1.5708	0.0284257	1.00476	1.202	
1.74402e-09	1.01189e-08	1.5708	0.0284257	1.00476	1.202	
1.74402e-09	1.01189e-08	1.5708	0.0284257	1.00476	1.202	
1.74402e-09	1.01189e-08	1.5708	0.0284257	1.00476	1.202	
1.74402e-09	1.01189e-08	1.5708	0.0284257	1.00476	1.202	
1.74402e-09	1.01189e-08	1.5708	0.0284257	1.00476	1.202	
1.74402e-09	1.01189e-08	1.5708	0.0284257	1.00476	1.202	
1.74402e-09	1.01189e-08	1.5708	0.0284257	1.00476	1.202	
1.74402e-09	1.01189e-08	1.5708	0.0284257	1.00476	1.202	
1.74402e-09	1.01189e-08	1.5708	0.0284257	1.00476	1.202	
1.74402e-09	1.01189e-08	1.5708	0.0284257	1.00476	1.202	
1.74402e-09	1.01189e-08	1.5708	0.0284257	1.00476	1.202	
1.74402e-09	1.01189e-08	1.5708	0.0284257	1.00476	1.202	
1.74402e-09	1.01189e-08	1.5708	0.0284257	1.00476	1.202	
1.74402e-09	1.01189e-08	1.5708	0.0284257	1.00476	1.202	
1.74402e-09	1.01189e-08	1.5708	0.0284257	1.00476	1.202	
1.74402e-09	1.01189e-08	1.5708	0.0284257	1.00476	1.202	
1.74402e-09	1.01189e-08	1.5708	0.0284257	1.00476	1.202	
1.74402e-09	1.01189e-08	1.5708	0.0284257	1.00476	1.202	
1.74402e-09	1.01189e-08	1.5708	0.0284257	1.00476	1.202	
1.74402e-09	1.01189e-08	1.5708	0.0284257	1.00476	1.202	
1.74402e-09	1.01189e-08	1.5708	0.0284257	1.00476	1.202	
1.74402e-09	1.01189e-08	1.5708	0.0284257	1.00476	1.202	
1.74402e-09	1.01189e-08	1.5708	0.0284257	1.00476	1.202	
1.74402e-09	1.01189e-08	1.5708	0.0284257	1.00476	1.202	
1.74402e-09	1.01189e-08	1.5708	0.0284257	1.00476	1.202	
1.74402e-09	1.01189e-08	1.5708	0.0284257	1.00476	1.202	
1.74402e-09	1.01189e-08	1.5708	0.0284257	1.00476	1.202	
1.74402e-09	1.01189e-08	1.5708	0.0284257	1.00476	1.202	
1.74402e-09	1.01189e-08	1.5708	0.0284257	1.00476	1.202	
1.74402e-09	1.01189e-08	1.5708	0.0284257	1.00476	1.202	
1.74402e-09	1.01189e-08	1.5708	0.0284257	1.00476	1.202	
1.74402e-09	1.01189e-08	1.5708	0.0284257	1.00476	1.202	
1.74402e-09	1.01189e-08	1.5708	0.0284257	1.00476	1.202	
1.74402e-09	1.01189e-08	1.5708	0.0284257	1.00476	1.202	
1.74402e-09	1.01189e-08	1.5708	0.0284257	1.00476	1.202	
1.74402e-09	1.01189e-08	1.5708	0.0284257	1.00476	1.202	
1.74402e-09	1.01189e-08	1.5708	0.0284257	1.00476	1.202	
1.74402e-09	1.01189e-08	1.5708	0.0284257	1.00476	1.202	
1.74402e-09	1.01189e-08	1.5708	0.0284257	1.00476	1.202	
1.74402e-09	1.01189e-08	1.5708	0.0284257	1.00476	1.202	
1.74402e-09	1.01189e-08	1.5708	0.0284257	1.00476	1.202	
1.74402e-09	1.01189e-08	1.5708	0.0284257	1.00476	1.202	
1.74402e-09	1.01189e-08	1.5708	0.0284257	1.00476	1.202	
1.74402e-09	1.01189e-08	1.5708	0.0284257	1.00476	1.202	
1.74402e-09	1.01189e-08	1.5708	0.0284257	1.00476	1.202	
1.74402e-09	1.01189e-08	1.5708	0.0284257	1.00476	1.202	
1.74402e-09	1.01189e-08	1.5708	0.0284257	1.00476	1.202	
1.74402e-09	1.01189e-08	1.5708	0.0284257	1.00476	1.202	
1.74402e-09	1.01189e-08	1.5708	0.0284257	1.00476	1.202	
1.74402e-09	1.01189e-08	1.5708	0.0284257	1.00476	1.202	
1.74402e-09	1.01189e-08	1.5708	0.0284257	1.00476	1.202	
1.74402e-09	1.01189e-08	1.5708	0.0284257	1.00476	1.202	
1.74402e-09	1.01189e-08	1.5708	0.0284257	1.00476	1.202	
1.74402e-09	1.01189e-08	1.5708	0.0284257	1.00476	1.202	
1.74402e-09	1.01189e-08	1.5708	0.0284257	1.00476	1.202	
1.74402e-09	1.01189e-08	1.5708	0.0284257	1.00476	1.202	
1.74402e-09	1.01189e-08	1.5708	0.0284257	1.00476	1.202	
1.74402e-09	1.01189e-08	1.5708	0.0284257	1.00476	1.202	
1.74402e-09	1.01189e-08	1.5708	0.0284257	1.00476	1.202	
1.74402e-09	1.01189e-08	1.5708	0.0284257	1.00476	1.202	
1.74402e-09	1.01189e-08	1.5708	0.0284257	1.00476	1.202	
1.74402e-09	1.01189e-08	1.5708	0.0284257	1.00476	1.202	
1.74402e-09	1.01189e-08	1.5708	0.0284257	1.00476	1.202	
1.74402e-09	1.01189e-08	1.5708	0.0284257	1.00476	1.202	
1.74402e-09	1.01189e-08	1.5708	0.0284257	1.00476	1.202	
1.74402e-09	1.01189e-08	1.5708	0.0284257	1.00476	1.202	
1.74402e-09	1.01189e-08	1.5708	0.0284257	1.00476	1.202	
1.74402e-09	1.01189e-08	1.5708	0.0284257	1.00476	1.202	
1.74402e-09	1.01189e-08	1.5708	0.0284257	1.00476	1.202	
1.74402e-09	1.01189e-08	1.5708	0.0284257	1.00476	1.202	
1.74402e-09	1.01189e-08	1.5708	0.0284257	1.00476	1.202	
1.74402e-09	1.01189e-08	1.5708	0.0284257	1.00476	1.202	
1.74402e-09	1.01189e-08	1.5708	0.0284257	1.00476	1.202	
1.74402e-09	1.01189e-08	1.5708	0.0284257	1.00476	1.202	
1.74402e-09	1.01189e-08	1.5708	0.0284257	1.00476	1.202	
1.74402e-09	1.01189e-08	1.5708	0.0284257	1.00476	1.202	
1.74402e-09	1.01189e-08	1.5708	0.0284257	1.00476	1.202	
1.74402e-09	1.01189e-08	1.5708	0.0284257	1.00476	1.202	
1.74402e-09	1.01189e-08	1.5708	0.0284257	1.00476	1.202	
1.74402e-09	1.01189e-08	1.5708	0.0284257	1.00476	1.202	
1.74402e-09	1.01189e-08	1.5708	0.0284257	1.00476	1.202	
1.74402e-09	1.01189e-08	1.5708	0.0284257	1.00476	1.202	
1.74402e-09	1.01189e-08	1.5708	0.0284257	1.00476	1.202	
1.74402e-09	1.01189e-08	1.5708	0.0284257	1.00476	1.202	
1.74402e-09	1.01189e-08	1.5708	0.0284257	1.00476	1.202	
1.74402e-09	1.01189e-08	1.5708	0.0284257	1.00476	1.202	
1.74402e-09	1.01189e-08	1.5708	0.0284257	1.00476	1.202	
1.74402e-09	1.01189e-08	1.5708	0.0284257	1.00476	1.202	
1.74402e-09	1.01189e-08	1.5708	0.0284257	1.00476	1.202	
1.74402e-09	1.01189e-08	1.5708	0.0284257	1.00476	1.202	
1.74402e-09	1.01189e-08	1.5708	0.0284257	1.00476	1.202	
1.74402e-09	1.01189e-08	1.5708	0.0284257	1.00476	1.202	
1.74402e-09	1.01189e-08	1.5708	0.0284257	1.00476	1.202	
1.74402e-09	1.01189e-08	1.5708	0.0284257	1.00476	1.202	
1.74402e-09	1.01189e-08	1.5708	0.0284257	1.00476	1.202	
1.74402e-09	1.01189e-08	1.5708	0.0284257	1.00476	1.202	
1.74402e-09	1.01189e-08	1.5708	0.0284257	1.00476	1.202	
1.74402e-09	1.01189e-08	1.5708	0.0284257	1.00476	1.202	
1.74402e-09	1.01189e-08	1.5708	0.0284257	1.00476	1.202	
1.74402e-09	1.01189e-08	1.5708	0.0284257	1.00476	1.202	
1.74402e-09	1.01189e-08	1.5708	0.0284257	1.00476	1.202	
1.74402e-09	1.01189e-08	1.5708	0.0284257	1.00476	1.202	
1.74402e-09	1.01189e-08	1.5708	0.0284257	1.00476	1.202	
1.74402e-09	1.01189e-08	1.5708	0.0284257	1.00476	1.202	
1.74402e-09	1.01189e-08	1.5708	0.0284257	1.00476	1.202	
1.74402e-09	1.01189e-08	1.5708	0.0284257	1.00476	1.202	
1.74402e-09	1.01189e-08	1.5708	0.0284257	1.00476	1.202	
1.74402e-09	1.01189e-08	1.5708	0.0284257	1.00476	1.202	
1.74402e-09	1.01189e-08	1.5708	0.0284257	1.00476	1.202	
1.74402e-09	1.01189e-08	1.5708	0.0284257	1.00476	1.202	
1.74402e-09	1.01189e-08	1.5708	0.0284257	1.00476	1.202	
1.74402e-09	1.01189e-08	1.5708	0.0284257	1.00476	1.202	
1.74402e-09	1.01189e-08	1.5708	0.0284257	1.00476	1.202	
1.74402e-09	1.01189e-08	1.5708	0.0284257	1.00476	1.202	
1.74402e-09	1.01189e-08	1.5708	0.0284257	1.00476	1.202	
1.74402e-09	1.01189e-08	1.5708	0.0284257	1.00476	1.202	
1.74402e-09	1.01189e-08	1.5708	0.0284257	1.00476	1.202	
1.74402e-09	1.01189e-08	1.5708	0.0284257	1.00476	1.202	
1.74402e-09	1.01189e-08	1.5708	0.0284257	1.00476	1.202	
1.74402e-09	1.01189e-08	1.5708	0.0284257	1.00476	1.202	
1.74402e-09	1.01189e-08	1.5708	0.0284257	1.00476	1.202	
1.74402e-09	1.01189e-08	1.5708	0.0284257	1.00476	1.202	
1.74402e-09	1.01189e-08	1.5708	0.0284257	1.00476	1.202	
1.74402e-09	1.01189e-08	1.5708	0.0284257	1.00476	1.202	
1.74402e-09	1.01189e-08	1.5708	0.0284257	1.00476	1.202	
1.74402e-09	1.01189e-08	1.5708	0.0284257	1.00476	1.202	
1.74402e-09	1.01189e-08	1.5708	0.0284257	1.00476	1.202	
1.74402e-09	1.01189e-08	1.5708	0.0284257	1.00476	1.202	
1.74402e-09	1.01189e-08	1.5708	0.0284257	1.00476	1.202	
1.74402e-09	1.01189e-08	1.5708	0.0284257	1.00476	1.202	
1.74402e-09	1.01189e-08	1.5708	0.0284257	1.00476	1.202	
1.74402e-09	1.01189e-08	1.5708	0.0284257	1.00476	1.202	
1.74402e-09	1.01189e-08	1.5708	0.0284257	1.00476	1.202	
1.74402e-09	1.01189e-08	1.5708	0.0284257	1.00476	1.202	
1.74402e-09	1.01189e-08	1.5708	0.0284257	1.00476	1.202	
1.74402e-09	1.01189e-08	1.5708	0.0284257	1.00476	1.202	
1.74402e-09	1.01189e-08	1.5708	0.0284257	1.00476	1.202	
1.74402e-09	1.01189e-08	1.5708	0.0284257	1.00476	1.202	
1.74402e-09	1.01189e-08	1.5708	0.0284257	1.00476	1.202	
1.74402e-09	1.01189e-08	1.5708	0.0284257	1.00476	1.202	
1.74402e-09	1.01189e-08	1.5708	0.0284257	1.00476	1.202	
