0	0	0	0	0	0	
0	0	0	0	0	0	
0	0	0	0	0	0	
0	0	0	0	0	0	
0	0	0	0	0	0	
0	0	0	0	0	0	
0	0	0	0	0	0	
0	0	0	0	0	0	
0	0	0	0	0	0	
0	0	0	0	0	0	
0	0	0	0	0	0	
0	0	0	0	0	0	
0	0	0	0	0	0	
0	0	0	0	0	0	
0	0	0	0	0	0	
0	0	0	0	0	0	
0	0	0	0	0	0	
0	0	0	0	0	0	
0	0	0	0	0	0	
0	0	0	0	0	0	
0	0	0	0	0	0	
0	0	0	0	0	0	
0	0	0	0	0	0	
0	0	0	0	0	0	
0	0	0	0	0	0	
0	0	0	0	0	0	
0	0	0	0	0	0	
0	0	0	0	0	0	
0.422699	-0.388672	-0.0294516	-1.97365	-3.45536	17.2738	
0.0473704	-0.091072	0.0182234	-1.09768	-3.65579	18.3968	
-0.0631851	-0.00354774	-0.000302991	-0.781207	-3.64937	18.53	
-0.0768776	0.00606078	-0.000341448	-0.7576	-3.61269	18.4708	
-0.0912357	0.0164264	-0.000316957	-0.73139	-3.57821	18.4194	
0	0	0	0	0	0	
0	0	0	0	0	0	
0	0	0	0	0	0	
0	0	0	0	0	0	
0.000663844	-0.000686139	-0.000254201	0.00540295	-0.00607068	0.0304956	
0.000610745	-0.000643832	-0.000235018	0.00500721	-0.00569555	0.0286153	
0.000560329	-0.000603317	-0.000216894	0.00463357	-0.00533652	0.0268146	
0.000513297	-0.000565228	-0.000200058	0.0042863	-0.00499915	0.0251217	
0.00047004	-0.000529974	-0.000184632	0.00396775	-0.004687	0.0235548	
0	0	0	0	0	0	
0	0	0	0	0	0	
-0.32766	0.208515	-0.0304596	-2.61287	-2.19129	13.1064	
-0.00848491	0.00545643	-0.000791511	-0.0676625	-0.0559843	0.339396	
-0.00649443	0.0042486	-0.000603539	-0.0517904	-0.0422641	0.259777	
-0.00503926	0.00337009	-0.000463912	-0.0401868	-0.0323436	0.20157	
0	0	0	0	0	0	
-0.00302555	0.00213349	-0.000270027	-0.0241295	-0.0189013	0.121022	
-0.00238228	0.00172883	-0.000208444	-0.0190001	-0.0146923	0.0952911	
-0.00188635	0.00140938	-0.000161489	-0.0150455	-0.0114917	0.0754542	
-0.00149879	0.00115266	-0.00012535	-0.011955	-0.00902531	0.0599516	
-0.00119316	0.000943949	-9.73747e-05	-0.00951777	-0.00710726	0.0477265	
-0.000939503	0.000763892	-7.47544e-05	-0.00749483	-0.00554023	0.0375801	
-0.00073225	0.000611203	-5.67693e-05	-0.00584188	-0.00427835	0.02929	
-0.000557371	0.000476993	-4.20832e-05	-0.004447	-0.00322937	0.0222948	
-0.000407694	0.00035724	-2.99682e-05	-0.00325303	-0.00234444	0.0163078	
-0.000278145	0.000249203	-1.98996e-05	-0.00221949	-0.00158883	0.0111258	
0	0	0	0	0	0	
0	0	0	0	0	0	
0	0	0	0	0	0	
0	0	0	0	0	0	
-0.00171731	-0.00203437	-0.00989094	-0.340311	-0.0614892	0.0717334	
-0.00177685	-0.00210576	-0.0102421	-0.352043	-0.0640613	0.0742451	
-0.00172491	-0.00196304	-0.00829521	-0.344439	0.0140364	0.0683012	
0.000884919	0.000461761	-0.00674925	-0.328272	0.0647952	-0.0386079	
0.000804939	0.000391298	-0.00671894	-0.326634	0.064322	-0.0353853	
0.000711648	0.000309012	-0.00668552	-0.324933	0.0639176	-0.0316336	
0.000608288	0.000217742	-0.00665056	-0.32323	0.0635789	-0.0274824	
0.000498891	0.000121113	-0.00661413	-0.32151	0.0632869	-0.023092	
0.000386527	2.18852e-05	-0.00657627	-0.319761	0.0630262	-0.0185846	
-0.000211404	-0.00144614	0.000487182	-0.332818	0.0703104	0.0642871	
-0.000207418	-0.0014589	0.000514643	-0.330933	0.0699282	0.0648541	
-0.000200728	-0.00144773	0.000537145	-0.329049	0.0695012	0.0643576	
-0.000192219	-0.00141788	0.000555289	-0.327155	0.0690365	0.0630311	
0.00154552	0.00107958	-0.00636626	-0.306715	0.0578633	-0.0646481	
0.00153355	0.0010727	-0.00631648	-0.304426	0.0575317	-0.0641396	
0.00152006	0.00106439	-0.00626158	-0.301861	0.0571224	-0.0635696	
0.00150589	0.00105523	-0.00620485	-0.299187	0.0566725	-0.0629736	
0.00149111	0.00104525	-0.0061464	-0.296414	0.056189	-0.0623544	
-0.000271191	-0.000540495	-0.00615085	-0.300718	0.0607745	0.00791821	
-0.000604753	-0.000838869	-0.00611433	-0.299663	0.061225	0.021239	
-0.000692773	-0.000915718	-0.00606563	-0.297435	0.0609135	0.0247748	
-0.000774459	-0.000986843	-0.0060164	-0.295155	0.0605689	0.0280589	
-0.000850307	-0.00105269	-0.00596669	-0.292831	0.0601957	0.0311108	
-1.60307e-05	-0.00126422	0.00130621	-0.294998	0.0618082	0.0562005	
-0.000920062	-0.00111068	-0.00586882	-0.288134	0.059326	0.0339435	
-0.000989627	-0.00117089	-0.00581937	-0.285837	0.0589718	0.0367433	
-0.00105491	-0.00122719	-0.00576871	-0.283457	0.0585791	0.0393733	
-0.000895383	-0.00122957	-0.00470856	-0.284408	0.0588318	0.0416174	
-0.000958188	-0.00127418	-0.00473121	-0.281876	0.0583735	0.0435457	
-0.00100788	-0.001314	-0.00470031	-0.279295	0.0578973	0.0453724	
-0.00106151	-0.00135264	-0.00470417	-0.276722	0.0574146	0.0470818	
-0.00110835	-0.00138803	-0.00468604	-0.274119	0.0569187	0.0486925	
-0.00115535	-0.00142167	-0.00468125	-0.271517	0.0564162	0.0502042	
-0.00119731	-0.00145163	-0.00466948	-0.268894	0.055901	0.0515693	
-0.00119354	-0.00143965	-0.00465973	-0.266074	0.0552709	0.0510759	
-0.00118968	-0.00142753	-0.00464961	-0.263247	0.0546404	0.05058	
-0.00118562	-0.00141526	-0.0046387	-0.260414	0.0540096	0.0500818	
-0.00118163	-0.00140291	-0.00462822	-0.257577	0.0533792	0.0495816	
-0.00117754	-0.00139044	-0.00461735	-0.254736	0.052749	0.0490793	
-0.0011734	-0.00137788	-0.00460639	-0.251893	0.0521194	0.0485753	
-0.00116922	-0.00136523	-0.00459529	-0.249047	0.0514906	0.0480695	
-0.00116498	-0.00135251	-0.00458401	-0.2462	0.0508625	0.047562	
-0.00116069	-0.00133972	-0.00457257	-0.243351	0.0502354	0.047053	
-0.00115634	-0.00132686	-0.00456095	-0.240502	0.0496095	0.0465425	
-0.00115195	-0.00131395	-0.00454914	-0.237653	0.0489846	0.0460307	
-0.00114749	-0.00130098	-0.00453715	-0.234804	0.048361	0.0455175	
-0.00114299	-0.00128796	-0.00452496	-0.231955	0.0477387	0.045003	
-0.00113843	-0.0012749	-0.00451257	-0.229107	0.0471177	0.0444873	
-0.00113381	-0.00126179	-0.00449996	-0.22626	0.0464981	0.0439705	
0.00108905	0.00075784	-0.00458505	-0.22229	0.0432296	-0.0456535	
0.00107791	0.000754358	-0.00453613	-0.219947	0.0427997	-0.0451477	
0.00106656	0.000750577	-0.00448642	-0.21758	0.0423696	-0.0446373	
0.00259628	-0.000853253	-0.00469545	-0.219544	0.0599339	0.0261522	
0.00258064	-0.00083064	-0.00469299	-0.217453	0.0595238	0.0254359	
0.00256371	-0.000807307	-0.00469023	-0.215335	0.059099	0.0246859	
0.00254622	-0.000789708	-0.00465691	-0.213382	0.0585754	0.0242188	
0.00252903	-0.000774313	-0.00461592	-0.211478	0.0580345	0.0238517	
0.00251253	-0.000759954	-0.00457527	-0.209584	0.0575059	0.0235241	
0.00249663	-0.000746538	-0.00453496	-0.207703	0.0569889	0.0232316	
0.00248127	-0.000733987	-0.004495	-0.205835	0.0564828	0.0229704	
0.0024664	-0.000722233	-0.00445539	-0.20398	0.0559871	0.0227377	
0.00245197	-0.00071122	-0.00441612	-0.202139	0.0555011	0.0225309	
0.00243795	-0.000700897	-0.00437719	-0.200311	0.0550245	0.0223476	
0.00242429	-0.000691223	-0.0043386	-0.198497	0.0545567	0.0221861	
0.00241099	-0.000682158	-0.00430034	-0.196698	0.0540973	0.0220448	
0.002398	-0.000673669	-0.00426242	-0.194912	0.053646	0.0219221	
0.00238531	-0.000665726	-0.00422482	-0.19314	0.0532024	0.0218168	
0.00237291	-0.000658301	-0.00418754	-0.191382	0.0527661	0.0217279	
0.00224134	-0.000542152	-0.00410746	-0.18953	0.0509744	0.0168595	
0.00234763	-0.000647162	-0.00409444	-0.188008	0.0518221	0.0217149	
0.00233603	-0.00064105	-0.00405855	-0.186278	0.0514079	0.021669	
0.0023246	-0.000635233	-0.00402311	-0.18457	0.0510005	0.0216298	
0.0023134	-0.000629833	-0.00398795	-0.182876	0.050599	0.0216033	
0.00230241	-0.000624832	-0.00395307	-0.181193	0.0502031	0.0215887	
0.00229162	-0.000620211	-0.00391846	-0.179524	0.0498126	0.0215853	
0.00228101	-0.00061595	-0.0038841	-0.177866	0.0494271	0.0215923	
0.00227057	-0.000612033	-0.00385	-0.176219	0.0490464	0.021609	
0.0022603	-0.000608442	-0.00381615	-0.174584	0.0486702	0.0216349	
0.00225018	-0.000605163	-0.00378254	-0.17296	0.0482982	0.0216694	
0.0022402	-0.000602179	-0.00374916	-0.171346	0.0479302	0.0217118	
0.00223035	-0.000599476	-0.003716	-0.169743	0.0475661	0.0217617	
0.00222061	-0.00059704	-0.00368306	-0.16815	0.0472056	0.0218186	
0.002211	-0.000594859	-0.00365034	-0.166566	0.0468485	0.021882	
0.00220148	-0.00059292	-0.00361782	-0.164992	0.0464946	0.0219514	
0.00219206	-0.000591211	-0.0035855	-0.163427	0.0461438	0.0220265	
0.00218272	-0.00058972	-0.00355337	-0.161872	0.0457958	0.0221068	
0.00217347	-0.000588438	-0.00352143	-0.160324	0.0454507	0.0221921	
0.00216429	-0.000587353	-0.00348968	-0.158786	0.0451081	0.0222818	
0.00215518	-0.000586456	-0.0034581	-0.157255	0.0447679	0.0223757	
0.00214612	-0.000585737	-0.00342669	-0.155733	0.0444301	0.0224736	
0.00213712	-0.000585189	-0.00339544	-0.154218	0.0440945	0.0225751	
0.00212818	-0.000584802	-0.00336436	-0.152711	0.043761	0.0226799	
0.00211927	-0.000584569	-0.00333343	-0.151211	0.0434295	0.0227877	
0.00211041	-0.000584481	-0.00330265	-0.149718	0.0430999	0.0228985	
0.00210158	-0.000584533	-0.00327202	-0.148232	0.042772	0.0230118	
0.00209278	-0.000584716	-0.00324152	-0.146753	0.0424459	0.0231276	
0.002084	-0.000585024	-0.00321117	-0.145281	0.0421213	0.0232456	
0.00207525	-0.000585452	-0.00318094	-0.143814	0.0417983	0.0233656	
0.00206652	-0.000585993	-0.00315085	-0.142354	0.0414768	0.0234874	
0.00205781	-0.000586642	-0.00312088	-0.1409	0.0411566	0.023611	
0.0020491	-0.000587393	-0.00309103	-0.139452	0.0408377	0.0237361	
0.00204041	-0.000588241	-0.00306129	-0.138009	0.0405201	0.0238625	
0.00203173	-0.000589182	-0.00303167	-0.136572	0.0402037	0.0239903	
0.00202305	-0.000590211	-0.00300216	-0.13514	0.0398884	0.0241192	
0.00201437	-0.000591324	-0.00297275	-0.133713	0.0395742	0.0242491	
0.0020057	-0.000592516	-0.00294345	-0.132292	0.039261	0.02438	
0.00199702	-0.000593783	-0.00291424	-0.130875	0.0389488	0.0245117	
0.00198834	-0.000595122	-0.00288513	-0.129463	0.0386376	0.0246441	
0.00197965	-0.00059653	-0.00285612	-0.128056	0.0383272	0.0247771	
0.00197096	-0.000598002	-0.00282719	-0.126653	0.0380177	0.0249107	
0.00196226	-0.000599536	-0.00279836	-0.125255	0.0377091	0.0250448	
0.00195356	-0.000601128	-0.0027696	-0.123861	0.0374012	0.0251792	
0.00194484	-0.000602777	-0.00274094	-0.122471	0.037094	0.0253141	
0.00193611	-0.000604478	-0.00271235	-0.121086	0.0367876	0.0254492	
0.00192737	-0.000606229	-0.00268383	-0.119704	0.0364819	0.0255845	
0.00191862	-0.000608028	-0.0026554	-0.118326	0.0361768	0.02572	
0.00190985	-0.000609873	-0.00262703	-0.116952	0.0358723	0.0258557	
0.00190106	-0.00061176	-0.00259874	-0.115581	0.0355685	0.0259914	
0.00189227	-0.000613689	-0.00257052	-0.114214	0.0352653	0.0261272	
0.00188345	-0.000615656	-0.00254236	-0.112851	0.0349626	0.0262629	
0.00187462	-0.00061766	-0.00251426	-0.111491	0.0346604	0.0263987	
0.00186578	-0.0006197	-0.00248623	-0.110134	0.0343588	0.0265343	
0.000532327	0.000463096	-0.00218574	-0.106812	0.0215414	-0.0214497	
0.000524197	0.000456427	-0.0021521	-0.105174	0.0212166	-0.0211181	
0.000515952	0.000449541	-0.00211809	-0.103519	0.0208885	-0.0207831	
0.000507589	0.00044244	-0.00208371	-0.101845	0.0205569	-0.0204444	
0.000499105	0.000435127	-0.00204894	-0.100152	0.0202214	-0.020102	
-0.000515168	-0.000477825	-0.00209563	-0.102575	0.0208378	0.0204647	
-0.000507044	-0.000470342	-0.00206221	-0.10094	0.020506	0.0201414	
-0.000498864	-0.000462855	-0.00202853	-0.0992912	0.0201714	0.0198155	
-0.000490691	-0.000455522	-0.00199452	-0.097632	0.0198345	0.0194894	
-0.000482639	-0.000448234	-0.00196035	-0.0959598	0.0194951	0.0191677	
-0.000474523	-0.000440928	-0.00192593	-0.0942747	0.019153	0.0188431	
-0.000466341	-0.000433601	-0.00189124	-0.0925768	0.0188081	0.0185155	
-0.000458092	-0.000426249	-0.00185628	-0.0908657	0.0184604	0.0181848	
-0.000449774	-0.000418868	-0.00182106	-0.0891413	0.0181098	0.017851	
-0.000441385	-0.000411453	-0.00178556	-0.0874033	0.0177565	0.0175141	
-0.000432923	-0.000404002	-0.00174979	-0.0856516	0.0174002	0.017174	
-0.000424387	-0.000396508	-0.00171373	-0.0838859	0.017041	0.0168307	
-0.000415773	-0.000388967	-0.00167738	-0.0821059	0.0166788	0.0164841	
-0.000407081	-0.000381375	-0.00164073	-0.0803114	0.0163136	0.0161341	
-0.000398307	-0.000373726	-0.00160378	-0.078502	0.0159453	0.0157807	
-0.00038945	-0.000366015	-0.00156652	-0.0766774	0.0155739	0.0154238	
0	0	0	0	0	0	
0	0	0	0	0	0	
0	0	0	0	0	0	
-0.0136446	-0.0122801	0.0635379	0.140904	2.66735	0.545783	
-0.0170883	0.00353594	-0.00439758	0.512713	3.34226	0.683531	
-0.0171868	0.00354434	-0.00439666	0.512271	3.35415	0.687471	
-0.0172883	0.00355696	-0.00440237	0.512296	3.36628	0.691534	
-0.0173904	0.00357154	-0.00440769	0.512674	3.37832	0.695616	
-0.0174912	0.00358717	-0.00441126	0.513327	3.39008	0.699646	
-0.0175893	0.00360338	-0.00441319	0.514188	3.4014	0.703572	
-0.0176839	0.00361977	-0.0044137	0.515199	3.4122	0.707356	
-0.0177742	0.00363603	-0.00441301	0.51631	3.42239	0.710966	
-0.0178596	0.00365192	-0.00441134	0.517479	3.43193	0.714383	
-0.0179398	0.00366724	-0.00440883	0.518677	3.44079	0.71759	
-0.0180144	0.00368187	-0.00440565	0.519881	3.44894	0.720577	
-0.0180834	0.00369573	-0.0044019	0.521074	3.45637	0.723335	
