0.176007	-2.09676	-0.323615	-1.5708	0.849587	-1.7468	
0.176005	-2.09571	-0.32363	-1.57082	0.848609	-1.74678	
0.176003	-2.09331	-0.323548	-1.57084	0.84618	-1.74677	
0.176002	-2.08988	-0.323421	-1.57085	0.842651	-1.74676	
0.176001	-2.08563	-0.323301	-1.57086	0.83831	-1.74675	
0.176001	-2.08077	-0.32323	-1.57087	0.833398	-1.74674	
0.176001	-2.07546	-0.323242	-1.57087	0.828109	-1.74674	
0.176001	-2.06984	-0.323356	-1.57087	0.8226	-1.74674	
0.176001	-2.064	-0.323585	-1.57087	0.816996	-1.74674	
0.176001	-2.05805	-0.323933	-1.57087	0.811394	-1.74674	
0.176001	-2.05207	-0.324397	-1.57087	0.805869	-1.74674	
0.176001	-2.04611	-0.32497	-1.57087	0.800477	-1.74674	
0.176001	-2.04023	-0.325641	-1.57087	0.795261	-1.74674	
0.176002	-2.03448	-0.326399	-1.57086	0.79025	-1.74674	
0.176002	-2.02887	-0.327229	-1.57086	0.785465	-1.74675	
0.176002	-2.02344	-0.328118	-1.57086	0.780917	-1.74675	
0.176003	-2.01822	-0.329051	-1.57085	0.776614	-1.74675	
0.176003	-2.01321	-0.330017	-1.57085	0.772556	-1.74676	
0.176003	-2.00842	-0.331002	-1.57084	0.768742	-1.74676	
0.176003	-2.00386	-0.331995	-1.57084	0.765167	-1.74676	
0.176004	-1.99954	-0.332987	-1.57083	0.761825	-1.74677	
0.176004	-1.99545	-0.333969	-1.57083	0.758707	-1.74677	
0.176004	-1.99159	-0.334934	-1.57083	0.755805	-1.74678	
0.176005	-1.98796	-0.335874	-1.57082	0.753108	-1.74678	
0.176005	-1.98456	-0.336786	-1.57082	0.750608	-1.74678	
0.176005	-1.98138	-0.337664	-1.57082	0.748292	-1.74678	
0.176005	-1.9784	-0.338506	-1.57081	0.746153	-1.74679	
0.176005	-1.97563	-0.339308	-1.57081	0.744178	-1.74679	
0.176103	-1.97327	-0.340736	-1.56996	0.744343	-1.74726	
0.176413	-1.97157	-0.3435	-1.56711	0.7489	-1.74902	
0.176696	-1.97	-0.346056	-1.56451	0.753065	-1.7512	
0.176954	-1.96855	-0.348401	-1.56211	0.756885	-1.7532	
0.177188	-1.96722	-0.350545	-1.55991	0.760376	-1.75503	
0.177399	-1.966	-0.352496	-1.55789	0.763561	-1.7567	
0.177556	-1.96489	-0.354251	-1.55593	0.766593	-1.75833	
0.177655	-1.96387	-0.355808	-1.55398	0.76952	-1.75996	
0.177709	-1.96294	-0.357176	-1.55205	0.772349	-1.76158	
0.177728	-1.9621	-0.358364	-1.55013	0.775082	-1.7632	
0.177718	-1.96134	-0.359381	-1.54823	0.777722	-1.76481	
0.177687	-1.96066	-0.360237	-1.54633	0.780273	-1.76642	
0.17764	-1.96006	-0.36094	-1.54445	0.78274	-1.76802	
0.177581	-1.95952	-0.361498	-1.54258	0.785128	-1.76961	
0.177516	-1.95903	-0.361952	-1.54067	0.787399	-1.77123	
0.177452	-1.95844	-0.362518	-1.53846	0.789256	-1.77311	
0.177393	-1.95776	-0.363204	-1.53598	0.790727	-1.77518	
0.17734	-1.95701	-0.364003	-1.53333	0.792082	-1.77733	
0.177291	-1.95624	-0.364853	-1.53056	0.793151	-1.77956	
0.177245	-1.95545	-0.365729	-1.52776	0.793961	-1.78183	
0.177201	-1.95466	-0.366608	-1.52497	0.79454	-1.78409	
0.177159	-1.95388	-0.367475	-1.52223	0.794914	-1.78632	
0.17712	-1.95313	-0.368318	-1.51958	0.795109	-1.78848	
0.177083	-1.95241	-0.369128	-1.51703	0.795146	-1.79056	
0.177048	-1.95174	-0.369898	-1.51462	0.795047	-1.79255	
0.177015	-1.9511	-0.370625	-1.51234	0.794831	-1.79443	
0.176985	-1.95051	-0.371306	-1.51022	0.794515	-1.79619	
0.176958	-1.94996	-0.37194	-1.50825	0.794114	-1.79783	
0.176933	-1.94946	-0.372527	-1.50645	0.793643	-1.79935	
0.176911	-1.949	-0.373067	-1.50481	0.793112	-1.80073	
0.176891	-1.94859	-0.373563	-1.50332	0.792533	-1.80199	
0.176873	-1.94822	-0.374014	-1.502	0.791915	-1.80313	
0.176858	-1.94789	-0.374424	-1.50083	0.791265	-1.80414	
0.176844	-1.9476	-0.374795	-1.49982	0.790591	-1.80503	
0.176833	-1.94735	-0.375129	-1.49895	0.789902	-1.8058	
0.176826	-1.94713	-0.375438	-1.49827	0.789436	-1.80613	
0.176829	-1.94694	-0.37575	-1.49792	0.789843	-1.80505	
0.176833	-1.94678	-0.376028	-1.49771	0.790163	-1.80397	
0.176836	-1.94665	-0.376272	-1.49759	0.790414	-1.80295	
0.176838	-1.94655	-0.37648	-1.49755	0.790602	-1.80204	
0.176838	-1.94647	-0.376656	-1.4976	0.790727	-1.80119	
0.176838	-1.94642	-0.376805	-1.49773	0.790794	-1.8004	
0.176836	-1.94639	-0.376928	-1.49794	0.790805	-1.79966	
0.176834	-1.94637	-0.377029	-1.49823	0.790764	-1.79894	
0.176831	-1.94638	-0.37711	-1.49859	0.790711	-1.79834	
0.176828	-1.9464	-0.377174	-1.49901	0.79062	-1.79791	
0.176824	-1.94644	-0.377221	-1.49948	0.790491	-1.79762	
0.17682	-1.9465	-0.377254	-1.50001	0.790325	-1.79743	
0.176815	-1.94657	-0.377273	-1.50059	0.790131	-1.79729	
0.176811	-1.94665	-0.37728	-1.50122	0.789908	-1.79705	
0.176807	-1.94674	-0.377276	-1.50191	0.789639	-1.7967	
0.176802	-1.94684	-0.377261	-1.50265	0.789327	-1.79623	
0.176798	-1.94695	-0.377236	-1.50344	0.788977	-1.79569	
0.176794	-1.94706	-0.377205	-1.50428	0.788593	-1.79507	
0.176789	-1.94718	-0.377167	-1.50515	0.788183	-1.7944	
0.176784	-1.94731	-0.377125	-1.50606	0.787752	-1.79368	
0.176779	-1.94744	-0.37708	-1.50699	0.787304	-1.79292	
0.176774	-1.94758	-0.377032	-1.50795	0.786843	-1.79214	
0.176769	-1.94771	-0.376983	-1.50893	0.786379	-1.7914	
0.176763	-1.94785	-0.376933	-1.50993	0.785912	-1.79075	
0.176757	-1.948	-0.376883	-1.51094	0.785437	-1.79005	
0.176751	-1.94814	-0.376832	-1.51197	0.784952	-1.78931	
0.176745	-1.94829	-0.376783	-1.51301	0.784466	-1.78858	
0.176738	-1.94843	-0.376734	-1.51406	0.783976	-1.78784	
0.176732	-1.94858	-0.376686	-1.51512	0.783486	-1.7871	
0.176725	-1.94872	-0.376639	-1.51619	0.782994	-1.78635	
0.176718	-1.94887	-0.376594	-1.51726	0.782503	-1.7856	
0.17671	-1.94901	-0.37655	-1.51833	0.782014	-1.78485	
0.176703	-1.94915	-0.376508	-1.5194	0.781526	-1.78409	
0.176695	-1.9493	-0.376468	-1.52047	0.781041	-1.78334	
0.176687	-1.94944	-0.37643	-1.52154	0.780559	-1.78258	
0.176679	-1.94958	-0.376393	-1.52261	0.78008	-1.78183	
0.176671	-1.94971	-0.376358	-1.52368	0.779605	-1.78107	
0.176662	-1.94985	-0.376325	-1.52474	0.779134	-1.78032	
0.176653	-1.94998	-0.376293	-1.52579	0.778667	-1.77958	
0.176645	-1.95011	-0.376263	-1.52684	0.778204	-1.77883	
0.176636	-1.95024	-0.376234	-1.52788	0.777746	-1.77809	
0.176627	-1.95037	-0.376206	-1.52891	0.777292	-1.77736	
0.176618	-1.9505	-0.37618	-1.52994	0.776843	-1.77663	
0.176609	-1.95062	-0.376154	-1.53095	0.776399	-1.7759	
0.176599	-1.95075	-0.37613	-1.53196	0.775959	-1.77518	
0.17659	-1.95086	-0.376107	-1.53296	0.775523	-1.77447	
0.176581	-1.95098	-0.376084	-1.53395	0.775092	-1.77376	
0.176571	-1.9511	-0.376062	-1.53493	0.774666	-1.77306	
0.176561	-1.95122	-0.376035	-1.53575	0.774322	-1.77247	
0.17655	-1.95134	-0.376007	-1.53648	0.774031	-1.77195	
0.176541	-1.95147	-0.375983	-1.53722	0.773738	-1.77141	
0.176531	-1.95159	-0.375962	-1.53795	0.773451	-1.77089	
0.176523	-1.9517	-0.375941	-1.53867	0.773171	-1.77037	
0.176514	-1.95182	-0.375922	-1.53939	0.772896	-1.76985	
0.176506	-1.95194	-0.375904	-1.5401	0.772625	-1.76934	
0.176498	-1.95205	-0.375886	-1.5408	0.772357	-1.76884	
0.176491	-1.95217	-0.375868	-1.54149	0.772093	-1.76834	
0.176484	-1.95228	-0.375849	-1.54217	0.771833	-1.76785	
0.176477	-1.95239	-0.375831	-1.54284	0.771577	-1.76738	
0.17647	-1.9525	-0.375812	-1.5435	0.771324	-1.76691	
0.176464	-1.95261	-0.375792	-1.54415	0.771075	-1.76645	
0.176458	-1.95271	-0.375772	-1.54479	0.770829	-1.76601	
0.176452	-1.95282	-0.375751	-1.54542	0.770587	-1.76558	
0.176446	-1.95292	-0.375729	-1.54604	0.770348	-1.76515	
0.176441	-1.95302	-0.375706	-1.54664	0.770112	-1.76474	
0.176435	-1.95313	-0.375682	-1.54724	0.76988	-1.76434	
0.17643	-1.95323	-0.375658	-1.54782	0.769651	-1.76395	
0.176425	-1.95333	-0.375632	-1.54839	0.769425	-1.76357	
0.17642	-1.95342	-0.375605	-1.54895	0.769202	-1.7632	
0.176416	-1.95352	-0.375578	-1.5495	0.768983	-1.76284	
0.176411	-1.95362	-0.375549	-1.55004	0.768766	-1.7625	
0.176407	-1.95371	-0.375519	-1.55056	0.768553	-1.76216	
0.176403	-1.9538	-0.375489	-1.55108	0.768343	-1.76183	
0.176399	-1.9539	-0.375458	-1.55158	0.768135	-1.76151	
0.176396	-1.95399	-0.375425	-1.55208	0.76793	-1.7612	
0.176392	-1.95408	-0.375392	-1.55256	0.767729	-1.7609	
0.176389	-1.95416	-0.375358	-1.55303	0.76753	-1.76061	
0.176386	-1.95425	-0.375323	-1.55349	0.767333	-1.76032	
0.176382	-1.95434	-0.375287	-1.55395	0.76714	-1.76005	
0.17638	-1.95442	-0.375251	-1.55439	0.766949	-1.75978	
0.176377	-1.9545	-0.375214	-1.55482	0.766761	-1.75951	
0.176374	-1.95459	-0.375176	-1.55524	0.766575	-1.75926	
0.176372	-1.95467	-0.375137	-1.55565	0.766392	-1.75901	
0.17637	-1.95475	-0.375098	-1.55605	0.766212	-1.75877	
0.176368	-1.95483	-0.375058	-1.55644	0.766034	-1.75854	
0.176366	-1.9549	-0.375018	-1.55683	0.765859	-1.75831	
0.176364	-1.95498	-0.374977	-1.5572	0.765686	-1.75809	
0.176362	-1.95506	-0.374936	-1.55757	0.765515	-1.75787	
0.176361	-1.95513	-0.374894	-1.55792	0.765347	-1.75766	
0.17636	-1.9552	-0.374852	-1.55827	0.765181	-1.75746	
0.176358	-1.95528	-0.374809	-1.55861	0.765018	-1.75726	
0.176357	-1.95535	-0.374766	-1.55894	0.764857	-1.75706	
0.176356	-1.95542	-0.374722	-1.55926	0.764698	-1.75688	
0.176356	-1.95549	-0.374679	-1.55958	0.764541	-1.75669	
0.176355	-1.95555	-0.374635	-1.55989	0.764387	-1.75651	
0.176354	-1.95562	-0.374591	-1.56019	0.764235	-1.75634	
0.176354	-1.95569	-0.374546	-1.56048	0.764085	-1.75617	
0.176353	-1.95575	-0.374502	-1.56077	0.763938	-1.756	
0.176353	-1.95581	-0.374457	-1.56104	0.763792	-1.75584	
0.176353	-1.95588	-0.374412	-1.56132	0.763649	-1.75569	
0.176353	-1.95594	-0.374367	-1.56158	0.763508	-1.75553	
0.176353	-1.956	-0.374322	-1.56184	0.763368	-1.75538	
0.176353	-1.95606	-0.374277	-1.56209	0.763231	-1.75524	
0.176353	-1.95612	-0.374232	-1.56233	0.763096	-1.7551	
0.176353	-1.95618	-0.374186	-1.56257	0.762963	-1.75496	
0.176354	-1.95623	-0.374141	-1.56281	0.762832	-1.75482	
0.176354	-1.95629	-0.374096	-1.56303	0.762703	-1.75469	
0.176355	-1.95634	-0.374051	-1.56325	0.762575	-1.75457	
0.176355	-1.9564	-0.374006	-1.56347	0.76245	-1.75444	
0.176356	-1.95645	-0.373961	-1.56368	0.762327	-1.75432	
0.176357	-1.9565	-0.373916	-1.56388	0.762205	-1.7542	
0.176357	-1.95656	-0.373872	-1.56408	0.762085	-1.75409	
0.176358	-1.95661	-0.373827	-1.56428	0.761968	-1.75397	
0.176359	-1.95666	-0.373783	-1.56447	0.761851	-1.75386	
0.17636	-1.9567	-0.373738	-1.56465	0.761737	-1.75376	
0.176361	-1.95675	-0.373694	-1.56483	0.761625	-1.75365	
0.176362	-1.9568	-0.37365	-1.56501	0.761514	-1.75355	
0.176363	-1.95685	-0.373607	-1.56518	0.761405	-1.75345	
0.176364	-1.95689	-0.373563	-1.56534	0.761297	-1.75336	
0.176365	-1.95694	-0.37352	-1.5655	0.761191	-1.75326	
0.176366	-1.95698	-0.373477	-1.56566	0.761087	-1.75317	
0.176368	-1.95702	-0.373435	-1.56582	0.760984	-1.75308	
0.176369	-1.95707	-0.373393	-1.56598	0.760877	-1.75299	
0.17637	-1.95711	-0.373351	-1.56615	0.760767	-1.7529	
0.176372	-1.95715	-0.37331	-1.56632	0.760653	-1.75281	
0.176373	-1.95719	-0.373269	-1.5665	0.760536	-1.75272	
0.176375	-1.95722	-0.373228	-1.56668	0.760417	-1.75262	
0.176376	-1.95726	-0.373188	-1.56686	0.760296	-1.75252	
0.176378	-1.95729	-0.373148	-1.56704	0.760175	-1.75242	
0.176379	-1.95733	-0.373108	-1.56722	0.760052	-1.75232	
0.17638	-1.95736	-0.373069	-1.5674	0.759929	-1.75222	
0.176382	-1.95739	-0.37303	-1.56758	0.759805	-1.75211	
0.176383	-1.95743	-0.372991	-1.56776	0.75968	-1.75201	
0.176384	-1.95746	-0.372952	-1.56794	0.759554	-1.7519	
0.176385	-1.95749	-0.372913	-1.56813	0.759427	-1.75179	
0.176386	-1.95751	-0.372875	-1.56831	0.7593	-1.75168	
0.176388	-1.95754	-0.372836	-1.56849	0.759171	-1.75157	
0.176389	-1.95757	-0.372798	-1.56867	0.759041	-1.75146	
0.176389	-1.95759	-0.37276	-1.56885	0.75891	-1.75135	
0.17639	-1.95762	-0.372723	-1.56903	0.758778	-1.75123	
0.176391	-1.95764	-0.372685	-1.56921	0.758644	-1.75112	
0.176392	-1.95766	-0.372648	-1.5694	0.75851	-1.751	
0.176387	-1.95732	-0.372652	-1.57028	0.757667	-1.75031	
0.176375	-1.9564	-0.372729	-1.57224	0.755755	-1.74876	
0.176357	-1.95504	-0.372883	-1.57501	0.753048	-1.74655	
0.176268	-1.95338	-0.372812	-1.57638	0.750024	-1.74348	
0.176131	-1.95148	-0.372608	-1.57688	0.746919	-1.7425	
0.175985	-1.94941	-0.37244	-1.57749	0.743626	-1.7419	
0.175834	-1.94721	-0.37231	-1.57812	0.740218	-1.74127	
0.175681	-1.94494	-0.372227	-1.57877	0.736774	-1.74062	
0.175527	-1.94263	-0.372193	-1.57941	0.733357	-1.73996	
0.175376	-1.94031	-0.372211	-1.58006	0.730014	-1.73931	
0.175229	-1.938	-0.372279	-1.58069	0.72678	-1.73867	
0.175088	-1.93574	-0.372395	-1.5813	0.723682	-1.73805	
0.174952	-1.93353	-0.372555	-1.58189	0.720739	-1.73745	
0.174823	-1.93139	-0.372755	-1.58245	0.717963	-1.73688	
0.174702	-1.92933	-0.37299	-1.58298	0.715361	-1.73633	
0.174588	-1.92735	-0.373256	-1.58349	0.712938	-1.73581	
