0	0	0	0	0	0	
0	0	0	0	0	0	
0	0	0	0	0	0	
0	0	0	0	0	0	
0	0	0	0	0	0	
0	0	0	0	0	0	
0	0	0	0	0	0	
0	0	0	0	0	0	
0	0	0	0	0	0	
0	0	0	0	0	0	
0	0	0	0	0	0	
0	0	0	0	0	0	
0	0	0	0	0	0	
0	0	0	0	0	0	
0	0	0	0	0	0	
0	0	0	0	0	0	
0	0	0	0	0	0	
0	0	0	0	0	0	
0	0	0	0	0	0	
0	0	0	0	0	0	
0	0	0	0	0	0	
0	0	0	0	0	0	
0	0	0	0	0	0	
0	0	0	0	0	0	
0	0	0	0	0	0	
0	0	0	0	0	0	
0	0	0	0	0	0	
0	0	0	0	0	0	
0	0	0	0	0	0	
0	0	0	0	0	0	
0	0	0	0	0	0	
0	0	0	0	0	0	
0	0	0	0	0	0	
0	0	0	0	0	0	
0	0	0	0	0	0	
0	0	0	0	0	0	
0	0	0	0	0	0	
0	0	0	0	0	0	
0	0	0	0	0	0	
0	0	0	0	0	0	
0	0	0	0	0	0	
0	0	0	0	0	0	
0	0	0	0	0	0	
0	0	0	0	0	0	
0	0	0	0	0	0	
0	0	0	0	0	0	
0	0	0	0	0	0	
0	0	0	0	0	0	
0	0	0	0	0	0	
0	0	0	0	0	0	
0	0	0	0	0	0	
0	0	0	0	0	0	
0	0	0	0	0	0	
0	0	0	0	0	0	
0	0	0	0	0	0	
0	0	0	0	0	0	
0	0	0	0	0	0	
0	0	0	0	0	0	
0	0	0	0	0	0	
0	0	0	0	0	0	
0	0	0	0	0	0	
0	0	0	0	0	0	
0	0	0	0	0	0	
0	0	0	0	0	0	
0	0	0	0	0	0	
0	0	0	0	0	0	
0	0	0	0	0	0	
0	0	0	0	0	0	
0	0	0	0	0	0	
0	0	0	0	0	0	
0	0	0	0	0	0	
0	0	0	0	0	0	
0	0	0	0	0	0	
0	0	0	0	0	0	
0	0	0	0	0	0	
0	0	0	0	0	0	
0	0	0	0	0	0	
0	0	0	0	0	0	
0	0	0	0	0	0	
0	0	0	0	0	0	
0	0	0	0	0	0	
0	0	0	0	0	0	
0	0	0	0	0	0	
0	0	0	0	0	0	
0	0	0	0	0	0	
0	0	0	0	0	0	
0	0	0	0	0	0	
0	0	0	0	0	0	
0	0	0	0	0	0	
0	0	0	0	0	0	
0	0	0	0	0	0	
0	0	0	0	0	0	
0	0	0	0	0	0	
0	0	0	0	0	0	
0	0	0	0	0	0	
0	0	0	0	0	0	
0	0	0	0	0	0	
0	0	0	0	0	0	
0	0	0	0	0	0	
0	0	0	0	0	0	
0	0	0	0	0	0	
0	0	0	0	0	0	
0	0	0	0	0	0	
0	0	0	0	0	0	
0	0	0	0	0	0	
0	0	0	0	0	0	
0	0	0	0	0	0	
0	0	0	0	0	0	
0	0	0	0	0	0	
0	0	0	0	0	0	
0	0	0	0	0	0	
0	0	0	0	0	0	
0	0	0	0	0	0	
0	0	0	0	0	0	
0	0	0	0	0	0	
0	0	0	0	0	0	
0	0	0	0	0	0	
0	0	0	0	0	0	
0	0	0	0	0	0	
0	0	0	0	0	0	
0	0	0	0	0	0	
0	0	0	0	0	0	
0	0	0	0	0	0	
0	0	0	0	0	0	
0	0	0	0	0	0	
0	0	0	0	0	0	
0	0	0	0	0	0	
0	0	0	0	0	0	
0	0	0	0	0	0	
0	0	0	0	0	0	
0	0	0	0	0	0	
0	0	0	0	0	0	
0	0	0	0	0	0	
0	0	0	0	0	0	
0	0	0	0	0	0	
0	0	0	0	0	0	
0	0	0	0	0	0	
0	0	0	0	0	0	
0	0	0	0	0	0	
0	0	0	0	0	0	
0	0	0	0	0	0	
0	0	0	0	0	0	
0	0	0	0	0	0	
0	0	0	0	0	0	
0	0	0	0	0	0	
0	0	0	0	0	0	
0	0	0	0	0	0	
0	0	0	0	0	0	
0	0	0	0	0	0	
0	0	0	0	0	0	
0	0	0	0	0	0	
0	0	0	0	0	0	
0	0	0	0	0	0	
0	0	0	0	0	0	
0	0	0	0	0	0	
0	0	0	0	0	0	
0	0	0	0	0	0	
0	0	0	0	0	0	
0	0	0	0	0	0	
0	0	0	0	0	0	
0	0	0	0	0	0	
0	0	0	0	0	0	
0	0	0	0	0	0	
0	0	0	0	0	0	
0	0	0	0	0	0	
0	0	0	0	0	0	
0	0	0	0	0	0	
0	0	0	0	0	0	
0	0	0	0	0	0	
0	0	0	0	0	0	
0	0	0	0	0	0	
0	0	0	0	0	0	
0	0	0	0	0	0	
0	0	0	0	0	0	
0	0	0	0	0	0	
0	0	0	0	0	0	
0	0	0	0	0	0	
0	0	0	0	0	0	
0	0	0	0	0	0	
0	0	0	0	0	0	
0	0	0	0	0	0	
0	0	0	0	0	0	
0	0	0	0	0	0	
0	0	0	0	0	0	
0	0	0	0	0	0	
0	0	0	0	0	0	
0	0	0	0	0	0	
0	0	0	0	0	0	
0	0	0	0	0	0	
0	0	0	0	0	0	
0	0	0	0	0	0	
0	0	0	0	0	0	
0	0	0	0	0	0	
0	0	0	0	0	0	
0	0	0	0	0	0	
0	0	0	0	0	0	
0	0	0	0	0	0	
0	0	0	0	0	0	
0	0	0	0	0	0	
0	0	0	0	0	0	
0	0	0	0	0	0	
0	0	0	0	0	0	
0	0	0	0	0	0	
0	0	0	0	0	0	
0	0	0	0	0	0	
0	0	0	0	0	0	
0	0	0	0	0	0	
0	0	0	0	0	0	
0	0	0	0	0	0	
0	0	0	0	0	0	
0	0	0	0	0	0	
0	0	0	0	0	0	
0	0	0	0	0	0	
0	0	0	0	0	0	
0	0	0	0	0	0	
0	0	0	0	0	0	
0	0	0	0	0	0	
0	0	0	0	0	0	
0	0	0	0	0	0	
0	0	0	0	0	0	
0	0	0	0	0	0	
0	0	0	0	0	0	
0	0	0	0	0	0	
0	0	0	0	0	0	
0	0	0	0	0	0	
0	0	0	0	0	0	
0	0	0	0	0	0	
0	0	0	0	0	0	
0	0	0	0	0	0	
0	0	0	0	0	0	
0	0	0	0	0	0	
0	0	0	0	0	0	
0	0	0	0	0	0	
0	0	0	0	0	0	
0	0	0	0	0	0	
0	0	0	0	0	0	
0	0	0	0	0	0	
0	0	0	0	0	0	
0	0	0	0	0	0	
0	0	0	0	0	0	
0	0	0	0	0	0	
0	0	0	0	0	0	
0	0	0	0	0	0	
0	0	0	0	0	0	
0	0	0	0	0	0	
0	0	0	0	0	0	
0	0	0	0	0	0	
0	0	0	0	0	0	
0	0	0	0	0	0	
0	0	0	0	0	0	
0	0	0	0	0	0	
0	0	0	0	0	0	
0	0	0	0	0	0	
0	0	0	0	0	0	
0	0	0	0	0	0	
0	0	0	0	0	0	
0	0	0	0	0	0	
0	0	0	0	0	0	
0	0	0	0	0	0	
0	0	0	0	0	0	
0	0	0	0	0	0	
0	0	0	0	0	0	
0	0	0	0	0	0	
0	0	0	0	0	0	
0	0	0	0	0	0	
0	0	0	0	0	0	
0	0	0	0	0	0	
0	0	0	0	0	0	
0	0	0	0	0	0	
0	0	0	0	0	0	
0	0	0	0	0	0	
0	0	0	0	0	0	
0	0	0	0	0	0	
0	0	0	0	0	0	
0	0	0	0	0	0	
0	0	0	0	0	0	
0	0	0	0	0	0	
0	0	0	0	0	0	
0	0	0	0	0	0	
0	0	0	0	0	0	
0	0	0	0	0	0	
0	0	0	0	0	0	
0	0	0	0	0	0	
0	0	0	0	0	0	
0	0	0	0	0	0	
0	0	0	0	0	0	
0	0	0	0	0	0	
0	0	0	0	0	0	
0	0	0	0	0	0	
0	0	0	0	0	0	
0	0	0	0	0	0	
0	0	0	0	0	0	
0	0	0	0	0	0	
0	0	0	0	0	0	
0	0	0	0	0	0	
0	0	0	0	0	0	
0	0	0	0	0	0	
0	0	0	0	0	0	
0	0	0	0	0	0	
0	0	0	0	0	0	
0	0	0	0	0	0	
0	0	0	0	0	0	
0	0	0	0	0	0	
0	0	0	0	0	0	
0	0	0	0	0	0	
0	0	0	0	0	0	
0	0	0	0	0	0	
0	0	0	0	0	0	
0	0	0	0	0	0	
0	0	0	0	0	0	
0	0	0	0	0	0	
0	0	0	0	0	0	
0	0	0	0	0	0	
0	0	0	0	0	0	
0	0	0	0	0	0	
0	0	0	0	0	0	
0	0	0	0	0	0	
0	0	0	0	0	0	
0	0	0	0	0	0	
0	0	0	0	0	0	
0	0	0	0	0	0	
0	0	0	0	0	0	
0	0	0	0	0	0	
0	0	0	0	0	0	
0	0	0	0	0	0	
0	0	0	0	0	0	
0	0	0	0	0	0	
0	0	0	0	0	0	
0	0	0	0	0	0	
0	0	0	0	0	0	
0	0	0	0	0	0	
0	0	0	0	0	0	
0	0	0	0	0	0	
0	0	0	0	0	0	
0	0	0	0	0	0	
0	0	0	0	0	0	
0	0	0	0	0	0	
0	0	0	0	0	0	
0	0	0	0	0	0	
0	0	0	0	0	0	
0	0	0	0	0	0	
0	0	0	0	0	0	
0	0	0	0	0	0	
0	0	0	0	0	0	
0	0	0	0	0	0	
0	0	0	0	0	0	
0	0	0	0	0	0	
0	0	0	0	0	0	
0	0	0	0	0	0	
0	0	0	0	0	0	
0	0	0	0	0	0	
0	0	0	0	0	0	
0	0	0	0	0	0	
1.08735	0.978613	0.160957	-1.9894	-4.94322	43.4939	
0.987631	0.888868	0.14378	-1.73996	-4.45695	39.5052	
0.8973	0.80757	0.128249	-1.51485	-4.01677	35.892	
0.815467	0.733921	0.114207	-1.31182	-3.61829	32.6187	
0.741332	0.667199	0.101515	-1.1288	-3.25755	29.6533	
0.674169	0.606752	0.0900449	-0.963919	-2.93097	26.9667	
0.613319	0.551987	0.0796816	-0.815478	-2.63532	24.5328	
0.558188	0.502369	0.0703206	-0.68193	-2.36766	22.3275	
0.508169	0.457352	0.0618518	-0.561664	-2.1249	20.3268	
0.462924	0.416631	0.0542226	-0.453858	-1.90561	18.5169	
0.421929	0.379736	0.0473375	-0.357113	-1.7071	16.8771	
0.384783	0.346305	0.041126	-0.270377	-1.5274	15.3913	
0.351125	0.316013	0.0355242	-0.192701	-1.36474	14.045	
0.320627	0.288564	0.0304746	-0.123221	-1.21751	12.8251	
0.29298	0.263682	0.0259221	-0.0611198	-1.08418	11.7192	
0.267935	0.241141	0.021824	-0.00575165	-0.963567	10.7174	
0.24525	0.220725	0.018138	0.0435197	-0.854489	9.81	
0.224698	0.202228	0.0148234	0.0873001	-0.755819	8.98791	
0.206063	0.185457	0.0118419	0.126162	-0.666484	8.24253	
0.189177	0.170259	0.00916387	0.160549	-0.585671	7.56707	
0.173893	0.156504	0.00676497	0.190836	-0.512706	6.95573	
0.160022	0.14402	0.0046095	0.217545	-0.446583	6.40088	
0.147452	0.132706	0.00267896	0.240959	-0.386798	5.89806	
0.13606	0.122454	0.000951882	0.261402	-0.332753	5.44239	
0.125736	0.113162	-0.000591218	0.279166	-0.283908	5.02944	
0.11638	0.104742	-0.00196797	0.294515	-0.239773	4.65521	
0.107901	0.0971111	-0.00319434	0.307688	-0.199905	4.31605	
0.100208	0.0901872	-0.00428679	0.318929	-0.163842	4.00832	
0.0932455	0.083921	-0.00525407	0.328376	-0.131348	3.72982	
0.0869352	0.0782417	-0.00611045	0.33624	-0.102024	3.47741	
0.0812158	0.0730942	-0.00686668	0.34268	-0.0755696	3.24863	
0.076032	0.0684288	-0.00753247	0.347842	-0.0517146	3.04128	
0.0713318	0.0641986	-0.00811705	0.351864	-0.030202	2.85327	
0.0670728	0.0603655	-0.00862762	0.354853	-0.0108316	2.68291	
0.063213	0.0568917	-0.00907164	0.356922	0.00660415	2.52852	
0.0597159	0.0537443	-0.0094554	0.358163	0.022281	2.38864	
0.056544	0.0508896	-0.00978565	0.358677	0.0363883	2.26176	
0.0536686	0.0483017	-0.0100673	0.358536	0.0490625	2.14674	
0.0510642	0.0459578	-0.0103047	0.357805	0.0604238	2.04257	
0.0487006	0.0438305	-0.0105033	0.356566	0.070629	1.94802	
0.0465577	0.0419019	-0.0106665	0.354867	0.0797705	1.86231	
0.0446198	0.0401579	-0.0107969	0.352749	0.0879195	1.78479	
0.0428571	0.0385714	-0.0109	0.350289	0.0952341	1.71429	
0.0412589	0.037133	-0.0109774	0.347514	0.101759	1.65036	
0.0398097	0.0358287	-0.0110319	0.344463	0.107571	1.59239	
0.0384956	0.034646	-0.0110658	0.341171	0.112736	1.53982	
0.0373039	0.0335735	-0.0110813	0.337669	0.117316	1.49215	
0.0362231	0.0326008	-0.0110804	0.333986	0.121369	1.44892	
0.0352428	0.0317185	-0.0110649	0.330148	0.124944	1.40971	
0.0343536	0.0309182	-0.0110364	0.326179	0.128087	1.37414	
0.033547	0.0301923	-0.0109963	0.322098	0.130839	1.34188	
0.0328151	0.0295336	-0.010946	0.317925	0.133239	1.31261	
0.0321511	0.028936	-0.0108866	0.313677	0.13532	1.28605	
0.0315486	0.0283937	-0.0108193	0.309369	0.137114	1.26194	
0.0310017	0.0279015	-0.0107449	0.305014	0.138648	1.24007	
0.0305053	0.0274547	-0.0106644	0.300624	0.139948	1.22021	
0.0300546	0.0270491	-0.0105786	0.296211	0.141036	1.20218	
0.0296454	0.0266809	-0.0104881	0.291783	0.141934	1.18582	
0.0292738	0.0263464	-0.0103936	0.287351	0.14266	1.17095	
0.0289362	0.0260426	-0.0102957	0.28292	0.143231	1.15745	
0.0286296	0.0257666	-0.0101949	0.2785	0.143662	1.14518	
0.0283509	0.0255158	-0.0100916	0.274094	0.143968	1.13404	
0.0280984	0.0252886	-0.00998747	0.269719	0.1442	1.12394	
0.0278659	0.0250793	-0.00988089	0.265364	0.144302	1.11464	
0.0276563	0.0248907	-0.00977267	0.261034	0.144303	1.10625	
0.0274656	0.0247191	-0.00966344	0.256738	0.144222	1.09863	
0.0272922	0.0245629	-0.00955348	0.252478	0.144068	1.09169	
0.0271343	0.0244208	-0.00944303	0.248258	0.143847	1.08537	
0.0269905	0.0242914	-0.0093323	0.24408	0.143569	1.07962	
0.0268595	0.0241736	-0.0092215	0.239947	0.143237	1.07438	
0.0267402	0.0240662	-0.0091108	0.235859	0.142859	1.06961	
0.0266314	0.0239682	-0.00900035	0.231818	0.14244	1.06525	
0.0265321	0.0238789	-0.00889029	0.227827	0.141983	1.06128	
0.0264415	0.0237973	-0.00878074	0.223885	0.141494	1.05766	
0.0263587	0.0237229	-0.00867181	0.219994	0.140976	1.05435	
0.0262831	0.0236548	-0.00856359	0.216155	0.140432	1.05132	
0.0262139	0.0235926	-0.00845616	0.212367	0.139866	1.04856	
0.0261507	0.0235356	-0.00834961	0.208632	0.13928	1.04603	
0.0260927	0.0234834	-0.00824398	0.20495	0.138677	1.04371	
0.0260396	0.0234356	-0.00813934	0.20132	0.13806	1.04158	
0.0259908	0.0233918	-0.00803574	0.197743	0.13743	1.03963	
0.0259461	0.0233515	-0.00793321	0.194219	0.136788	1.03784	
0.025905	0.0233145	-0.00783179	0.190747	0.136138	1.0362	
0.0258671	0.0232804	-0.00773151	0.187328	0.13548	1.03468	
0.0258323	0.023249	-0.00763239	0.183962	0.134815	1.03329	
0.0173525	0.0244027	-0.0070265	0.20335	0.167684	1.08455	
0.0172696	0.0242861	-0.00696014	0.200101	0.167045	1.07937	
0.0171938	0.0241795	-0.0068934	0.196872	0.166375	1.07463	
0.0171244	0.0240819	-0.00682639	0.193666	0.165677	1.07029	
0.0170609	0.0239926	-0.00675926	0.190486	0.164955	1.06632	
0.0170026	0.0239107	-0.00669211	0.187333	0.164212	1.06268	
0.0169492	0.0238355	-0.00662504	0.184211	0.163451	1.05934	
0.0169002	0.0237666	-0.00655813	0.181122	0.162674	1.05628	
0.0168552	0.0237033	-0.00649146	0.178066	0.161884	1.05346	
0.0168137	0.023645	-0.00642511	0.175046	0.161083	1.05088	
0.0167756	0.0235914	-0.00635913	0.172062	0.160273	1.04849	
0.0167405	0.0235421	-0.00629358	0.169116	0.159454	1.0463	
0.0167082	0.0234966	-0.0062285	0.166208	0.158629	1.04428	
0.0166783	0.0234545	-0.00616394	0.16334	0.1578	1.04241	
0.0166507	0.0234157	-0.00609992	0.160511	0.156967	1.04069	
0.0166252	0.0233798	-0.0060365	0.157722	0.156131	1.03909	
0.0166015	0.0233465	-0.00597368	0.154973	0.155293	1.03761	
0.0165796	0.0233157	-0.00591149	0.152265	0.154455	1.03624	
0.0165592	0.023287	-0.00584995	0.149598	0.153617	1.03497	
0.0165403	0.0232604	-0.00578908	0.146971	0.15278	1.03378	
0.0165226	0.0232356	-0.00572889	0.144385	0.151944	1.03268	
0.0165062	0.0232124	-0.0056694	0.141839	0.15111	1.03165	
0.0164908	0.0231908	-0.0056106	0.139334	0.150278	1.03069	
0.0164764	0.0231706	-0.00555251	0.136869	0.149449	1.02979	
0.016463	0.0231517	-0.00549513	0.134443	0.148624	1.02895	
0.0164504	0.0231339	-0.00543847	0.132057	0.147802	1.02816	
0.0164385	0.0231172	-0.00538252	0.129711	0.146984	1.02742	
0.0164273	0.0231015	-0.00532729	0.127403	0.146171	1.02672	
0.0164168	0.0230867	-0.00527277	0.125134	0.145361	1.02607	
0.0164069	0.0230727	-0.00521896	0.122903	0.144557	1.02545	
0.0163975	0.0230595	-0.00516587	0.120709	0.143757	1.02486	
0.0163886	0.023047	-0.00511348	0.118553	0.142962	1.0243	
0.0163801	0.0230351	-0.00506179	0.116433	0.142172	1.02377	
0.0163721	0.0230238	-0.0050108	0.11435	0.141387	1.02327	
0.0163645	0.0230131	-0.0049605	0.112302	0.140607	1.02279	
0.0163572	0.0230028	-0.00491089	0.11029	0.139833	1.02234	
0.0163502	0.0229931	-0.00486195	0.108312	0.139064	1.0219	
0.0163436	0.0229837	-0.00481368	0.106369	0.138301	1.02149	
0.0163372	0.0229748	-0.00476607	0.104459	0.137543	1.02109	
0.0163311	0.0229662	-0.00471913	0.102583	0.136791	1.02071	
0.0163253	0.0229579	-0.00467283	0.10074	0.136044	1.02034	
0.0163196	0.02295	-0.00462716	0.0989286	0.135302	1.01999	
0.0163142	0.0229424	-0.00458213	0.0971492	0.134567	1.01965	
0.016309	0.022935	-0.00453773	0.0954011	0.133836	1.01933	
0.0163039	0.0229279	-0.00449394	0.0936836	0.133111	1.01901	
0.0162991	0.0229211	-0.00445075	0.0919965	0.132392	1.01871	
0.0162944	0.0229144	-0.00440817	0.0903391	0.131677	1.01841	
0.0162898	0.022908	-0.00436617	0.0887109	0.130969	1.01813	
0.0162854	0.0229018	-0.00432475	0.0871116	0.130265	1.01785	
0.0162811	0.0228958	-0.00428391	0.0855405	0.129567	1.01758	
0.0162769	0.0228899	-0.00424363	0.0839972	0.128874	1.01732	
0.0162729	0.0228842	-0.00420391	0.0824813	0.128187	1.01707	
0.0162689	0.0228787	-0.00416473	0.0809923	0.127505	1.01682	
0.0162651	0.0228733	-0.00412609	0.0795297	0.126827	1.01658	
0.0162614	0.022868	-0.00408798	0.0780931	0.126155	1.01635	
0.0162577	0.0228629	-0.00405039	0.076682	0.125488	1.01612	
0.0162542	0.0228579	-0.00401332	0.0752959	0.124826	1.0159	
0.0162507	0.022853	-0.00397675	0.0739345	0.124169	1.01569	
0.0162474	0.0228483	-0.00394068	0.0725973	0.123517	1.01547	
0.0162441	0.0228436	-0.0039051	0.0712839	0.122869	1.01527	
0.0162408	0.0228391	-0.00387	0.0699938	0.122226	1.01507	
0.0162377	0.0228347	-0.00383537	0.0687267	0.121589	1.01487	
0.0162346	0.0228303	-0.00380121	0.0674822	0.120955	1.01468	
0.0136778	0.0192354	-0.00897454	0.264681	0.210651	0.854887	
0.0124428	0.0174989	-0.0111597	0.312393	0.273843	0.777703	
0.0121708	0.0171165	-0.0117303	0.305603	0.304028	0.760708	
0.0123545	0.0173739	-0.011907	0.310188	0.308611	0.772149	
0.0125293	0.0176179	-0.0120748	0.314534	0.312956	0.782994	
0.0126965	0.0178502	-0.0122349	0.31867	0.317092	0.793316	
0.0128552	0.0180695	-0.0123864	0.322573	0.320998	0.803061	
0.0130066	0.0182772	-0.0125303	0.326271	0.3247	0.812295	
0.0131509	0.0184741	-0.012667	0.329773	0.328208	0.821043	
-0.021706	-0.0116952	0.0133793	0.347792	0.347771	0.86824	
-0.0218441	-0.0117752	0.0134669	0.350019	0.349979	0.873764	
-0.0219757	-0.0118526	0.0135509	0.352141	0.352082	0.879029	
-0.0221011	-0.0119273	0.0136314	0.354165	0.354086	0.884045	
-0.0222207	-0.0119996	0.0137085	0.356095	0.355995	0.888826	
-0.0223345	-0.0120696	0.0137825	0.357935	0.357814	0.893382	
-0.0224431	-0.0121375	0.0138534	0.359688	0.359547	0.897723	
-0.0225465	-0.0122033	0.0139215	0.361361	0.361197	0.901859	
-0.022645	-0.0122672	0.0139868	0.362955	0.36277	0.9058	
-0.0227389	-0.0123293	0.0140496	0.364475	0.364268	0.909556	
-0.0228284	-0.0123897	0.01411	0.365924	0.365695	0.913134	
-0.0229136	-0.0124485	0.014168	0.367305	0.367054	0.916543	
-0.0229948	-0.0125058	0.0142237	0.368622	0.368349	0.919791	
-0.0230722	-0.0125616	0.0142774	0.369878	0.369582	0.922886	
-0.0231459	-0.0126161	0.0143291	0.371075	0.370756	0.925835	
-0.0232161	-0.0126694	0.0143789	0.372216	0.371875	0.928644	
-0.023283	-0.0127215	0.0144269	0.373305	0.37294	0.93132	
-0.0233467	-0.0127725	0.0144731	0.374342	0.373954	0.933869	
-0.0234075	-0.0128224	0.0145178	0.375332	0.37492	0.936298	
-0.0234653	-0.0128714	0.0145609	0.376275	0.37584	0.938612	
-0.0235204	-0.0129194	0.0146025	0.377175	0.376716	0.940816	
-0.0235729	-0.0129666	0.0146428	0.378033	0.37755	0.942916	
-0.0236229	-0.013013	0.0146817	0.378851	0.378345	0.944917	
-0.0236706	-0.0130586	0.0147194	0.379631	0.379101	0.946822	
-0.0237159	-0.0131035	0.0147558	0.380375	0.379821	0.948638	
-0.0237592	-0.0131478	0.0147912	0.381085	0.380506	0.950367	
-0.0238004	-0.0131914	0.0148255	0.381762	0.381159	0.952015	
-0.0238396	-0.0132345	0.0148588	0.382407	0.38178	0.953584	
-0.023877	-0.013277	0.0148911	0.383023	0.382372	0.955079	
-0.0239126	-0.013319	0.0149225	0.38361	0.382935	0.956503	
-0.0239465	-0.0133605	0.014953	0.384171	0.383471	0.957859	
-0.0239788	-0.0134016	0.0149827	0.384706	0.383981	0.959152	
-0.0240096	-0.0134422	0.0150117	0.385216	0.384467	0.960383	
-0.0240389	-0.0134825	0.0150399	0.385703	0.384929	0.961556	
-0.0240668	-0.0135224	0.0150674	0.386168	0.385369	0.962673	
-0.0240934	-0.013562	0.0150942	0.386611	0.385788	0.963738	
-0.0241188	-0.0136013	0.0151204	0.387035	0.386186	0.964752	
-0.0241429	-0.0136402	0.015146	0.387439	0.386566	0.965718	
-0.024166	-0.013679	0.015171	0.387825	0.386927	0.966638	
-0.0241879	-0.0137174	0.0151955	0.388193	0.387271	0.967515	
-0.0242088	-0.0137557	0.0152195	0.388545	0.387598	0.968351	
-0.0242287	-0.0137937	0.0152431	0.388881	0.387909	0.969147	
-0.0242477	-0.0138315	0.0152661	0.389202	0.388205	0.969906	
-0.0242657	-0.0138691	0.0152887	0.389509	0.388487	0.970629	
-0.024283	-0.0139066	0.015311	0.389802	0.388755	0.971318	
-0.0242994	-0.0139439	0.0153328	0.390083	0.389011	0.971975	
-0.024315	-0.013981	0.0153542	0.39035	0.389253	0.972601	
-0.0243299	-0.0140181	0.0153753	0.390607	0.389485	0.973198	
-0.0243442	-0.014055	0.0153961	0.390851	0.389705	0.973766	
-0.0243577	-0.0140917	0.0154166	0.391086	0.389914	0.974308	
-0.0243706	-0.0141284	0.0154368	0.39131	0.390113	0.974825	
-0.024383	-0.014165	0.0154567	0.391525	0.390303	0.975318	
-0.0243947	-0.0142015	0.0154763	0.39173	0.390483	0.975788	
-0.0244059	-0.0142379	0.0154957	0.391927	0.390655	0.976237	
-0.0244166	-0.0142742	0.0155148	0.392115	0.390818	0.976664	
-0.0244268	-0.0143105	0.0155337	0.392295	0.390973	0.977072	
-0.0244365	-0.0143467	0.0155524	0.392468	0.391121	0.977461	
-0.0244458	-0.0143828	0.0155709	0.392634	0.391262	0.977833	
-0.0244547	-0.0144189	0.0155892	0.392793	0.391396	0.978187	
-0.0244631	-0.0144549	0.0156073	0.392946	0.391523	0.978525	
-0.0244712	-0.0144909	0.0156252	0.393092	0.391645	0.978848	
-0.0244789	-0.0145268	0.015643	0.393232	0.39176	0.979157	
-0.0244863	-0.0145627	0.0156606	0.393367	0.39187	0.979451	
-0.0244933	-0.0145986	0.0156781	0.393497	0.391974	0.979733	
-0.0245	-0.0146344	0.0156954	0.393622	0.392074	0.980001	
-0.0245065	-0.0146702	0.0157126	0.393741	0.392169	0.980258	
-0.0245126	-0.014706	0.0157297	0.393857	0.392259	0.980504	
-0.0245185	-0.0147417	0.0157466	0.393967	0.392345	0.980738	
-0.0245241	-0.0147774	0.0157634	0.394074	0.392426	0.980963	
-0.0245294	-0.0148131	0.0157802	0.394177	0.392504	0.981178	
-0.0245346	-0.0148488	0.0157968	0.394276	0.392578	0.981383	
-0.0245395	-0.0148844	0.0158133	0.394372	0.392649	0.98158	
-0.0245442	-0.01492	0.0158297	0.394464	0.392716	0.981768	
-0.0245487	-0.0149556	0.0158461	0.394553	0.39278	0.981949	
-0.024553	-0.0149911	0.0158623	0.394639	0.392841	0.982122	
-0.0245572	-0.0150267	0.0158785	0.394722	0.392899	0.982287	
-0.0245612	-0.0150622	0.0158946	0.394802	0.392954	0.982446	
-0.024565	-0.0150976	0.0159106	0.39488	0.393007	0.982599	
-0.0245686	-0.0151331	0.0159265	0.394955	0.393057	0.982745	
-0.0245721	-0.0151685	0.0159424	0.395028	0.393105	0.982885	
-0.0245755	-0.0152039	0.0159582	0.395099	0.393151	0.98302	
-0.0245787	-0.0152393	0.0159739	0.395167	0.393194	0.98315	
-0.0245819	-0.0152747	0.0159896	0.395234	0.393236	0.983274	
-0.0245849	-0.01531	0.0160052	0.395298	0.393275	0.983394	
-0.0245877	-0.0153453	0.0160207	0.395361	0.393313	0.983509	
-0.0245905	-0.0153805	0.0160362	0.395422	0.393349	0.98362	
-0.0247059	-0.0154868	0.0161253	0.397292	0.395188	0.988236	
-0.0247033	-0.0155188	0.0161374	0.397265	0.395137	0.98813	
-0.0247008	-0.015551	0.0161495	0.397242	0.395088	0.98803	
-0.0246984	-0.0155832	0.0161617	0.39722	0.395042	0.987935	
-0.0246962	-0.0156156	0.016174	0.397201	0.394998	0.987847	
-0.0246941	-0.015648	0.0161864	0.397183	0.394956	0.987763	
-0.0246921	-0.0156805	0.0161989	0.397168	0.394916	0.987684	
-0.0246903	-0.0157131	0.0162115	0.397155	0.394878	0.98761	
-0.0246886	-0.0157457	0.0162241	0.397143	0.394841	0.987541	
-0.0246869	-0.0157784	0.0162368	0.397133	0.394807	0.987476	
-0.0246854	-0.0158111	0.0162495	0.397125	0.394774	0.987415	
-0.024684	-0.0158439	0.0162623	0.397118	0.394743	0.987358	
-0.0246827	-0.0158768	0.0162752	0.397113	0.394713	0.987305	
-0.0246814	-0.0159096	0.0162881	0.397109	0.394684	0.987255	
-0.0246803	-0.0159425	0.016301	0.397107	0.394657	0.98721	
-0.0246792	-0.0159754	0.016314	0.397106	0.394632	0.987167	
-0.0246782	-0.0160084	0.0163271	0.397106	0.394607	0.987128	
-0.0246773	-0.0160413	0.0163401	0.397107	0.394584	0.987091	
-0.0246765	-0.0160743	0.0163532	0.39711	0.394562	0.987058	
-0.0246757	-0.0161072	0.0163663	0.397114	0.394541	0.987027	
-0.024675	-0.0161402	0.0163795	0.397118	0.394521	0.986999	
-0.0246744	-0.0161732	0.0163927	0.397124	0.394502	0.986974	
-0.0246738	-0.0162061	0.0164059	0.397131	0.394484	0.986951	
-0.0246733	-0.016239	0.0164191	0.397138	0.394467	0.98693	
-0.0246728	-0.016272	0.0164323	0.397147	0.394451	0.986912	
-0.0246724	-0.0163049	0.0164455	0.397156	0.394436	0.986895	
-0.0246721	-0.0163377	0.0164588	0.397166	0.394421	0.986881	
-0.0246717	-0.0163706	0.016472	0.397177	0.394408	0.986868	
-0.0246715	-0.0164034	0.0164853	0.397188	0.394395	0.986858	
-0.0246713	-0.0164362	0.0164986	0.3972	0.394382	0.986849	
-0.0246711	-0.0164689	0.0165118	0.397213	0.394371	0.986842	
-0.0246709	-0.0165017	0.0165251	0.397227	0.39436	0.986836	
-0.0246708	-0.0165343	0.0165383	0.397241	0.394349	0.986832	
-0.0246708	-0.0165669	0.0165516	0.397255	0.394339	0.98683	
-0.0246708	-0.0165995	0.0165648	0.39727	0.39433	0.986829	
-0.0246708	-0.016632	0.0165781	0.397286	0.394321	0.986829	
-0.0246708	-0.0166645	0.0165913	0.397302	0.394313	0.98683	
-0.0246709	-0.0166969	0.0166045	0.397319	0.394305	0.986833	
-0.024671	-0.0167292	0.0166177	0.397336	0.394298	0.986837	
-0.0246711	-0.0167615	0.0166309	0.397353	0.394291	0.986841	
-0.0246712	-0.0167937	0.016644	0.397371	0.394284	0.986847	
-0.0246714	-0.0168258	0.0166572	0.397389	0.394278	0.986854	
-0.0246716	-0.0168579	0.0166703	0.397408	0.394272	0.986862	
-0.0246718	-0.0168899	0.0166834	0.397426	0.394267	0.986871	
-0.024672	-0.0169218	0.0166965	0.397446	0.394262	0.98688	
-0.0246723	-0.0169536	0.0167095	0.397465	0.394257	0.98689	
-0.0246726	-0.0169854	0.0167225	0.397485	0.394252	0.986902	
-0.0246729	-0.0170171	0.0167355	0.397505	0.394248	0.986913	
-0.0246732	-0.0170487	0.0167485	0.397525	0.394244	0.986926	
-0.0246735	-0.0170802	0.0167614	0.397545	0.39424	0.986939	
-0.0246739	-0.0171116	0.0167744	0.397566	0.394237	0.986953	
-0.0246742	-0.0171429	0.0167872	0.397587	0.394234	0.986967	
-0.0246746	-0.0171742	0.0168001	0.397608	0.394231	0.986982	
-0.024675	-0.0172053	0.0168129	0.397629	0.394228	0.986997	
-0.0246754	-0.0172364	0.0168257	0.397651	0.394225	0.987013	
-0.0246758	-0.0172673	0.0168384	0.397672	0.394223	0.987029	
-0.0246762	-0.0172982	0.0168511	0.397694	0.39422	0.987046	
-0.0246766	-0.0173289	0.0168638	0.397716	0.394218	0.987063	
-0.0246771	-0.0173596	0.0168765	0.397738	0.394216	0.987081	
-0.0246775	-0.0173902	0.0168891	0.39776	0.394214	0.987099	
-0.024678	-0.0174206	0.0169016	0.397782	0.394212	0.987117	
-0.0246784	-0.017451	0.0169141	0.397804	0.394211	0.987136	
-0.0246789	-0.0174812	0.0169266	0.397827	0.394209	0.987155	
-0.0246794	-0.0175114	0.0169391	0.397849	0.394208	0.987174	
-0.0246799	-0.0175414	0.0169515	0.397872	0.394206	0.987193	
-0.0246803	-0.0175713	0.0169638	0.397894	0.394205	0.987213	
-0.0246808	-0.0176012	0.0169761	0.397917	0.394204	0.987233	
-0.0246813	-0.0176309	0.0169884	0.39794	0.394203	0.987253	
-0.0246819	-0.0176605	0.0170006	0.397962	0.394202	0.987273	
-0.0246824	-0.01769	0.0170128	0.397985	0.394201	0.987293	
-0.0246829	-0.0177193	0.0170249	0.398008	0.3942	0.987314	
-0.0246834	-0.0177486	0.017037	0.398031	0.394199	0.987335	
-0.0246839	-0.0177777	0.0170491	0.398054	0.394199	0.987355	
-0.0246844	-0.0178068	0.0170611	0.398077	0.394198	0.987376	
-0.024685	-0.0178357	0.017073	0.3981	0.394197	0.987398	
-0.0246855	-0.0178645	0.0170849	0.398122	0.394197	0.987419	
-0.024686	-0.0178931	0.0170968	0.398145	0.394196	0.98744	
-0.0246866	-0.0179217	0.0171086	0.398168	0.394195	0.987461	
-0.0246871	-0.0179501	0.0171203	0.398191	0.394195	0.987483	
-0.0246876	-0.0179784	0.017132	0.398214	0.394194	0.987504	
-0.0246882	-0.0180066	0.0171437	0.398237	0.394194	0.987526	
-0.0667451	-0.0540874	-0.0189267	3.17559	5.81734	2.6538	
-0.0625882	-0.0597041	-0.0193491	3.19358	5.77453	2.48752	
-0.0589876	-0.0645092	-0.0191167	3.19911	5.73196	2.34356	
-0.0557094	-0.0687988	-0.0188927	3.20191	5.68969	2.2125	
-0.0527209	-0.0726377	-0.0186743	3.20241	5.64774	2.09303	
-0.049995	-0.076075	-0.018457	3.20088	5.60612	1.98407	
-0.0475173	-0.0791003	-0.018256	3.1972	5.56474	1.88504	
-0.0452527	-0.0818238	-0.018043	3.19206	5.52373	1.79454	
-0.0432001	-0.084168	-0.017862	3.18495	5.48289	1.71252	
-0.0413245	-0.086266	-0.0176672	3.17665	5.4424	1.63759	
-0.039597	-0.088205	-0.0174468	3.16782	5.40239	1.56858	
-0.0380316	-0.0898654	-0.0172388	3.15751	5.36257	1.50605	
-0.0366083	-0.0913017	-0.0170321	3.14607	5.32302	1.44921	
-0.0353145	-0.0925336	-0.016827	3.1336	5.28372	1.39756	
-0.0341389	-0.0935793	-0.0166232	3.12021	5.24467	1.35063	
-0.0330702	-0.0944721	-0.0164029	3.10597	5.2059	1.30798	
-0.032099	-0.0951916	-0.0162104	3.09106	5.16733	1.26923	
-0.0312183	-0.095774	-0.0160094	3.07541	5.12902	1.2341	
-0.0304195	-0.0962249	-0.0158108	3.05913	5.09093	1.20226	
-0.0296975	-0.0965609	-0.0155985	3.04217	5.05309	1.17348	
-0.0292949	-0.0959793	-0.0154111	3.01729	5.01414	1.15749	
-0.0289812	-0.0951743	-0.0152132	2.99047	4.97514	1.14507	
-0.0286795	-0.0943827	-0.0150148	2.96406	4.93648	1.13313	
-0.028389	-0.0936044	-0.0148172	2.93807	4.89816	1.12163	
-0.0281091	-0.0928394	-0.0146211	2.91249	4.86015	1.11056	
-0.0278394	-0.0920872	-0.0144264	2.8873	4.82247	1.09989	
-0.0275797	-0.0913475	-0.0142331	2.86251	4.78511	1.08962	
-0.0273295	-0.09062	-0.0140412	2.8381	4.74805	1.07973	
-0.0270885	-0.0899043	-0.0138506	2.81405	4.7113	1.07022	
-0.0268565	-0.0892002	-0.0136614	2.79037	4.67486	1.06106	
-0.0266332	-0.0885072	-0.0134735	2.76704	4.63871	1.05224	
-0.0264183	-0.0878253	-0.013287	2.74404	4.60286	1.04376	
-0.0262115	-0.0871539	-0.0131017	2.72139	4.5673	1.03561	
-0.0260125	-0.086493	-0.0129177	2.69905	4.53202	1.02776	
-0.0258211	-0.0858422	-0.0127349	2.67703	4.49702	1.02022	
-0.0256371	-0.0852012	-0.0125534	2.65532	4.46231	1.01298	
-0.0254601	-0.0845699	-0.0123731	2.63391	4.42786	1.00601	
-0.02529	-0.0839479	-0.0121941	2.61279	4.39369	0.999319	
-0.0251266	-0.083335	-0.0120162	2.59196	4.35978	0.992891	
-0.0249695	-0.082731	-0.0118395	2.57141	4.32614	0.986719	
-0.0248187	-0.0821356	-0.011664	2.55113	4.29275	0.980794	
-0.0246738	-0.0815488	-0.0114896	2.53111	4.25963	0.975107	
-0.0245347	-0.0809701	-0.0113163	2.51136	4.22675	0.969651	
-0.0244013	-0.0803995	-0.0111442	2.49185	4.19413	0.964418	
-0.024273	-0.0798369	-0.0109737	2.4726	4.16175	0.959394	
-0.02415	-0.079282	-0.0108045	2.4536	4.12962	0.954578	
-0.0240281	-0.0787375	-0.0106481	2.43496	4.09772	0.9498	
-0.023919	-0.0781944	-0.0104694	2.41628	4.06607	0.94554	
-0.0238109	-0.0776612	-0.0103028	2.39796	4.03465	0.941315	
-0.0237035	-0.0771377	-0.0101485	2.37999	4.00346	0.937117	
-0.0236071	-0.0766162	-0.00997591	2.362	3.9725	0.933362	
-0.0235133	-0.0761023	-0.00980881	2.34428	3.94177	0.92971	
-0.0234188	-0.0755985	-0.00965728	2.32693	3.91126	0.926024	
-0.0233347	-0.0750964	-0.00948792	2.30956	3.88098	0.922756	
-0.0232486	-0.0746046	-0.00933657	2.29258	3.85091	0.919404	
-0.0231694	-0.0741164	-0.00917684	2.27569	3.82106	0.916329	
-0.0230966	-0.0736321	-0.0090098	2.25889	3.79143	0.913511	
-0.0230245	-0.0731556	-0.00885203	2.24237	3.762	0.910716	
-0.0229556	-0.0726847	-0.00869519	2.22602	3.73279	0.908053	
-0.02289	-0.0722192	-0.0085393	2.20985	3.70378	0.905518	
-0.0228275	-0.071759	-0.00838432	2.19386	3.67498	0.903106	
-0.022768	-0.0713041	-0.00823026	2.17803	3.64638	0.900814	
-0.0227115	-0.0708543	-0.00807711	2.16236	3.61798	0.898636	
-0.0226577	-0.0704094	-0.00792486	2.14686	3.58978	0.89657	
-0.0226066	-0.0699695	-0.00777349	2.13151	3.56178	0.89461	
-0.0225581	-0.0695343	-0.00762301	2.11632	3.53397	0.892754	
-0.0225121	-0.0691038	-0.00747339	2.10128	3.50635	0.890997	
-0.0224686	-0.0686778	-0.00732463	2.08639	3.47892	0.889337	
-0.0224274	-0.0682563	-0.00717673	2.07164	3.45168	0.887769	
-0.0223884	-0.0678392	-0.00702968	2.05704	3.42463	0.886291	
-0.0223517	-0.0674264	-0.00688346	2.04257	3.39777	0.884899	
-0.022317	-0.0670178	-0.00673807	2.02825	3.37109	0.883591	
-0.0222844	-0.0666133	-0.0065935	2.01405	3.34458	0.882362	
-0.0222538	-0.0662128	-0.00644974	1.99999	3.31826	0.881211	
-0.022225	-0.0658163	-0.00630679	1.98606	3.29212	0.880135	
-0.022198	-0.0654237	-0.00616464	1.97226	3.26615	0.879131	
-0.0221728	-0.0650348	-0.00602328	1.95858	3.24036	0.878196	
-0.0221493	-0.0646497	-0.0058827	1.94503	3.21474	0.877328	
-0.022204	-0.0640355	-0.00574876	1.92955	3.18889	0.879591	
-0.0223373	-0.0631447	-0.00560832	1.91139	3.16269	0.885003	
-0.0224598	-0.0622747	-0.00546782	1.89342	3.13665	0.889985	
-0.0225725	-0.0614239	-0.00532803	1.87562	3.11078	0.894571	
-0.0226761	-0.0605908	-0.00518895	1.858	3.08506	0.898795	
-0.0227715	-0.0597743	-0.00505058	1.84055	3.05951	0.902689	
-0.0228594	-0.058973	-0.00491292	1.82326	3.03412	0.906284	
-0.0229401	-0.0581858	-0.00477864	1.80615	3.00889	0.909591	
-0.0230156	-0.0574111	-0.00464093	1.78914	2.98382	0.912687	
-0.0230831	-0.0566539	-0.00450948	1.77239	2.95891	0.915464	
-0.0231488	-0.0559002	-0.00437209	1.75562	2.93415	0.918166	
-0.0232032	-0.0551763	-0.00424523	1.73928	2.90958	0.920418	
-0.023262	-0.054436	-0.00410723	1.72268	2.88511	0.922848	
-0.0233097	-0.0537281	-0.00397902	1.70653	2.86084	0.924829	
-0.023357	-0.0530185	-0.00384891	1.69037	2.83671	0.926793	
-0.0234015	-0.0523171	-0.00371741	1.67431	2.81273	0.928646	
-0.0234429	-0.0516239	-0.00358658	1.65837	2.7889	0.930378	
-0.0234816	-0.0509386	-0.00345643	1.64255	2.76522	0.931998	
-0.0235178	-0.0502607	-0.00332696	1.62684	2.74169	0.933518	
-0.0235517	-0.0495899	-0.00319814	1.61125	2.71832	0.934945	
-0.0235835	-0.0489259	-0.00307	1.59576	2.69509	0.936287	
-0.0236133	-0.0482685	-0.00294251	1.58039	2.67201	0.937551	
-0.0236415	-0.0476168	-0.00281588	1.56512	2.64907	0.938749	
-0.0236665	-0.0469749	-0.00269364	1.55003	2.62629	0.939817	
-0.0236963	-0.0463216	-0.00256067	1.53476	2.60363	0.94108	
-0.0237167	-0.0456977	-0.00244018	1.51995	2.58115	0.941964	
-0.0237377	-0.0450728	-0.0023189	1.50516	2.5588	0.942873	
-0.0237605	-0.0444456	-0.00219278	1.49034	2.53659	0.943851	
-0.0237788	-0.043832	-0.00207416	1.47577	2.51453	0.944652	
-0.023803	-0.0432045	-0.00194401	1.461	2.49258	0.94569	
-0.0238163	-0.0426101	-0.00183146	1.44677	2.47082	0.946287	
-0.0238341	-0.0420058	-0.00171075	1.4324	2.44917	0.947062	
-0.023851	-0.0414066	-0.00159023	1.41813	2.42767	0.947806	
-0.0238721	-0.0407997	-0.0014597	1.40373	2.40628	0.948716	
-0.0238877	-0.0402101	-0.00133853	1.38963	2.38505	0.949405	
-0.0239022	-0.0396253	-0.00121986	1.37565	2.36396	0.95005	
-0.0239162	-0.0390445	-0.00110186	1.36176	2.343	0.950675	
-0.0239268	-0.0384772	-0.000987774	1.34809	2.3222	0.951163	
-0.0239439	-0.0378937	-0.000863119	1.33419	2.30149	0.951911	
-0.0239562	-0.0373266	-0.000746024	1.32058	2.28094	0.952466	
-0.0239682	-0.0367628	-0.000630432	1.30705	2.26052	0.953006	
-0.0239797	-0.036203	-0.000515426	1.29362	2.24023	0.95353	
-0.023991	-0.0356471	-0.000401003	1.28027	2.22008	0.954041	
-0.0240019	-0.0350951	-0.000287159	1.26701	2.20005	0.954538	
-0.0240125	-0.0345469	-0.00017389	1.25384	2.18015	0.955023	
-0.0240228	-0.0340026	-6.11943e-05	1.24076	2.16039	0.955497	
-0.0240904	-0.0332074	5.89715e-05	1.22506	2.14016	0.958268	
-0.024153	-0.0324201	0.000177207	1.20945	2.12005	0.960838	
-0.0242057	-0.03166	0.000290441	1.19415	2.10009	0.96301	
-0.0242526	-0.0309159	0.000404423	1.17901	2.08026	0.964952	
-0.0242935	-0.030188	0.000515565	1.16406	2.06056	0.966652	
-0.0243294	-0.0294749	0.000626167	1.14927	2.04099	0.968151	
-0.0243608	-0.0287759	0.000736228	1.13464	2.02155	0.969469	
-0.0243884	-0.0280902	0.000847561	1.12015	2.00225	0.970635	
-0.0244137	-0.0274129	0.000960821	1.10574	1.98306	0.97171	
-0.0244339	-0.0267519	0.00106922	1.09157	1.96401	0.972576	
-0.0244525	-0.0260985	0.00118048	1.07747	1.94509	0.973382	
-0.0244669	-0.0254604	0.00128899	1.06357	1.92629	0.974018	
-0.0244788	-0.0248318	0.00139577	1.04982	1.90762	0.974553	
-0.0244896	-0.024211	0.00150555	1.03614	1.88908	0.975046	
-0.0244973	-0.0236016	0.00161126	1.02266	1.87066	0.975413	
-0.0245041	-0.0229998	0.00171922	1.00926	1.85236	0.975741	
-0.0245091	-0.022407	0.00182611	0.995994	1.83419	0.975998	
-0.0245124	-0.0218227	0.00193203	0.982864	1.81613	0.976191	
-0.0245144	-0.0212468	0.00203713	0.969863	1.79821	0.976326	
-0.0244976	-0.0205725	0.00191409	0.958057	1.77985	0.975691	
-0.0244773	-0.0198797	0.00174126	0.946583	1.76152	0.974914	
-0.0244575	-0.0191977	0.00157285	0.935227	1.74332	0.974156	
-0.0244387	-0.0185222	0.00140693	0.923966	1.72525	0.973441	
-0.0244209	-0.0178539	0.00124377	0.912801	1.70731	0.972762	
-0.0244041	-0.0171916	0.00108289	0.901727	1.6895	0.972124	
-0.0243885	-0.0165337	0.000923536	0.890734	1.67181	0.971533	
-0.0243736	-0.0158826	0.000766746	0.879834	1.65424	0.970973	
-0.0243595	-0.0152386	0.000612641	0.869028	1.63681	0.970439	
-0.0243459	-0.0146019	0.000461315	0.858318	1.61949	0.96993	
-0.0243337	-0.0139668	0.000310234	0.847672	1.60229	0.969475	
-0.0243215	-0.0133423	0.000163401	0.837138	1.58522	0.969021	
-0.0243105	-0.0127203	1.716e-05	0.826671	1.56826	0.968612	
-0.0242993	-0.0121093	-0.000124666	0.816318	1.55143	0.968199	
-0.0242887	-0.0115039	-0.000264496	0.806048	1.53472	0.967809	
-0.0242795	-0.0108996	-0.000404354	0.795837	1.51811	0.96747	
-0.0242704	-0.010303	-0.000541265	0.785721	1.50162	0.967141	
-0.0242611	-0.00971694	-0.000674004	0.775714	1.48526	0.966801	
-0.0242541	-0.00912503	-0.000809891	0.765726	1.46899	0.96655	
-0.0242453	-0.00855308	-0.00093734	0.755899	1.45286	0.966231	
-0.0242384	-0.00797734	-0.00106703	0.746101	1.43683	0.965986	
-0.0242304	-0.00741633	-0.00119065	0.736435	1.42092	0.9657	
-0.0242249	-0.00684764	-0.00131825	0.726775	1.4051	0.96551	
-0.0242175	-0.0062991	-0.00143734	0.717277	1.38942	0.965246	
-0.0242114	-0.00574976	-0.00155731	0.707823	1.37383	0.965034	
-0.0242064	-0.00520102	-0.00167755	0.69842	1.35834	0.964865	
-0.0242018	-0.00465722	-0.00179612	0.689093	1.34296	0.964709	
-0.0241961	-0.00412764	-0.00190883	0.679893	1.3277	0.964511	
-0.0241904	-0.00360532	-0.00201885	0.670782	1.31256	0.964316	
-0.0241864	-0.00307907	-0.00213114	0.661695	1.2975	0.964184	
-0.0241826	-0.0025575	-0.00224182	0.652677	1.28253	0.964063	
-0.0240883	-0.00244072	-0.00218695	0.645818	1.2687	0.960326	
-0.0239542	-0.0025802	-0.0020183	0.6404	1.25557	0.955002	
-0.0238268	-0.0027253	-0.0018448	0.635099	1.24258	0.949949	
-0.0237059	-0.00287573	-0.00166672	0.62991	1.22971	0.945154	
-0.0235912	-0.00303123	-0.00148431	0.624829	1.21697	0.940606	
-0.0234824	-0.00319155	-0.00129781	0.619852	1.20435	0.936293	
-0.0233793	-0.00335644	-0.00110746	0.614974	1.19185	0.932205	
-0.0232814	-0.00352567	-0.000913493	0.610193	1.17947	0.928332	
-0.0231888	-0.00369902	-0.000716115	0.605505	1.16721	0.924663	
-0.023101	-0.00387628	-0.000515533	0.600906	1.15505	0.92119	
-0.0230179	-0.00405723	-0.000311941	0.596393	1.14301	0.917904	
-0.0229392	-0.00424169	-0.000105528	0.591963	1.13107	0.914796	
-0.0228648	-0.00442947	0.000103529	0.587612	1.11924	0.911858	
-0.0227944	-0.00462039	0.00031506	0.583339	1.10751	0.909082	
-0.022728	-0.00481428	0.000528901	0.579139	1.09589	0.906461	
-0.0226652	-0.00501098	0.000744897	0.575012	1.08436	0.903988	
-0.022606	-0.00521034	0.0009629	0.570953	1.07292	0.901655	
-0.0225501	-0.00541219	0.00118277	0.566961	1.06158	0.899457	
-0.0224975	-0.00561641	0.00140437	0.563034	1.05033	0.897388	
-0.00920213	0.00824684	-0.0112065	0.372552	0.912008	0.365228	
-0.00909144	0.00814718	-0.0110721	0.367983	0.900958	0.360797	
-0.00897905	0.00804598	-0.0109355	0.363346	0.889737	0.356299	
-0.00886851	0.00794643	-0.0108011	0.358784	0.878695	0.351872	
-0.00875864	0.00784745	-0.0106675	0.354248	0.867717	0.34747	
-0.00864943	0.00774907	-0.0105346	0.349741	0.856801	0.343094	
-0.00854089	0.00765126	-0.0104024	0.34526	0.845948	0.338743	
-0.008433	0.00755403	-0.0102709	0.340806	0.835157	0.334417	
-0.00832576	0.00745737	-0.0101402	0.336379	0.824428	0.330116	
-0.00821917	0.00736128	-0.0100102	0.331979	0.813761	0.32584	
-0.00811323	0.00726576	-0.00988093	0.327605	0.803155	0.321589	
-0.00800792	0.0071708	-0.00975236	0.323258	0.79261	0.317362	
-0.00790324	0.0070764	-0.0096245	0.318937	0.782127	0.31316	
-0.0077992	0.00698256	-0.00949735	0.314641	0.771703	0.308982	
-0.00769578	0.00688927	-0.00937091	0.310372	0.76134	0.304828	
-0.00759298	0.00679653	-0.00924517	0.306129	0.751037	0.300699	
-0.00749079	0.00670433	-0.00912014	0.301912	0.740794	0.296593	
-0.00738922	0.00661268	-0.00899579	0.29772	0.73061	0.292512	
-0.00728946	0.00652265	-0.00887361	0.293601	0.720604	0.288502	
-0.00718789	0.006431	-0.00874919	0.289412	0.710419	0.28442	
-0.00708917	0.00634189	-0.00862819	0.285337	0.700514	0.28045	
-0.00699014	0.00625251	-0.00850678	0.281252	0.690579	0.276469	
-0.00689155	0.00616352	-0.00838585	0.277185	0.680686	0.272505	
-0.00679353	0.00607504	-0.00826561	0.273143	0.67085	0.268563	
-0.0066961	0.00598709	-0.00814604	0.269125	0.661072	0.264645	
-0.00659924	0.00589965	-0.00802713	0.265132	0.65135	0.260749	
-0.00650295	0.00581273	-0.0079089	0.261163	0.641685	0.256877	
-0.00640723	0.00572631	-0.00779132	0.257218	0.632076	0.253027	
-0.00631207	0.0056404	-0.00767441	0.253297	0.622524	0.249199	
-0.00621747	0.005555	-0.00755816	0.2494	0.613027	0.245394	
-0.00612341	0.00547009	-0.00744256	0.245526	0.603585	0.241612	
-0.00603135	0.00538695	-0.00732932	0.241733	0.594337	0.237906	
-0.00593998	0.00530441	-0.00721685	0.237967	0.585154	0.234227	
-0.00584928	0.00522246	-0.00710511	0.234227	0.576033	0.230573	
-0.00575924	0.00514107	-0.0069941	0.230513	0.566972	0.226943	
-0.00566985	0.00506024	-0.00688381	0.226825	0.557973	0.223338	
-0.0055811	0.00497998	-0.00677422	0.223162	0.549032	0.219757	
-0.00549297	0.00490026	-0.00666535	0.219524	0.540152	0.216199	
-0.00540546	0.00482108	-0.00655717	0.215911	0.53133	0.212665	
-0.00531857	0.00474244	-0.00644968	0.212323	0.522565	0.209154	
-0.00523226	0.00466432	-0.00634288	0.208759	0.513859	0.205667	
-0.00514655	0.00458673	-0.00623675	0.20522	0.505209	0.202202	
-0.00506142	0.00450966	-0.0061313	0.201704	0.496616	0.19876	
-0.00386934	0.00524455	0.0735905	7.57732	2.32027	0.233052	
-0.00856222	0.0116043	0.0710317	7.32448	2.24759	0.515714	
-0.0127848	0.0173263	0.0685954	7.08215	2.17721	0.770034	
-0.0165807	0.0224698	0.0662732	6.84968	2.10902	0.998639	
-0.0199894	0.0270884	0.0640573	6.62646	2.04292	1.20392	
-0.0230404	0.0312221	0.061931	6.41075	1.97836	1.38764	
-0.0257797	0.0349331	0.0599077	6.20449	1.91619	1.55258	
-0.0282265	0.0382478	0.057967	6.00548	1.85568	1.6999	
-0.0304196	0.0412184	0.0561158	5.81465	1.79723	1.83193	
-0.0323787	0.0438719	0.0543446	5.6312	1.74065	1.94987	
-0.0341152	0.0462239	0.0526368	5.45324	1.6853	2.0544	
-0.0356572	0.0483122	0.0509963	5.28143	1.6315	2.14722	
-0.0370232	0.0501618	0.0494192	5.11546	1.57917	2.22943	
-0.0382297	0.0517955	0.0479018	4.95503	1.52827	2.30204	
-0.0392921	0.0532339	0.0464407	4.79986	1.47875	2.36597	
-0.0402242	0.0544957	0.0450328	4.6497	1.43055	2.42205	
-0.0410385	0.0555978	0.0436753	4.50431	1.38363	2.47104	
-0.0417464	0.0565559	0.0423655	4.36347	1.33794	2.51362	
-0.0423583	0.0573839	0.0411009	4.22697	1.29344	2.55042	
-0.0428836	0.0580945	0.0398793	4.09462	1.25009	2.582	
-0.0433308	0.0586994	0.0386984	3.96623	1.20785	2.60889	
-0.0437076	0.0592089	0.0375564	3.84165	1.16668	2.63154	
-0.0440212	0.0596328	0.0364514	3.7207	1.12656	2.65037	
-0.0442778	0.0599795	0.0353817	3.60325	1.08744	2.66578	
-0.0444833	0.060257	0.0343456	3.48916	1.0493	2.67812	
-0.0446429	0.0604724	0.0333418	3.37829	1.0121	2.68769	
-0.0447614	0.0606321	0.0323687	3.27052	0.975823	2.69479	
-0.0448431	0.0607419	0.0314252	3.16574	0.940433	2.69967	
-0.044892	0.0608073	0.0305099	3.06383	0.905907	2.70258	
-0.0449115	0.060833	0.0296218	2.96469	0.872219	2.70372	
-0.0449049	0.0608233	0.0287597	2.86823	0.839344	2.70329	
-0.0448752	0.0607823	0.0279227	2.77435	0.807261	2.70147	
-0.0443487	0.0600697	0.0272059	2.69005	0.776862	2.6698	
-0.0434128	0.0588117	0.0265875	2.61434	0.748136	2.61389	
-0.0424852	0.0575756	0.0259835	2.54092	0.720116	2.55894	
-0.0415664	0.0563616	0.0253938	2.46973	0.692787	2.50499	
-0.0406565	0.0551702	0.0248178	2.40072	0.666132	2.45204	
-0.039756	0.0540017	0.0242554	2.33383	0.640135	2.4001	
-0.0388652	0.0528563	0.0237062	2.26901	0.614782	2.3492	
-0.0379842	0.0517343	0.02317	2.20623	0.590057	2.29933	
-0.0371134	0.0506359	0.0226466	2.14541	0.565945	2.25051	
-0.0362531	0.0495612	0.0221357	2.08652	0.542434	2.20274	
-0.0354034	0.0485103	0.021637	2.02951	0.519507	2.15604	
-0.0345647	0.0474834	0.0211505	1.97434	0.497153	2.1104	
-0.033737	0.0464804	0.0206757	1.92095	0.475358	2.06582	
-0.0329206	0.0455015	0.0202126	1.8693	0.454108	2.02231	
-0.0321156	0.0445465	0.0197608	1.81936	0.43339	1.97987	
-0.0313223	0.0436156	0.0193203	1.77107	0.413193	1.93849	
-0.0305406	0.0427087	0.0188907	1.7244	0.393504	1.89819	
-0.0297707	0.0418257	0.018472	1.6793	0.374311	1.85894	
-0.0290128	0.0409665	0.0180638	1.63575	0.355603	1.82075	
-0.0282668	0.0401311	0.017666	1.59368	0.337366	1.78362	
-0.0275328	0.0393193	0.0172783	1.55308	0.319591	1.74754	
-0.0268109	0.0385311	0.0169006	1.51391	0.302267	1.71251	
-0.0261009	0.0377662	0.0165327	1.47612	0.285381	1.67852	
-0.025403	0.0370246	0.0161742	1.43969	0.268925	1.64556	
-0.024717	0.0363061	0.015825	1.40458	0.252886	1.61362	
-0.0240429	0.0356106	0.0154849	1.37075	0.237255	1.58271	
-0.0233806	0.0349377	0.0151536	1.33818	0.222021	1.55281	
-0.0227299	0.0342875	0.0148308	1.30684	0.207175	1.52391	
-0.0220908	0.0336597	0.0145164	1.27669	0.192707	1.496	
-0.021463	0.0330542	0.0142101	1.24771	0.178606	1.46909	
-0.0208464	0.0324706	0.0139115	1.21986	0.164864	1.44315	
-0.0202407	0.0319089	0.0136205	1.19312	0.151471	1.41819	
-0.0196457	0.0313688	0.0133367	1.16747	0.138417	1.39419	
-0.0190611	0.0308502	0.0130598	1.14288	0.125694	1.37114	
-0.0184836	0.0303479	0.0127877	1.11913	0.113267	1.34881	
-0.0179191	0.0298717	0.0125239	1.09658	0.101179	1.32764	
-0.017364	0.0294163	0.0122661	1.07501	0.0893932	1.3074	
-0.0168179	0.0289815	0.012014	1.0544	0.0779018	1.28808	
-0.0162804	0.0285672	0.0117673	1.03473	0.0666958	1.26967	
-0.0157511	0.0281731	0.0115254	1.01597	0.0557663	1.25215	
-0.0152295	0.0277991	0.0112882	0.998114	0.0451046	1.23553	
-0.0147151	0.0274448	0.0110552	0.981127	0.034702	1.21978	
-0.0142067	0.0271091	0.0108257	0.964956	0.0245467	1.20486	
-0.013705	0.0267938	0.0105999	0.949655	0.0146352	1.19085	
-0.0132086	0.0264977	0.0103771	0.935167	0.00495692	1.17769	
-0.0127176	0.0262216	0.0101571	0.921512	-0.0044953	1.16542	
-0.0122302	0.0259632	0.00993895	0.908595	-0.0137342	1.15393	
-0.0117461	0.0257233	0.00972238	0.896437	-0.0227663	1.14327	
-0.0112647	0.0255017	0.00950696	0.88502	-0.0316006	1.13342	
-0.0107852	0.0252982	0.00929218	0.874326	-0.040246	1.12437	
-0.0103133	0.0251289	0.00908079	0.864906	-0.0486225	1.11685	
-0.00982816	0.0249444	0.00886252	0.855037	-0.0570066	1.10865	
-0.00935485	0.0248093	0.00864932	0.846945	-0.0650598	1.10265	
-0.00887345	0.0246751	0.00843153	0.83895	-0.073042	1.09668	
-0.00838937	0.0245577	0.00821171	0.831593	-0.0808809	1.09146	
-0.00790156	0.0244568	0.00798927	0.824856	-0.088586	1.08698	
-0.00740897	0.0243722	0.00776361	0.818723	-0.0961668	1.08322	
-0.0069105	0.0243034	0.00753413	0.813176	-0.103633	1.08016	
-0.00640501	0.0242502	0.0073002	0.808196	-0.110995	1.0778	
-0.00589132	0.0242122	0.0070612	0.803767	-0.118261	1.07611	
-0.00634181	0.025478	0.00616513	0.784499	-0.128432	1.13276	
-0.00931673	0.029989	0.00343996	0.717023	-0.146006	1.33475	
-0.00860157	0.0297311	0.00325632	0.713686	-0.153305	1.32327	
-0.00789131	0.0295034	0.00305153	0.710745	-0.160112	1.31313	
-0.00717535	0.0292904	0.00284459	0.708218	-0.167025	1.30364	
-0.00645419	0.0290945	0.00263083	0.706081	-0.173926	1.29491	
-0.00572705	0.028916	0.00240827	0.704319	-0.180779	1.28696	
-0.00499244	0.0287539	0.00217644	0.702916	-0.187593	1.27974	
-0.00424888	0.0286073	0.00193488	0.701857	-0.194377	1.27321	
-0.00349489	0.0284753	0.00168317	0.701124	-0.201139	1.26732	
-0.00272902	0.0283567	0.00142088	0.700701	-0.207889	1.26203	
-0.00194982	0.0282504	0.00114762	0.700569	-0.214634	1.25729	
-0.00115591	0.0281554	0.00086304	0.700712	-0.221384	1.25306	
-0.000345906	0.0280705	0.000566792	0.70111	-0.228146	1.24926	
0.000481484	0.0279944	0.000258583	0.701743	-0.234927	1.24587	
0.00132751	0.0279259	-6.18491e-05	0.702593	-0.241737	1.2428	
0.00219334	0.0278636	-0.00039472	0.703638	-0.248581	1.24001	
0.00308006	0.0278061	-0.000740197	0.704857	-0.255467	1.23744	
0.00398864	0.0277521	-0.0010984	0.706228	-0.262401	1.23502	
0.00491997	0.0277001	-0.00146938	0.707729	-0.269389	1.23269	
0.00587477	0.0276486	-0.00185313	0.709336	-0.276437	1.23038	
0.00685363	0.027596	-0.00224959	0.711026	-0.283548	1.22802	
0.007857	0.0275407	-0.0026586	0.712772	-0.290728	1.22554	
0.00888512	0.0274812	-0.00307993	0.714551	-0.297978	1.22286	
0.00993805	0.0274158	-0.00351329	0.716335	-0.305303	1.21993	
0.0110157	0.0273428	-0.00395826	0.718098	-0.312704	1.21665	
0.0121175	0.0272605	-0.00441435	0.719813	-0.32018	1.21295	
0.0132431	0.0271672	-0.00488097	0.721452	-0.327732	1.20877	
0.0143914	0.0270614	-0.00535742	0.722986	-0.335359	1.20402	
0.0155613	0.0269412	-0.00584289	0.724387	-0.343058	1.19864	
0.0167514	0.026805	-0.00633646	0.725625	-0.350825	1.19253	
0.01796	0.0266512	-0.0068371	0.726671	-0.358655	1.18565	
0.0191849	0.0264783	-0.00734364	0.727496	-0.366543	1.1779	
0.0204238	0.0262847	-0.00785465	0.728071	-0.374484	1.16923	
0.0216735	0.0260646	-0.00836236	0.728354	-0.382598	1.15937	
0.0229319	0.0258249	-0.00887727	0.728341	-0.390632	1.14865	
0.0241952	0.0255605	-0.00939221	0.727991	-0.398685	1.13682	
0.0254599	0.0252705	-0.00990546	0.727278	-0.406745	1.12384	
0	0	0	0	0	0	
0	0	0	0	0	0	
0	0	0	0	0	0	
0	0	0	0	0	0	
0	0	0	0	0	0	
0	0	0	0	0	0	
0	0	0	0	0	0	
0	0	0	0	0	0	
0	0	0	0	0	0	
0	0	0	0	0	0	
0	0	0	0	0	0	
0	0	0	0	0	0	
0	0	0	0	0	0	
0	0	0	0	0	0	
0	0	0	0	0	0	
0	0	0	0	0	0	
0	0	0	0	0	0	
0	0	0	0	0	0	
0	0	0	0	0	0	
0	0	0	0	0	0	
0	0	0	0	0	0	
0	0	0	0	0	0	
0	0	0	0	0	0	
0	0	0	0	0	0	
0	0	0	0	0	0	
0	0	0	0	0	0	
0	0	0	0	0	0	
0	0	0	0	0	0	
0	0	0	0	0	0	
0	0	0	0	0	0	
0	0	0	0	0	0	
0	0	0	0	0	0	
0	0	0	0	0	0	
0	0	0	0	0	0	
0	0	0	0	0	0	
0	0	0	0	0	0	
0	0	0	0	0	0	
0	0	0	0	0	0	
0	0	0	0	0	0	
0	0	0	0	0	0	
0	0	0	0	0	0	
0	0	0	0	0	0	
0	0	0	0	0	0	
0	0	0	0	0	0	
0	0	0	0	0	0	
0	0	0	0	0	0	
0	0	0	0	0	0	
0	0	0	0	0	0	
0	0	0	0	0	0	
0	0	0	0	0	0	
0	0	0	0	0	0	
0	0	0	0	0	0	
0	0	0	0	0	0	
0	0	0	0	0	0	
0	0	0	0	0	0	
0	0	0	0	0	0	
0	0	0	0	0	0	
0	0	0	0	0	0	
0	0	0	0	0	0	
0	0	0	0	0	0	
0	0	0	0	0	0	
0	0	0	0	0	0	
0	0	0	0	0	0	
0	0	0	0	0	0	
0	0	0	0	0	0	
0	0	0	0	0	0	
0	0	0	0	0	0	
0	0	0	0	0	0	
0	0	0	0	0	0	
0	0	0	0	0	0	
0	0	0	0	0	0	
0	0	0	0	0	0	
0	0	0	0	0	0	
0	0	0	0	0	0	
0	0	0	0	0	0	
0	0	0	0	0	0	
0	0	0	0	0	0	
0	0	0	0	0	0	
0	0	0	0	0	0	
0	0	0	0	0	0	
0	0	0	0	0	0	
0	0	0	0	0	0	
0	0	0	0	0	0	
0	0	0	0	0	0	
0	0	0	0	0	0	
0	0	0	0	0	0	
0	0	0	0	0	0	
0	0	0	0	0	0	
0	0	0	0	0	0	
0	0	0	0	0	0	
0	0	0	0	0	0	
0	0	0	0	0	0	
0	0	0	0	0	0	
0	0	0	0	0	0	
0	0	0	0	0	0	
0	0	0	0	0	0	
0	0	0	0	0	0	
0	0	0	0	0	0	
0	0	0	0	0	0	
0	0	0	0	0	0	
0	0	0	0	0	0	
0	0	0	0	0	0	
0	0	0	0	0	0	
0	0	0	0	0	0	
0	0	0	0	0	0	
0	0	0	0	0	0	
0	0	0	0	0	0	
0	0	0	0	0	0	
0	0	0	0	0	0	
0	0	0	0	0	0	
0	0	0	0	0	0	
0	0	0	0	0	0	
0	0	0	0	0	0	
0	0	0	0	0	0	
0	0	0	0	0	0	
0	0	0	0	0	0	
0	0	0	0	0	0	
0	0	0	0	0	0	
0	0	0	0	0	0	
0	0	0	0	0	0	
0	0	0	0	0	0	
0	0	0	0	0	0	
0	0	0	0	0	0	
0	0	0	0	0	0	
0	0	0	0	0	0	
0	0	0	0	0	0	
0	0	0	0	0	0	
0	0	0	0	0	0	
0	0	0	0	0	0	
0	0	0	0	0	0	
0	0	0	0	0	0	
0	0	0	0	0	0	
0	0	0	0	0	0	
0	0	0	0	0	0	
0	0	0	0	0	0	
0	0	0	0	0	0	
0	0	0	0	0	0	
0	0	0	0	0	0	
0	0	0	0	0	0	
0	0	0	0	0	0	
0	0	0	0	0	0	
0	0	0	0	0	0	
0	0	0	0	0	0	
0	0	0	0	0	0	
0	0	0	0	0	0	
0	0	0	0	0	0	
0	0	0	0	0	0	
0	0	0	0	0	0	
0	0	0	0	0	0	
0	0	0	0	0	0	
0	0	0	0	0	0	
0	0	0	0	0	0	
0	0	0	0	0	0	
0	0	0	0	0	0	
0	0	0	0	0	0	
0	0	0	0	0	0	
0	0	0	0	0	0	
0	0	0	0	0	0	
0.0139585	0.00722596	0.031885	-0.391483	-0.982138	0.393961	
0.0139209	0.00717092	0.0317119	-0.389389	-0.976772	0.391809	
0.0138834	0.00711624	0.0315397	-0.387305	-0.971435	0.38967	
0.0138459	0.00706191	0.0313684	-0.385232	-0.966127	0.387542	
0.0138085	0.00700793	0.0311981	-0.383169	-0.960848	0.385425	
0.0137711	0.0069543	0.0310287	-0.381117	-0.955598	0.38332	
0.0141881	0.00203789	0.0191883	-0.392616	-0.984332	0.394846	
0.0141392	0.00201713	0.0190883	-0.390183	-0.978222	0.392391	
0.0140948	0.00202271	0.0190583	-0.387876	-0.972428	0.390063	
0.0140507	0.00202989	0.0190328	-0.385592	-0.96669	0.387757	
0.0140068	0.00203716	0.0190076	-0.383323	-0.960993	0.385468	
0.0139631	0.00204444	0.0189827	-0.38107	-0.955334	0.383194	
0.0139196	0.00205172	0.0189579	-0.378832	-0.949713	0.380935	
0.0138762	0.002059	0.0189332	-0.37661	-0.944131	0.378692	
0.013833	0.00206627	0.0189088	-0.374402	-0.938587	0.376464	
0.0137899	0.00207354	0.0188845	-0.37221	-0.93308	0.374251	
0.0137471	0.00208081	0.0188603	-0.370033	-0.927611	0.372054	
0.0137043	0.00208808	0.0188363	-0.36787	-0.92218	0.369871	
0.0136618	0.00209534	0.0188125	-0.365723	-0.916786	0.367704	
0.0136194	0.00210259	0.0187888	-0.36359	-0.911429	0.365551	
0.0135772	0.00210985	0.0187652	-0.361472	-0.906109	0.363413	
0.0135352	0.00211709	0.0187419	-0.359368	-0.900825	0.36129	
0.0134933	0.00212433	0.0187187	-0.357279	-0.895578	0.359181	
0.0134516	0.00213156	0.0186956	-0.355204	-0.890367	0.357087	
0.0134101	0.00213879	0.0186727	-0.353144	-0.885193	0.355008	
0.0133688	0.00214601	0.0186499	-0.351098	-0.880054	0.352943	
0.0133276	0.00215322	0.0186273	-0.349066	-0.874951	0.350892	
0.0132866	0.00216042	0.0186049	-0.347048	-0.869883	0.348855	
0.0132458	0.00216762	0.0185825	-0.345045	-0.86485	0.346833	
0.0132051	0.0021748	0.0185604	-0.343055	-0.859853	0.344825	
0.0131646	0.00218198	0.0185384	-0.341079	-0.854891	0.342831	
0.0127749	0.00565818	0.0268194	-0.329502	-0.82587	0.331189	
0.0130847	0.00219893	0.0185019	-0.337184	-0.845107	0.338899	
0.0130444	0.00220387	0.0184745	-0.33524	-0.840224	0.336937	
0.0130046	0.00221088	0.0184527	-0.333318	-0.835398	0.334998	
0.0129649	0.002218	0.0184314	-0.331411	-0.830607	0.333073	
0.0129255	0.00222511	0.0184103	-0.329517	-0.82585	0.331161	
0.0128862	0.00223221	0.0183893	-0.327636	-0.821126	0.329263	
0.0128471	0.00223929	0.0183685	-0.325769	-0.816437	0.327378	
0.0128082	0.00224637	0.0183478	-0.323915	-0.81178	0.325507	
0.0127695	0.00225343	0.0183272	-0.322074	-0.807156	0.323649	
0.0127309	0.00226047	0.0183068	-0.320246	-0.802566	0.321804	
0.0126925	0.0022675	0.0182865	-0.318432	-0.798008	0.319973	
0.0126543	0.00227451	0.0182663	-0.31663	-0.793483	0.318154	
0.0126163	0.00228151	0.0182463	-0.314841	-0.78899	0.316349	
0.0125784	0.00228849	0.0182265	-0.313065	-0.78453	0.314557	
0.0125408	0.00229546	0.0182067	-0.311302	-0.780101	0.312777	
0.0125033	0.0023024	0.0181871	-0.309552	-0.775705	0.311011	
0.012466	0.00230933	0.0181677	-0.307814	-0.77134	0.309257	
0.0124288	0.00231624	0.0181483	-0.306089	-0.767007	0.307515	
0.0123919	0.00232314	0.0181292	-0.304376	-0.762705	0.305787	
0.0123551	0.00233001	0.0181101	-0.302676	-0.758435	0.304071	
0.0123185	0.00233687	0.0180912	-0.300988	-0.754196	0.302367	
0.0122821	0.0023437	0.0180724	-0.299312	-0.749987	0.300676	
0.0122459	0.00235051	0.0180537	-0.297649	-0.74581	0.298997	
0.0122099	0.00235731	0.0180352	-0.295997	-0.741663	0.297331	
0.012174	0.00236408	0.0180168	-0.294358	-0.737546	0.295677	
0.0121383	0.00237083	0.0179985	-0.292731	-0.73346	0.294035	
0.0121046	0.00238675	0.0180051	-0.291158	-0.729508	0.292447	
0.0120678	0.00238497	0.0179643	-0.289519	-0.72539	0.290792	
0.0120326	0.00239116	0.0179451	-0.287925	-0.721388	0.289184	
0.0119976	0.0023978	0.0179272	-0.286345	-0.717421	0.28759	
0.0119629	0.00240443	0.0179096	-0.284778	-0.713484	0.286008	
0.0119283	0.00241105	0.0178921	-0.283222	-0.709575	0.284437	
0.011894	0.00241764	0.0178747	-0.281677	-0.705696	0.282879	
0.0118598	0.0024242	0.0178574	-0.280144	-0.701847	0.281332	
0.0118258	0.00243074	0.0178403	-0.278623	-0.698026	0.279796	
0.011792	0.00243726	0.0178233	-0.277113	-0.694233	0.278273	
0.0117584	0.00244375	0.0178064	-0.275614	-0.69047	0.27676	
0.0117249	0.00245021	0.0177896	-0.274127	-0.686734	0.275259	
0.0116917	0.00245664	0.017773	-0.272651	-0.683027	0.27377	
0.0116586	0.00246305	0.0177564	-0.271186	-0.679349	0.272292	
0.0116258	0.00246943	0.01774	-0.269733	-0.675698	0.270825	
0.0115931	0.00247578	0.0177237	-0.26829	-0.672075	0.269369	
0.0115606	0.0024821	0.0177076	-0.266858	-0.66848	0.267924	
0.0115283	0.00248839	0.0176915	-0.265438	-0.664912	0.266491	
0.0114962	0.00249465	0.0176756	-0.264028	-0.661372	0.265068	
0.0114643	0.00250089	0.0176597	-0.262629	-0.657859	0.263656	
0.0112712	0.0038929	0.020941	-0.257389	-0.644731	0.258391	
0.0114014	0.00251458	0.017632	-0.259871	-0.650932	0.260873	
0.0113699	0.00251958	0.0176135	-0.2585	-0.647487	0.259489	
0.0113388	0.00252563	0.017598	-0.257143	-0.644081	0.25812	
0.0113078	0.0025317	0.0175827	-0.255798	-0.640702	0.256763	
0.0112771	0.00253775	0.0175676	-0.254463	-0.63735	0.255416	
0.0112465	0.00254376	0.0175526	-0.253139	-0.634023	0.254079	
0.0112162	0.00254974	0.0175376	-0.251825	-0.630723	0.252753	
0.011186	0.00255569	0.0175228	-0.250521	-0.627449	0.251438	
0.0111561	0.0025616	0.0175082	-0.249228	-0.624201	0.250133	
0.0111263	0.00256748	0.0174936	-0.247945	-0.620979	0.248838	
0.0110968	0.00257332	0.0174791	-0.246672	-0.617782	0.247553	
0.0110674	0.00257913	0.0174648	-0.245409	-0.614611	0.246279	
0.0110383	0.0025849	0.0174505	-0.244156	-0.611465	0.245015	
0.0110093	0.00259064	0.0174364	-0.242914	-0.608344	0.243761	
0.0109825	0.00260581	0.0174479	-0.241723	-0.605354	0.242559	
0.0109521	0.0026026	0.0174101	-0.240462	-0.602187	0.241287	
0.0109237	0.00260773	0.0173949	-0.239247	-0.599135	0.240061	
0.0108955	0.00261329	0.0173811	-0.238044	-0.596114	0.238847	
0.0108675	0.00261884	0.0173675	-0.23685	-0.593117	0.237643	
0.0108398	0.00262435	0.017354	-0.235667	-0.590145	0.236448	
0.0108122	0.00262982	0.0173406	-0.234493	-0.587197	0.235264	
0.0107848	0.00263526	0.0173273	-0.233329	-0.584274	0.234089	
0.0107577	0.00264066	0.0173141	-0.232174	-0.581374	0.232924	
0.0107307	0.00264601	0.017301	-0.231029	-0.578498	0.231769	
0.010704	0.00265133	0.017288	-0.229894	-0.575646	0.230623	
0.0106778	0.00265805	0.017279	-0.228774	-0.572835	0.229493	
0.0106512	0.00266196	0.0172627	-0.227652	-0.570016	0.228361	
0.010625	0.00266708	0.0172498	-0.226544	-0.567234	0.227243	
0.0105991	0.00267223	0.0172372	-0.225446	-0.564476	0.226134	
0.0105733	0.00267734	0.0172247	-0.224357	-0.561741	0.225036	
0.0105478	0.00268241	0.0172123	-0.223277	-0.55903	0.223946	
0.0105225	0.00268744	0.0172	-0.222206	-0.556341	0.222866	
0.0104977	0.00269367	0.0171912	-0.221151	-0.553689	0.2218	
0.0104725	0.00269746	0.017176	-0.220093	-0.551033	0.220733	
0.0104478	0.00270229	0.0171639	-0.219049	-0.548412	0.21968	
0.0104233	0.00270714	0.0171519	-0.218015	-0.545814	0.218636	
0.0104007	0.00272032	0.0171627	-0.217024	-0.543325	0.217636	
0.0103751	0.00271719	0.0171297	-0.215975	-0.54069	0.216577	
0.0103511	0.00272147	0.0171169	-0.214965	-0.538154	0.215558	
0.010313	0.00284019	0.0173756	-0.213652	-0.534866	0.214238	
0.0103042	0.00273134	0.0170955	-0.212977	-0.533163	0.213553	
0.0102742	0.00279644	0.0172285	-0.211847	-0.530333	0.212416	
0.0102585	0.0027435	0.0170812	-0.211035	-0.528286	0.211593	
0.010235	0.00274459	0.0170608	-0.210056	-0.525826	0.210605	
0.0102176	0.0027322	0.0170129	-0.209202	-0.523688	0.209745	
0.0101986	0.00271101	0.0169415	-0.208326	-0.521487	0.20886	
0.0101799	0.00269	0.0168707	-0.207457	-0.519306	0.207983	
0.0101613	0.00266915	0.0168005	-0.206596	-0.517142	0.207114	
0.0101429	0.00264848	0.0167308	-0.205742	-0.514998	0.206252	
0.0101246	0.00262797	0.0166618	-0.204895	-0.512871	0.205397	
0.0101066	0.00260763	0.0165934	-0.204055	-0.510764	0.20455	
0.0100887	0.00258745	0.0165256	-0.203223	-0.508674	0.20371	
0.0100711	0.00256744	0.0164584	-0.202397	-0.506603	0.202877	
0.0100536	0.0025476	0.0163917	-0.201579	-0.50455	0.202052	
0.0100363	0.00252791	0.0163256	-0.200768	-0.502515	0.201234	
1.30726	1.1785	0.00843513	-4.76366	-7.38637	47.9685	
1.376	1.11499	0.0123087	-3.76193	-7.3519	43.568	
1.23966	1.07635	0.0113484	-3.08796	-6.61709	39.256	
1.11433	0.966166	0.0116781	-2.70393	-5.93302	35.2956	
1.00208	0.867489	0.0119656	-2.36168	-5.32089	31.7476	
0.901512	0.779094	0.0122171	-2.05659	-4.77281	28.5685	
0.811406	0.699904	0.0124439	-1.78469	-4.28209	25.7198	
0.73067	0.628959	0.0126482	-1.54261	-3.8428	23.1671	
0.658325	0.565401	0.0128432	-1.3276	-3.45025	20.8801	
0.593491	0.508452	0.0130186	-1.13638	-3.09881	18.8303	
0.535412	0.45747	0.0131415	-0.966925	-2.78447	16.9936	
0.482959	0.411329	0.0134435	-0.814993	-2.50068	15.3445	
0.436142	0.370253	0.0135477	-0.682186	-2.24827	13.8687	
0.392724	0.332171	0.013639	-0.570493	-2.01748	12.5421	
0.349887	0.275342	0.0137073	-0.548524	-1.7955	11.3265	
0.312168	0.245398	0.0137801	-0.462037	-1.60151	10.2586	
0.276337	0.216296	0.0138433	-0.395601	-1.42118	9.2966	
0.250464	0.19273	0.0138354	-0.318461	-1.27574	8.44581	
0.227809	0.169074	0.0138711	-0.260406	-1.15125	7.68463	
0.207409	0.144835	0.0139032	-0.218969	-1.03922	6.99923	
0.189138	0.127685	0.0140716	-0.164273	-0.938244	6.38551	
0.172996	0.117887	0.014135	-0.101171	-0.850355	5.8429	
0.159031	0.108741	0.0131936	-0.0656491	-0.780065	5.37176	
0.14671	0.100287	0.0117899	-0.0455661	-0.721209	4.95517	
0.135557	0.0926381	0.0105272	-0.0280545	-0.667561	4.57816	
0.125475	0.0857221	0.00940601	-0.0129936	-0.619139	4.23733	
0.116361	0.0794689	0.00841238	-0.000134605	-0.57544	3.92919	
0.108141	0.0738195	0.00755515	0.0105075	-0.536834	3.65101	
0.10069	0.0687056	0.00677912	0.019608	-0.501256	3.39908	
0.0939551	0.0640813	0.00609651	0.0271157	-0.469161	3.17129	
0.0878656	0.0598995	0.00549798	0.0331946	-0.440215	2.96533	
0.0823602	0.0561177	0.00497509	0.0379924	-0.414112	2.77909	
0.0773825	0.0526974	0.00452018	0.0416424	-0.390581	2.61069	
0.0728821	0.0496039	0.00412636	0.044265	-0.369371	2.45841	
0.068813	0.0468058	0.00378739	0.0459684	-0.350261	2.32071	
0.0651338	0.0442748	0.00349761	0.0468504	-0.333048	2.19618	
0.0618072	0.0419851	0.00325192	0.0469991	-0.317549	2.08356	
0.0587992	0.0399135	0.00304571	0.046494	-0.303599	1.98171	
0.0560794	0.0380391	0.00287482	0.0454067	-0.291049	1.8896	
0.0536201	0.036343	0.00273548	0.0438017	-0.279764	1.80629	
0.0513963	0.0348079	0.00262428	0.0417373	-0.269621	1.73094	
0.0493855	0.0334184	0.00253816	0.0392658	-0.260512	1.66278	
0.0475671	0.0321605	0.00247432	0.0364343	-0.252336	1.60114	
0.0459228	0.0310215	0.00243027	0.0332853	-0.245003	1.54537	
0.0444359	0.02999	0.00240373	0.029857	-0.238432	1.49493	
0.0430913	0.0290556	0.00239266	0.0261836	-0.232549	1.44929	
0.0418754	0.0282089	0.00239519	0.0222961	-0.227287	1.408	
0.0407758	0.0274415	0.00240965	0.018222	-0.222588	1.37065	
0.0397814	0.0267458	0.00243453	0.0139861	-0.218396	1.33685	
0.0388822	0.0261147	0.00246844	0.00961069	-0.214662	1.30627	
0.0380689	0.0255421	0.00251015	0.0051155	-0.211341	1.2786	
0.0373335	0.0250222	0.00255853	0.000518251	-0.208395	1.25356	
0.0366684	0.02455	0.00261255	-0.0041653	-0.205786	1.23089	
0.0360669	0.0241207	0.00267129	-0.00892117	-0.203481	1.21038	
0.035523	0.0237303	0.00273389	-0.013737	-0.201451	1.19181	
0.0350311	0.0233749	0.00279958	-0.0186018	-0.19967	1.17501	
0.0345863	0.023051	0.00286765	-0.0235061	-0.198113	1.1598	
0.0341856	0.0227573	0.0029361	-0.0284263	-0.196708	1.14609	
0.0338216	0.0224873	0.00300717	-0.0333847	-0.195536	1.13362	
0.0334924	0.0222403	0.00307879	-0.0383604	-0.194526	1.12231	
0.0331947	0.0220141	0.00315047	-0.0433489	-0.193665	1.11208	
0.0329273	0.0218034	0.00323139	-0.0484627	-0.193312	1.10275	
0.0326835	0.0216123	0.00330028	-0.0534549	-0.192667	1.09436	
0.0324632	0.0214362	0.00336799	-0.0584507	-0.192135	1.08675	
0.0322642	0.0212736	0.00343409	-0.063448	-0.191705	1.07987	
