-0.256707	-1.76762	-0.330234	1.5708	-0.527061	-2.88489	
-0.256707	-1.76762	-0.330234	1.5708	-0.527061	-2.88489	
-0.256707	-1.76762	-0.330235	1.5708	-0.527061	-2.88489	
-0.256707	-1.76762	-0.330235	1.5708	-0.527061	-2.88489	
-0.256707	-1.76762	-0.330236	1.5708	-0.52706	-2.88489	
-0.256707	-1.76762	-0.330238	1.5708	-0.52706	-2.88489	
-0.256707	-1.76762	-0.330239	1.5708	-0.527059	-2.88489	
-0.256707	-1.76761	-0.330241	1.5708	-0.527059	-2.88489	
-0.256707	-1.76761	-0.330243	1.5708	-0.527058	-2.88489	
-0.256707	-1.76761	-0.330246	1.5708	-0.527057	-2.88489	
-0.256707	-1.7676	-0.330249	1.5708	-0.527056	-2.88489	
-0.256707	-1.7676	-0.330252	1.5708	-0.527055	-2.88489	
-0.256707	-1.76759	-0.330255	1.5708	-0.527053	-2.88489	
-0.256707	-1.76759	-0.330259	1.5708	-0.527052	-2.88489	
-0.256707	-1.76758	-0.330263	1.5708	-0.527051	-2.88489	
-0.256707	-1.76758	-0.330267	1.5708	-0.527049	-2.88489	
-0.256707	-1.76757	-0.330272	1.5708	-0.527047	-2.88489	
-0.256707	-1.76757	-0.330276	1.5708	-0.527046	-2.88489	
-0.256707	-1.76756	-0.330282	1.5708	-0.527044	-2.88489	
-0.256707	-1.76755	-0.330287	1.5708	-0.527042	-2.88489	
-0.256707	-1.76754	-0.330293	1.5708	-0.52704	-2.88489	
-0.256707	-1.76754	-0.330299	1.5708	-0.527037	-2.88489	
-0.256707	-1.76753	-0.330305	1.5708	-0.527035	-2.88489	
-0.256707	-1.76752	-0.330312	1.5708	-0.527033	-2.88489	
-0.256707	-1.76751	-0.330318	1.5708	-0.52703	-2.88489	
-0.256707	-1.7675	-0.330325	1.5708	-0.527028	-2.88489	
-0.256707	-1.76749	-0.330333	1.5708	-0.527025	-2.88489	
-0.256707	-1.76748	-0.330341	1.5708	-0.527022	-2.88489	
-0.256707	-1.76747	-0.330349	1.5708	-0.527019	-2.88489	
-0.256707	-1.76746	-0.330357	1.5708	-0.527016	-2.88489	
-0.256707	-1.76744	-0.330365	1.5708	-0.527013	-2.88489	
-0.256707	-1.76743	-0.330374	1.5708	-0.52701	-2.88489	
-0.256707	-1.76742	-0.330383	1.5708	-0.527006	-2.88489	
-0.256707	-1.76741	-0.330393	1.5708	-0.527003	-2.88489	
-0.256707	-1.76739	-0.330403	1.5708	-0.526999	-2.88489	
-0.256707	-1.76738	-0.330413	1.5708	-0.526995	-2.88489	
-0.256707	-1.76737	-0.330423	1.5708	-0.526992	-2.88489	
-0.256707	-1.76735	-0.330433	1.5708	-0.526988	-2.88489	
-0.256707	-1.76734	-0.330444	1.5708	-0.526984	-2.88489	
-0.256707	-1.76732	-0.330455	1.5708	-0.52698	-2.88489	
-0.256707	-1.76731	-0.330467	1.5708	-0.526976	-2.88489	
-0.256707	-1.76729	-0.330478	1.5708	-0.526971	-2.88489	
-0.256707	-1.76727	-0.33049	1.5708	-0.526967	-2.88489	
-0.256707	-1.76726	-0.330503	1.5708	-0.526962	-2.88489	
-0.256707	-1.76724	-0.330515	1.5708	-0.526958	-2.88489	
-0.256707	-1.76722	-0.330528	1.5708	-0.526953	-2.88489	
-0.256707	-1.7672	-0.330541	1.5708	-0.526948	-2.88489	
-0.256707	-1.76719	-0.330554	1.5708	-0.526943	-2.88489	
-0.256707	-1.76717	-0.330568	1.5708	-0.526938	-2.88489	
-0.256707	-1.76715	-0.330582	1.5708	-0.526933	-2.88489	
-0.256707	-1.76713	-0.330596	1.5708	-0.526928	-2.88489	
-0.256707	-1.76711	-0.330611	1.5708	-0.526923	-2.88489	
-0.256707	-1.76709	-0.330625	1.5708	-0.526917	-2.88489	
-0.256707	-1.76707	-0.33064	1.5708	-0.526912	-2.88489	
-0.256707	-1.76705	-0.330656	1.5708	-0.526906	-2.88489	
-0.256707	-1.76703	-0.330671	1.5708	-0.5269	-2.88489	
-0.256707	-1.767	-0.330687	1.5708	-0.526895	-2.88489	
-0.256707	-1.76698	-0.330703	1.5708	-0.526889	-2.88489	
-0.256707	-1.76696	-0.33072	1.5708	-0.526883	-2.88489	
-0.256707	-1.76694	-0.330736	1.5708	-0.526877	-2.88489	
-0.256707	-1.76691	-0.330753	1.5708	-0.52687	-2.88489	
-0.256707	-1.76689	-0.330771	1.5708	-0.526864	-2.88489	
-0.256707	-1.76687	-0.330788	1.5708	-0.526858	-2.88489	
-0.256707	-1.76684	-0.330806	1.5708	-0.526851	-2.88489	
-0.256707	-1.76682	-0.330824	1.5708	-0.526845	-2.88489	
-0.256707	-1.76679	-0.330842	1.5708	-0.526838	-2.88489	
-0.256707	-1.76677	-0.330861	1.5708	-0.526831	-2.88489	
-0.256707	-1.76674	-0.33088	1.5708	-0.526824	-2.88489	
-0.256707	-1.76671	-0.330899	1.5708	-0.526817	-2.88489	
-0.256707	-1.76669	-0.330918	1.5708	-0.52681	-2.88489	
-0.256707	-1.76666	-0.330938	1.5708	-0.526803	-2.88489	
-0.256707	-1.76663	-0.330958	1.5708	-0.526796	-2.88489	
-0.256707	-1.76661	-0.330978	1.5708	-0.526788	-2.88489	
-0.256707	-1.76658	-0.330999	1.5708	-0.526781	-2.88489	
-0.256707	-1.76655	-0.331019	1.5708	-0.526773	-2.88489	
-0.256707	-1.76652	-0.33104	1.5708	-0.526765	-2.88489	
-0.256707	-1.76649	-0.331062	1.5708	-0.526758	-2.88489	
-0.256707	-1.76646	-0.331083	1.5708	-0.52675	-2.88489	
-0.256707	-1.76643	-0.331105	1.5708	-0.526742	-2.88489	
-0.256707	-1.7664	-0.331127	1.5708	-0.526734	-2.88489	
-0.256707	-1.76637	-0.33115	1.5708	-0.526726	-2.88489	
-0.256707	-1.76634	-0.331172	1.5708	-0.526717	-2.88489	
-0.256707	-1.76631	-0.331195	1.5708	-0.526709	-2.88489	
-0.256707	-1.76628	-0.331218	1.5708	-0.526701	-2.88489	
-0.256707	-1.76625	-0.331242	1.5708	-0.526692	-2.88489	
-0.256707	-1.76621	-0.331265	1.5708	-0.526683	-2.88489	
-0.256707	-1.76618	-0.331289	1.5708	-0.526675	-2.88489	
-0.256707	-1.76615	-0.331313	1.5708	-0.526666	-2.88489	
-0.256707	-1.76612	-0.331338	1.5708	-0.526657	-2.88489	
-0.256707	-1.76608	-0.331363	1.5708	-0.526648	-2.88489	
-0.256707	-1.76605	-0.331388	1.5708	-0.526639	-2.88489	
-0.256707	-1.76601	-0.331413	1.5708	-0.52663	-2.88489	
-0.256707	-1.76598	-0.331438	1.5708	-0.52662	-2.88489	
-0.256707	-1.76594	-0.331464	1.5708	-0.526611	-2.88489	
-0.256707	-1.76591	-0.33149	1.5708	-0.526601	-2.88489	
-0.256707	-1.76587	-0.331517	1.5708	-0.526592	-2.88489	
-0.256707	-1.76584	-0.331543	1.5708	-0.526582	-2.88489	
-0.256707	-1.7658	-0.33157	1.5708	-0.526572	-2.88489	
-0.256707	-1.76576	-0.331597	1.5708	-0.526563	-2.88489	
-0.256707	-1.76572	-0.331624	1.5708	-0.526553	-2.88489	
-0.256707	-1.76569	-0.331652	1.5708	-0.526543	-2.88489	
-0.256707	-1.76565	-0.33168	1.5708	-0.526533	-2.88489	
-0.256707	-1.76561	-0.331708	1.5708	-0.526522	-2.88489	
-0.256707	-1.76557	-0.331736	1.5708	-0.526512	-2.88489	
-0.256707	-1.76553	-0.331765	1.5708	-0.526502	-2.88489	
-0.256707	-1.76549	-0.331794	1.5708	-0.526491	-2.88489	
-0.256707	-1.76545	-0.331823	1.5708	-0.526481	-2.88489	
-0.256707	-1.76541	-0.331852	1.5708	-0.52647	-2.88489	
-0.256707	-1.76537	-0.331882	1.5708	-0.526459	-2.88489	
-0.256707	-1.76533	-0.331912	1.5708	-0.526448	-2.88489	
-0.256707	-1.76529	-0.331942	1.5708	-0.526438	-2.88489	
-0.256707	-1.76525	-0.331972	1.5708	-0.526427	-2.88489	
-0.256707	-1.76521	-0.332003	1.5708	-0.526415	-2.88489	
-0.256707	-1.76517	-0.332034	1.5708	-0.526404	-2.88489	
-0.256707	-1.76512	-0.332065	1.5708	-0.526393	-2.88489	
-0.256707	-1.76508	-0.332096	1.5708	-0.526382	-2.88489	
-0.256707	-1.76504	-0.332128	1.5708	-0.52637	-2.88489	
-0.256707	-1.765	-0.33216	1.5708	-0.526359	-2.88489	
-0.256707	-1.76495	-0.332192	1.5708	-0.526347	-2.88489	
-0.256707	-1.76491	-0.332224	1.5708	-0.526335	-2.88489	
-0.256707	-1.76486	-0.332257	1.5708	-0.526324	-2.88489	
-0.256707	-1.76482	-0.33229	1.5708	-0.526312	-2.88489	
-0.256707	-1.76477	-0.332323	1.5708	-0.5263	-2.88489	
-0.256707	-1.76473	-0.332357	1.5708	-0.526288	-2.88489	
-0.256707	-1.76468	-0.33239	1.5708	-0.526276	-2.88489	
-0.256707	-1.76464	-0.332424	1.5708	-0.526263	-2.88489	
-0.256707	-1.76459	-0.332458	1.5708	-0.526251	-2.88489	
-0.256707	-1.76454	-0.332492	1.5708	-0.526239	-2.88489	
-0.256707	-1.7645	-0.332527	1.5708	-0.526226	-2.88489	
-0.256707	-1.76445	-0.332562	1.5708	-0.526214	-2.88489	
-0.256707	-1.7644	-0.332597	1.5708	-0.526201	-2.88489	
-0.256707	-1.76435	-0.332632	1.5708	-0.526188	-2.88489	
-0.256707	-1.7643	-0.332668	1.5708	-0.526176	-2.88489	
-0.256707	-1.76426	-0.332704	1.5708	-0.526163	-2.88489	
-0.256707	-1.76421	-0.33274	1.5708	-0.52615	-2.88489	
-0.256707	-1.76416	-0.332776	1.5708	-0.526137	-2.88489	
-0.256707	-1.76411	-0.332813	1.5708	-0.526124	-2.88489	
-0.256707	-1.76406	-0.332849	1.5708	-0.52611	-2.88489	
-0.256707	-1.76401	-0.332886	1.5708	-0.526097	-2.88489	
-0.256707	-1.76396	-0.332924	1.5708	-0.526084	-2.88489	
-0.256707	-1.76391	-0.332961	1.5708	-0.52607	-2.88489	
-0.256707	-1.76385	-0.332999	1.5708	-0.526057	-2.88489	
-0.256707	-1.7638	-0.333037	1.5708	-0.526043	-2.88489	
-0.256707	-1.76375	-0.333075	1.5708	-0.52603	-2.88489	
-0.256707	-1.7637	-0.333114	1.5708	-0.526016	-2.88489	
-0.256707	-1.76365	-0.333152	1.5708	-0.526002	-2.88489	
-0.256707	-1.76359	-0.333191	1.5708	-0.525988	-2.88489	
-0.256707	-1.76354	-0.33323	1.5708	-0.525974	-2.88489	
-0.256707	-1.76349	-0.33327	1.5708	-0.52596	-2.88489	
-0.256707	-1.76343	-0.333309	1.5708	-0.525946	-2.88489	
-0.256707	-1.76338	-0.333349	1.5708	-0.525932	-2.88489	
-0.256707	-1.76332	-0.333389	1.5708	-0.525917	-2.88489	
-0.256707	-1.76327	-0.33343	1.5708	-0.525903	-2.88489	
-0.256707	-1.76321	-0.33347	1.5708	-0.525888	-2.88489	
-0.256707	-1.76316	-0.333511	1.5708	-0.525874	-2.88489	
-0.256707	-1.7631	-0.333552	1.5708	-0.525859	-2.88489	
-0.256707	-1.76305	-0.333593	1.5708	-0.525845	-2.88489	
-0.256707	-1.76299	-0.333635	1.5708	-0.52583	-2.88489	
-0.256707	-1.76293	-0.333676	1.5708	-0.525815	-2.88489	
-0.256707	-1.76288	-0.333718	1.5708	-0.5258	-2.88489	
-0.256707	-1.76282	-0.33376	1.5708	-0.525785	-2.88489	
-0.256707	-1.76276	-0.333803	1.5708	-0.52577	-2.88489	
-0.256707	-1.76271	-0.333845	1.5708	-0.525755	-2.88489	
-0.256707	-1.76265	-0.333888	1.5708	-0.52574	-2.88489	
-0.256707	-1.76259	-0.333931	1.5708	-0.525724	-2.88489	
-0.256707	-1.76253	-0.333974	1.5708	-0.525709	-2.88489	
-0.256707	-1.76247	-0.334018	1.5708	-0.525694	-2.88489	
-0.256707	-1.76241	-0.334062	1.5708	-0.525678	-2.88489	
-0.256707	-1.76235	-0.334106	1.5708	-0.525662	-2.88489	
-0.256707	-1.76229	-0.33415	1.5708	-0.525647	-2.88489	
-0.256707	-1.76223	-0.334194	1.5708	-0.525631	-2.88489	
-0.256707	-1.76217	-0.334239	1.5708	-0.525615	-2.88489	
-0.256707	-1.76211	-0.334284	1.5708	-0.525599	-2.88489	
-0.256707	-1.76205	-0.334329	1.5708	-0.525583	-2.88489	
-0.256707	-1.76199	-0.334374	1.5708	-0.525567	-2.88489	
-0.256707	-1.76193	-0.334419	1.5708	-0.525551	-2.88489	
-0.256707	-1.76187	-0.334465	1.5708	-0.525535	-2.88489	
-0.256707	-1.7618	-0.334511	1.5708	-0.525519	-2.88489	
-0.256707	-1.76174	-0.334557	1.5708	-0.525503	-2.88489	
-0.256707	-1.76168	-0.334604	1.5708	-0.525486	-2.88489	
-0.256707	-1.76162	-0.33465	1.5708	-0.52547	-2.88489	
-0.256707	-1.76155	-0.334697	1.5708	-0.525453	-2.88489	
-0.256707	-1.76149	-0.334744	1.5708	-0.525437	-2.88489	
-0.256707	-1.76143	-0.334791	1.5708	-0.52542	-2.88489	
-0.256707	-1.76136	-0.334839	1.5708	-0.525404	-2.88489	
-0.256707	-1.7613	-0.334886	1.5708	-0.525387	-2.88489	
-0.256707	-1.76123	-0.334934	1.5708	-0.52537	-2.88489	
-0.256707	-1.76117	-0.334982	1.5708	-0.525353	-2.88489	
-0.256707	-1.7611	-0.335031	1.5708	-0.525336	-2.88489	
-0.256707	-1.76104	-0.335079	1.5708	-0.525319	-2.88489	
-0.256707	-1.76097	-0.335128	1.5708	-0.525302	-2.88489	
-0.256707	-1.7609	-0.335177	1.5708	-0.525285	-2.88489	
-0.256707	-1.76084	-0.335226	1.5708	-0.525268	-2.88489	
-0.256707	-1.76077	-0.335275	1.5708	-0.52525	-2.88489	
-0.256707	-1.7607	-0.335325	1.5708	-0.525233	-2.88489	
-0.256707	-1.76064	-0.335375	1.5708	-0.525216	-2.88489	
-0.256707	-1.76057	-0.335425	1.5708	-0.525198	-2.88489	
-0.256707	-1.7605	-0.335475	1.5708	-0.525181	-2.88489	
-0.256707	-1.76043	-0.335525	1.5708	-0.525163	-2.88489	
-0.256707	-1.76037	-0.335576	1.5708	-0.525145	-2.88489	
-0.256707	-1.7603	-0.335626	1.5708	-0.525127	-2.88489	
-0.256707	-1.76023	-0.335677	1.5708	-0.52511	-2.88489	
-0.256707	-1.76016	-0.335729	1.5708	-0.525092	-2.88489	
-0.256707	-1.76009	-0.33578	1.5708	-0.525074	-2.88489	
-0.256707	-1.76002	-0.335832	1.5708	-0.525056	-2.88489	
-0.256707	-1.75995	-0.335883	1.5708	-0.525038	-2.88489	
-0.256707	-1.75988	-0.335935	1.5708	-0.52502	-2.88489	
-0.256707	-1.75981	-0.335988	1.5708	-0.525002	-2.88489	
-0.256707	-1.75974	-0.33604	1.5708	-0.524983	-2.88489	
-0.256707	-1.75967	-0.336093	1.5708	-0.524965	-2.88489	
-0.256707	-1.7596	-0.336145	1.5708	-0.524947	-2.88489	
-0.256707	-1.75953	-0.336198	1.5708	-0.524928	-2.88489	
-0.256707	-1.75945	-0.336252	1.5708	-0.52491	-2.88489	
-0.256707	-1.75938	-0.336305	1.5708	-0.524891	-2.88489	
-0.256707	-1.75931	-0.336359	1.5708	-0.524873	-2.88489	
-0.256707	-1.75924	-0.336412	1.5708	-0.524854	-2.88489	
-0.256707	-1.75917	-0.336466	1.5708	-0.524835	-2.88489	
-0.256707	-1.75909	-0.336521	1.5708	-0.524817	-2.88489	
-0.256707	-1.75902	-0.336575	1.5708	-0.524798	-2.88489	
-0.256707	-1.75895	-0.336629	1.5708	-0.524779	-2.88489	
-0.256707	-1.75887	-0.336684	1.5708	-0.52476	-2.88489	
-0.256707	-1.7588	-0.336739	1.5708	-0.524741	-2.88489	
-0.256707	-1.75872	-0.336794	1.5708	-0.524722	-2.88489	
-0.256707	-1.75865	-0.33685	1.5708	-0.524703	-2.88489	
-0.256707	-1.75858	-0.336905	1.5708	-0.524684	-2.88489	
-0.256707	-1.7585	-0.336961	1.5708	-0.524665	-2.88489	
-0.256707	-1.75842	-0.337017	1.5708	-0.524645	-2.88489	
-0.256707	-1.75835	-0.337073	1.5708	-0.524626	-2.88489	
-0.256707	-1.75827	-0.337129	1.5708	-0.524607	-2.88489	
-0.256707	-1.7582	-0.337186	1.5708	-0.524587	-2.88489	
-0.256707	-1.75812	-0.337242	1.5708	-0.524568	-2.88489	
-0.256707	-1.75805	-0.337299	1.5708	-0.524548	-2.88489	
-0.256707	-1.75797	-0.337356	1.5708	-0.524529	-2.88489	
-0.256707	-1.75789	-0.337413	1.5708	-0.524509	-2.88489	
-0.256707	-1.75782	-0.337471	1.5708	-0.52449	-2.88489	
-0.256707	-1.75774	-0.337528	1.5708	-0.52447	-2.88489	
-0.256707	-1.75766	-0.337586	1.5708	-0.52445	-2.88489	
-0.256707	-1.75758	-0.337644	1.5708	-0.52443	-2.88489	
-0.256707	-1.7575	-0.337702	1.5708	-0.52441	-2.88489	
-0.256707	-1.75743	-0.33776	1.5708	-0.52439	-2.88489	
-0.256707	-1.75735	-0.337819	1.5708	-0.52437	-2.88489	
-0.256707	-1.75727	-0.337877	1.5708	-0.52435	-2.88489	
-0.256707	-1.75719	-0.337936	1.5708	-0.52433	-2.88489	
-0.256707	-1.75711	-0.337995	1.5708	-0.52431	-2.88489	
-0.256707	-1.75703	-0.338055	1.5708	-0.52429	-2.88489	
-0.256707	-1.75695	-0.338114	1.5708	-0.52427	-2.88489	
-0.256707	-1.75687	-0.338173	1.5708	-0.52425	-2.88489	
-0.256707	-1.75679	-0.338233	1.5708	-0.524229	-2.88489	
-0.256707	-1.75671	-0.338293	1.5708	-0.524209	-2.88489	
-0.256707	-1.75663	-0.338353	1.5708	-0.524188	-2.88489	
-0.256707	-1.75655	-0.338413	1.5708	-0.524168	-2.88489	
-0.256707	-1.75647	-0.338474	1.5708	-0.524147	-2.88489	
-0.256707	-1.75639	-0.338534	1.5708	-0.524127	-2.88489	
-0.256707	-1.75631	-0.338595	1.5708	-0.524106	-2.88489	
-0.256707	-1.75623	-0.338656	1.5708	-0.524086	-2.88489	
-0.256707	-1.75614	-0.338717	1.5708	-0.524065	-2.88489	
-0.256707	-1.75606	-0.338778	1.5708	-0.524044	-2.88489	
-0.256707	-1.75598	-0.33884	1.5708	-0.524023	-2.88489	
-0.256707	-1.7559	-0.338901	1.5708	-0.524003	-2.88489	
-0.256707	-1.75581	-0.338963	1.5708	-0.523982	-2.88489	
-0.256707	-1.75573	-0.339025	1.5708	-0.523961	-2.88489	
-0.256707	-1.75565	-0.339087	1.5708	-0.52394	-2.88489	
-0.256707	-1.75557	-0.339149	1.5708	-0.523919	-2.88489	
-0.256707	-1.75548	-0.339212	1.5708	-0.523898	-2.88489	
-0.256707	-1.7554	-0.339275	1.5708	-0.523877	-2.88489	
-0.256707	-1.75531	-0.339337	1.5708	-0.523856	-2.88489	
-0.256707	-1.75523	-0.3394	1.5708	-0.523835	-2.88489	
-0.256707	-1.75515	-0.339463	1.5708	-0.523813	-2.88489	
-0.256707	-1.75506	-0.339527	1.5708	-0.523792	-2.88489	
-0.256707	-1.75498	-0.33959	1.5708	-0.523771	-2.88489	
-0.256707	-1.75489	-0.339653	1.5708	-0.523749	-2.88489	
-0.256707	-1.75481	-0.339717	1.5708	-0.523728	-2.88489	
-0.256707	-1.75472	-0.339781	1.5708	-0.523707	-2.88489	
-0.256707	-1.75464	-0.339845	1.5708	-0.523685	-2.88489	
-0.256707	-1.75455	-0.339909	1.5708	-0.523664	-2.88489	
-0.256707	-1.75446	-0.339974	1.5708	-0.523642	-2.88489	
-0.256707	-1.75438	-0.340038	1.5708	-0.523621	-2.88489	
-0.256707	-1.75429	-0.340103	1.5708	-0.523599	-2.88489	
-0.256707	-1.75421	-0.340168	1.5708	-0.523577	-2.88489	
-0.256707	-1.75412	-0.340233	1.5708	-0.523556	-2.88489	
-0.256707	-1.75403	-0.340298	1.5708	-0.523534	-2.88489	
-0.256707	-1.75395	-0.340363	1.5708	-0.523512	-2.88489	
-0.256707	-1.75386	-0.340428	1.5708	-0.523491	-2.88489	
-0.256707	-1.75377	-0.340494	1.5708	-0.523469	-2.88489	
-0.256707	-1.75368	-0.34056	1.5708	-0.523447	-2.88489	
-0.256707	-1.7536	-0.340626	1.5708	-0.523425	-2.88489	
-0.256707	-1.75351	-0.340692	1.5708	-0.523403	-2.88489	
-0.256707	-1.75342	-0.340758	1.5708	-0.523381	-2.88489	
-0.256707	-1.75333	-0.340824	1.5708	-0.523359	-2.88489	
-0.256707	-1.75324	-0.340891	1.5708	-0.523337	-2.88489	
-0.256707	-1.75315	-0.340957	1.5708	-0.523315	-2.88489	
-0.256707	-1.75307	-0.341024	1.5708	-0.523293	-2.88489	
-0.256707	-1.75298	-0.341091	1.5708	-0.523271	-2.88489	
-0.256707	-1.75289	-0.341158	1.5708	-0.523249	-2.88489	
-0.256707	-1.7528	-0.341225	1.5708	-0.523227	-2.88489	
-0.256707	-1.75271	-0.341293	1.5708	-0.523204	-2.88489	
-0.256707	-1.75262	-0.34136	1.5708	-0.523182	-2.88489	
-0.256707	-1.75253	-0.341428	1.5708	-0.52316	-2.88489	
-0.256707	-1.75244	-0.341495	1.5708	-0.523137	-2.88489	
-0.256707	-1.75235	-0.341563	1.5708	-0.523115	-2.88489	
-0.256707	-1.75226	-0.341631	1.5708	-0.523093	-2.88489	
-0.256707	-1.75217	-0.3417	1.5708	-0.52307	-2.88489	
-0.256707	-1.75208	-0.341768	1.5708	-0.523048	-2.88489	
-0.256707	-1.75199	-0.341836	1.5708	-0.523025	-2.88489	
-0.256707	-1.75189	-0.341905	1.5708	-0.523003	-2.88489	
-0.256707	-1.7518	-0.341974	1.5708	-0.52298	-2.88489	
-0.256707	-1.75171	-0.342042	1.5708	-0.522958	-2.88489	
-0.256707	-1.75162	-0.342111	1.5708	-0.522935	-2.88489	
-0.256707	-1.75153	-0.342181	1.5708	-0.522913	-2.88489	
-0.256707	-1.75144	-0.34225	1.5708	-0.52289	-2.88489	
-0.256707	-1.75134	-0.342319	1.5708	-0.522867	-2.88489	
-0.256707	-1.75125	-0.342389	1.5708	-0.522845	-2.88489	
-0.256707	-1.75116	-0.342458	1.5708	-0.522822	-2.88489	
-0.256707	-1.75107	-0.342528	1.5708	-0.522799	-2.88489	
-0.256707	-1.75097	-0.342598	1.5708	-0.522776	-2.88489	
-0.256707	-1.75088	-0.342668	1.5708	-0.522754	-2.88489	
-0.256707	-1.75079	-0.342738	1.5708	-0.522731	-2.88489	
-0.256707	-1.7507	-0.342809	1.5708	-0.522708	-2.88489	
-0.256707	-1.7506	-0.342879	1.5708	-0.522685	-2.88489	
-0.256707	-1.75051	-0.34295	1.5708	-0.522662	-2.88489	
-0.256707	-1.75042	-0.34302	1.5708	-0.522639	-2.88489	
-0.256707	-1.75032	-0.343091	1.5708	-0.522616	-2.88489	
-0.256707	-1.75023	-0.343162	1.5708	-0.522593	-2.88489	
-0.256707	-1.75013	-0.343233	1.5708	-0.52257	-2.88489	
-0.256707	-1.75004	-0.343304	1.5708	-0.522547	-2.88489	
-0.256707	-1.74995	-0.343375	1.5708	-0.522524	-2.88489	
-0.256707	-1.74985	-0.343447	1.5708	-0.522501	-2.88489	
-0.256707	-1.74976	-0.343518	1.5708	-0.522478	-2.88489	
-0.256707	-1.74966	-0.34359	1.5708	-0.522455	-2.88489	
-0.256707	-1.74957	-0.343662	1.5708	-0.522432	-2.88489	
-0.256707	-1.74947	-0.343734	1.5708	-0.522409	-2.88489	
-0.256707	-1.74938	-0.343806	1.5708	-0.522386	-2.88489	
-0.256707	-1.74928	-0.343878	1.5708	-0.522362	-2.88489	
-0.256707	-1.74919	-0.34395	1.5708	-0.522339	-2.88489	
-0.256707	-1.74909	-0.344022	1.5708	-0.522316	-2.88489	
-0.256707	-1.74899	-0.344095	1.5708	-0.522293	-2.88489	
-0.256707	-1.7489	-0.344167	1.5708	-0.522269	-2.88489	
-0.256707	-1.7488	-0.34424	1.5708	-0.522246	-2.88489	
-0.256707	-1.74871	-0.344313	1.5708	-0.522223	-2.88489	
-0.256707	-1.74861	-0.344386	1.5708	-0.5222	-2.88489	
-0.256707	-1.74851	-0.344459	1.5708	-0.522176	-2.88489	
-0.256707	-1.74842	-0.344532	1.5708	-0.522153	-2.88489	
-0.256707	-1.74832	-0.344605	1.5708	-0.52213	-2.88489	
-0.256707	-1.74822	-0.344678	1.5708	-0.522106	-2.88489	
-0.256707	-1.74813	-0.344752	1.5708	-0.522083	-2.88489	
-0.256707	-1.74803	-0.344825	1.5708	-0.522059	-2.88489	
-0.256707	-1.74793	-0.344899	1.5708	-0.522036	-2.88489	
-0.256707	-1.74784	-0.344973	1.5708	-0.522012	-2.88489	
-0.256707	-1.74774	-0.345047	1.5708	-0.521989	-2.88489	
-0.256707	-1.74764	-0.34512	1.5708	-0.521965	-2.88489	
-0.256707	-1.74754	-0.345195	1.5708	-0.521942	-2.88489	
-0.256707	-1.74745	-0.345269	1.5708	-0.521918	-2.88489	
-0.256707	-1.74735	-0.345343	1.5708	-0.521895	-2.88489	
-0.256709	-1.74729	-0.345427	1.57071	-0.521983	-2.88515	
-0.256712	-1.74725	-0.345505	1.5706	-0.522107	-2.8855	
-0.256715	-1.74721	-0.345574	1.5705	-0.522217	-2.88581	
-0.256719	-1.74718	-0.345634	1.5704	-0.522315	-2.88608	
-0.256723	-1.74716	-0.345685	1.57031	-0.522401	-2.88631	
-0.256727	-1.74713	-0.34573	1.57023	-0.522477	-2.88652	
-0.256731	-1.74711	-0.345767	1.57015	-0.522543	-2.8867	
-0.256736	-1.74709	-0.345799	1.57008	-0.522601	-2.88685	
-0.256741	-1.74708	-0.345825	1.57001	-0.522651	-2.88698	
-0.256746	-1.74706	-0.345846	1.56995	-0.522694	-2.8871	
-0.25675	-1.74705	-0.345863	1.56989	-0.522731	-2.88719	
-0.256756	-1.74704	-0.345876	1.56984	-0.522763	-2.88727	
-0.256761	-1.74704	-0.345885	1.56979	-0.522789	-2.88734	
-0.256766	-1.74703	-0.345891	1.56974	-0.52281	-2.88739	
-0.256771	-1.74702	-0.345893	1.5697	-0.522827	-2.88743	
-0.256776	-1.74702	-0.345894	1.56965	-0.52284	-2.88746	
-0.256782	-1.74702	-0.345891	1.56961	-0.52285	-2.88748	
-0.256787	-1.74702	-0.345887	1.56957	-0.522856	-2.88749	
-0.256792	-1.74702	-0.34588	1.56954	-0.52286	-2.8875	
-0.256797	-1.74702	-0.345872	1.5695	-0.522861	-2.88749	
-0.256803	-1.74702	-0.345862	1.56947	-0.522859	-2.88749	
-0.256808	-1.74702	-0.345851	1.56944	-0.522856	-2.88747	
-0.256813	-1.74702	-0.345839	1.56941	-0.52285	-2.88745	
-0.256818	-1.74703	-0.345825	1.56938	-0.522842	-2.88743	
-0.256823	-1.74703	-0.34581	1.56936	-0.522833	-2.88741	
-0.256828	-1.74703	-0.345794	1.56933	-0.522823	-2.88738	
-0.256834	-1.74704	-0.345778	1.56931	-0.522811	-2.88734	
-0.256839	-1.74704	-0.34576	1.56928	-0.522798	-2.88731	
-0.256843	-1.74705	-0.345742	1.56926	-0.522784	-2.88727	
-0.256848	-1.74705	-0.345724	1.56924	-0.522768	-2.88723	
-0.256853	-1.74706	-0.345705	1.56922	-0.522752	-2.88719	
-0.256858	-1.74707	-0.345685	1.56919	-0.522735	-2.88715	
-0.256863	-1.74707	-0.345665	1.56917	-0.522717	-2.88711	
-0.256867	-1.74708	-0.345644	1.56916	-0.522699	-2.88706	
-0.256872	-1.74708	-0.345624	1.56914	-0.52268	-2.88702	
-0.256876	-1.74709	-0.345603	1.56912	-0.52266	-2.88697	
-0.256881	-1.7471	-0.345581	1.5691	-0.52264	-2.88693	
-0.256885	-1.74711	-0.34556	1.56908	-0.52262	-2.88688	
-0.25689	-1.74711	-0.345538	1.56907	-0.522598	-2.88683	
-0.256894	-1.74712	-0.345516	1.56905	-0.522577	-2.88679	
-0.256898	-1.74713	-0.345494	1.56904	-0.522555	-2.88674	
-0.256902	-1.74713	-0.345472	1.56902	-0.522533	-2.88669	
-0.256907	-1.74714	-0.345449	1.56901	-0.522511	-2.88664	
-0.256911	-1.74715	-0.345427	1.56899	-0.522488	-2.8866	
-0.256915	-1.74716	-0.345404	1.56898	-0.522465	-2.88655	
-0.256919	-1.74716	-0.345382	1.56896	-0.522442	-2.8865	
-0.256922	-1.74717	-0.345359	1.56895	-0.522419	-2.88646	
-0.256926	-1.74718	-0.345337	1.56894	-0.522395	-2.88641	
-0.25693	-1.74719	-0.345314	1.56893	-0.522371	-2.88636	
-0.256934	-1.7472	-0.345291	1.56891	-0.522347	-2.88632	
-0.256937	-1.7472	-0.345269	1.5689	-0.522323	-2.88627	
-0.256941	-1.74721	-0.345246	1.56889	-0.522299	-2.88623	
-0.256945	-1.74722	-0.345223	1.56888	-0.522275	-2.88618	
-0.256948	-1.74723	-0.345201	1.56887	-0.522251	-2.88614	
-0.256951	-1.74723	-0.345178	1.56885	-0.522226	-2.8861	
-0.256955	-1.74724	-0.345156	1.56884	-0.522202	-2.88605	
-0.256958	-1.74725	-0.345133	1.56883	-0.522177	-2.88601	
-0.256961	-1.74726	-0.345111	1.56882	-0.522153	-2.88597	
-0.256965	-1.74727	-0.345088	1.56881	-0.522128	-2.88593	
-0.256968	-1.74727	-0.345066	1.5688	-0.522103	-2.88588	
-0.256971	-1.74728	-0.345044	1.56879	-0.522078	-2.88584	
-0.256974	-1.74729	-0.345021	1.56878	-0.522054	-2.8858	
-0.256977	-1.7473	-0.344999	1.56877	-0.522029	-2.88576	
-0.25698	-1.74731	-0.344977	1.56876	-0.522004	-2.88572	
-0.256983	-1.74731	-0.344955	1.56875	-0.521979	-2.88568	
-0.256986	-1.74732	-0.344933	1.56875	-0.521954	-2.88565	
-0.256989	-1.74733	-0.344911	1.56874	-0.521929	-2.88561	
-0.256991	-1.74734	-0.344889	1.56873	-0.521904	-2.88557	
-0.256994	-1.74734	-0.344867	1.56872	-0.521879	-2.88553	
-0.256997	-1.74735	-0.344845	1.56871	-0.521854	-2.8855	
-0.256999	-1.74736	-0.344823	1.5687	-0.521829	-2.88546	
-0.257002	-1.74737	-0.344802	1.5687	-0.521804	-2.88543	
-0.257004	-1.74738	-0.34478	1.56869	-0.521779	-2.88539	
-0.257007	-1.74738	-0.344759	1.56868	-0.521754	-2.88536	
-0.257009	-1.74739	-0.344737	1.56867	-0.521729	-2.88532	
-0.257012	-1.7474	-0.344716	1.56867	-0.521704	-2.88529	
-0.257014	-1.74741	-0.344694	1.56866	-0.521679	-2.88526	
-0.257017	-1.74741	-0.344673	1.56865	-0.521654	-2.88522	
-0.257019	-1.74742	-0.344652	1.56865	-0.521629	-2.88519	
-0.257021	-1.74743	-0.344631	1.56864	-0.521604	-2.88516	
-0.257023	-1.74744	-0.34461	1.56863	-0.521579	-2.88513	
-0.257026	-1.74744	-0.344589	1.56863	-0.521554	-2.8851	
-0.257028	-1.74745	-0.344568	1.56862	-0.52153	-2.88507	
-0.25703	-1.74746	-0.344547	1.56861	-0.521505	-2.88504	
-0.257032	-1.74747	-0.344527	1.56861	-0.52148	-2.88501	
-0.257034	-1.74747	-0.344506	1.5686	-0.521456	-2.88498	
-0.257036	-1.74748	-0.344485	1.56859	-0.521432	-2.88495	
-0.257038	-1.74749	-0.344465	1.56859	-0.521408	-2.88492	
-0.25704	-1.7475	-0.344445	1.56858	-0.521384	-2.88489	
-0.257042	-1.7475	-0.344424	1.56857	-0.52136	-2.88487	
-0.257043	-1.74751	-0.344404	1.56857	-0.521336	-2.88484	
-0.257045	-1.74752	-0.344384	1.56856	-0.521313	-2.88481	
-0.257047	-1.74753	-0.344364	1.56855	-0.521289	-2.88479	
-0.257049	-1.74753	-0.344344	1.56855	-0.521265	-2.88476	
-0.25705	-1.74754	-0.344324	1.56854	-0.521242	-2.88473	
-0.257052	-1.74755	-0.344304	1.56854	-0.521218	-2.88471	
-0.257054	-1.74755	-0.344285	1.56853	-0.521195	-2.88468	
-0.257055	-1.74756	-0.344265	1.56852	-0.521171	-2.88466	
-0.257057	-1.74757	-0.344245	1.56852	-0.521148	-2.88463	
-0.257058	-1.74758	-0.344226	1.56851	-0.521125	-2.88461	
-0.25706	-1.74758	-0.344207	1.56851	-0.521101	-2.88458	
-0.257061	-1.74759	-0.344187	1.5685	-0.521078	-2.88456	
-0.257063	-1.7476	-0.344168	1.5685	-0.521055	-2.88454	
-0.257064	-1.7476	-0.344149	1.56849	-0.521032	-2.88451	
-0.257066	-1.74761	-0.34413	1.56849	-0.521009	-2.88449	
-0.257067	-1.74762	-0.344111	1.56848	-0.520986	-2.88447	
-0.257069	-1.74763	-0.344093	1.56848	-0.520963	-2.88445	
-0.25707	-1.74763	-0.344074	1.56848	-0.52094	-2.88442	
-0.257071	-1.74764	-0.344055	1.56847	-0.520917	-2.8844	
-0.257073	-1.74765	-0.344037	1.56847	-0.520895	-2.88438	
-0.257074	-1.74765	-0.344018	1.56846	-0.520872	-2.88436	
-0.257075	-1.74766	-0.344	1.56846	-0.520849	-2.88434	
-0.257076	-1.74767	-0.343982	1.56845	-0.520827	-2.88432	
-0.257077	-1.74767	-0.343963	1.56845	-0.520805	-2.8843	
-0.257079	-1.74768	-0.343945	1.56845	-0.520782	-2.88428	
-0.25708	-1.74769	-0.343927	1.56844	-0.52076	-2.88426	
-0.257081	-1.74769	-0.343909	1.56844	-0.520738	-2.88424	
-0.257082	-1.7477	-0.343892	1.56844	-0.520715	-2.88422	
-0.257083	-1.74771	-0.343874	1.56843	-0.520693	-2.8842	
-0.257084	-1.74771	-0.343856	1.56843	-0.520671	-2.88418	
-0.257085	-1.74772	-0.343839	1.56843	-0.520649	-2.88416	
-0.257086	-1.74773	-0.343821	1.56842	-0.520627	-2.88414	
-0.257087	-1.74773	-0.343804	1.56842	-0.520606	-2.88412	
-0.257088	-1.74774	-0.343787	1.56842	-0.520584	-2.8841	
-0.257089	-1.74775	-0.343769	1.56842	-0.520562	-2.88409	
-0.25709	-1.74775	-0.343752	1.56841	-0.520541	-2.88407	
-0.257091	-1.74776	-0.343735	1.56841	-0.520519	-2.88405	
-0.257092	-1.74777	-0.343718	1.56841	-0.520498	-2.88403	
-0.257093	-1.74777	-0.343701	1.56841	-0.520476	-2.88402	
-0.257094	-1.74778	-0.343684	1.5684	-0.520455	-2.884	
-0.257094	-1.74779	-0.343668	1.5684	-0.520434	-2.88398	
-0.257095	-1.74779	-0.343651	1.5684	-0.520412	-2.88397	
-0.257096	-1.7478	-0.343635	1.5684	-0.520391	-2.88395	
-0.257097	-1.7478	-0.343618	1.56839	-0.52037	-2.88393	
-0.257098	-1.74781	-0.343602	1.56839	-0.520349	-2.88392	
-0.257098	-1.74782	-0.343585	1.56839	-0.520328	-2.8839	
-0.257099	-1.74782	-0.343569	1.56839	-0.520308	-2.88389	
-0.2571	-1.74783	-0.343553	1.56839	-0.520287	-2.88387	
-0.2571	-1.74784	-0.343537	1.56839	-0.520266	-2.88385	
-0.257101	-1.74784	-0.343521	1.56838	-0.520246	-2.88384	
-0.257102	-1.74785	-0.343505	1.56838	-0.520225	-2.88382	
-0.257102	-1.74785	-0.34349	1.56838	-0.520205	-2.88381	
-0.257103	-1.74786	-0.343474	1.56838	-0.520184	-2.8838	
-0.257104	-1.74787	-0.343458	1.56838	-0.520164	-2.88378	
-0.257104	-1.74787	-0.343443	1.56838	-0.520144	-2.88377	
-0.257105	-1.74788	-0.343427	1.56838	-0.520124	-2.88375	
-0.257105	-1.74788	-0.343412	1.56838	-0.520104	-2.88374	
-0.257106	-1.74789	-0.343397	1.56837	-0.520084	-2.88373	
-0.257107	-1.7479	-0.343378	1.56837	-0.520062	-2.8837	
-0.25711	-1.74791	-0.343355	1.56836	-0.520034	-2.88366	
-0.257114	-1.74792	-0.343327	1.56836	-0.520001	-2.88362	
-0.25712	-1.74793	-0.343295	1.56835	-0.519965	-2.88357	
-0.257128	-1.74794	-0.343258	1.56834	-0.519926	-2.88353	
-0.257137	-1.74796	-0.343217	1.56833	-0.519885	-2.88348	
-0.257147	-1.74797	-0.343171	1.56832	-0.51984	-2.88342	
-0.25716	-1.74799	-0.343121	1.56832	-0.519793	-2.88337	
-0.257173	-1.74801	-0.343067	1.56831	-0.519743	-2.88332	
-0.257188	-1.74804	-0.343008	1.56829	-0.519701	-2.88332	
-0.257205	-1.74806	-0.342946	1.56828	-0.519657	-2.88333	
-0.257222	-1.74809	-0.342878	1.56826	-0.51961	-2.88334	
-0.257242	-1.74812	-0.342807	1.56825	-0.519561	-2.88334	
-0.257262	-1.74815	-0.342731	1.56823	-0.519509	-2.88335	
-0.257285	-1.74818	-0.342651	1.56822	-0.519455	-2.88335	
-0.257308	-1.74821	-0.342566	1.5682	-0.519398	-2.88335	
-0.257333	-1.74825	-0.342477	1.56819	-0.519338	-2.88335	
-0.257359	-1.74828	-0.342384	1.56817	-0.519276	-2.88335	
-0.257386	-1.74832	-0.342287	1.56816	-0.519212	-2.88335	
-0.257414	-1.74836	-0.342185	1.56814	-0.519145	-2.88334	
-0.257444	-1.7484	-0.342079	1.56813	-0.519075	-2.88334	
-0.257475	-1.74845	-0.341969	1.56811	-0.519003	-2.88333	
-0.257507	-1.74849	-0.341855	1.5681	-0.518929	-2.88333	
-0.25754	-1.74854	-0.341736	1.56808	-0.518852	-2.88332	
-0.257575	-1.74859	-0.341613	1.56806	-0.518772	-2.88331	
-0.25761	-1.74864	-0.341486	1.56805	-0.51869	-2.8833	
-0.257647	-1.74869	-0.341355	1.56803	-0.518606	-2.88329	
-0.257685	-1.74875	-0.34122	1.56802	-0.518519	-2.88328	
-0.257724	-1.7488	-0.34108	1.568	-0.51843	-2.88326	
-0.257764	-1.74886	-0.340937	1.56798	-0.518338	-2.88325	
-0.257804	-1.74892	-0.340789	1.56797	-0.518244	-2.88323	
-0.257846	-1.74898	-0.340637	1.56795	-0.518148	-2.88322	
-0.257889	-1.74904	-0.340481	1.56794	-0.518049	-2.8832	
-0.257933	-1.74911	-0.340321	1.56792	-0.517948	-2.88318	
-0.257978	-1.74917	-0.340157	1.5679	-0.517844	-2.88316	
-0.258024	-1.74924	-0.33999	1.56789	-0.517738	-2.88314	
-0.258071	-1.74931	-0.339818	1.56787	-0.51763	-2.88312	
-0.258118	-1.74938	-0.339642	1.56786	-0.517519	-2.8831	
-0.258167	-1.74945	-0.339462	1.56784	-0.517406	-2.88308	
-0.258216	-1.74953	-0.339278	1.56782	-0.517291	-2.88305	
-0.258266	-1.7496	-0.33909	1.56781	-0.517173	-2.88303	
-0.258318	-1.74968	-0.338899	1.56779	-0.517053	-2.883	
-0.25837	-1.74976	-0.338703	1.56778	-0.516931	-2.88298	
-0.258422	-1.74984	-0.338504	1.56776	-0.516807	-2.88295	
-0.258476	-1.74992	-0.338301	1.56774	-0.51668	-2.88292	
-0.25853	-1.75001	-0.338094	1.56773	-0.516551	-2.88289	
-0.258585	-1.75009	-0.337883	1.56771	-0.51642	-2.88286	
-0.258641	-1.75018	-0.337668	1.56769	-0.516287	-2.88283	
-0.258698	-1.75027	-0.33745	1.56768	-0.516152	-2.8828	
-0.258755	-1.75036	-0.337228	1.56766	-0.516014	-2.88277	
-0.258813	-1.75045	-0.337003	1.56765	-0.515874	-2.88274	
-0.258872	-1.75054	-0.336773	1.56763	-0.515732	-2.88271	
-0.258931	-1.75063	-0.33654	1.56761	-0.515588	-2.88267	
-0.258991	-1.75073	-0.336304	1.5676	-0.515442	-2.88264	
-0.259052	-1.75083	-0.336064	1.56758	-0.515294	-2.8826	
-0.259114	-1.75093	-0.33582	1.56756	-0.515144	-2.88257	
-0.259176	-1.75103	-0.335573	1.56755	-0.514992	-2.88253	
-0.259238	-1.75113	-0.335323	1.56753	-0.514837	-2.88249	
-0.259301	-1.75123	-0.335069	1.56752	-0.514681	-2.88246	
-0.259365	-1.75134	-0.334811	1.5675	-0.514522	-2.88242	
-0.25943	-1.75144	-0.33455	1.56748	-0.514362	-2.88238	
-0.259495	-1.75155	-0.334286	1.56747	-0.5142	-2.88234	
-0.25956	-1.75166	-0.334018	1.56745	-0.514035	-2.8823	
-0.259626	-1.75177	-0.333747	1.56743	-0.513869	-2.88226	
-0.259693	-1.75188	-0.333473	1.56742	-0.513701	-2.88222	
-0.25976	-1.75199	-0.333196	1.5674	-0.513531	-2.88218	
-0.259828	-1.7521	-0.332915	1.56739	-0.513359	-2.88214	
-0.259896	-1.75222	-0.332631	1.56737	-0.513185	-2.88209	
-0.259964	-1.75233	-0.332344	1.56735	-0.513009	-2.88205	
-0.260034	-1.75245	-0.332054	1.56734	-0.512832	-2.88201	
-0.260103	-1.75257	-0.331761	1.56732	-0.512653	-2.88196	
-0.260173	-1.75269	-0.331465	1.56731	-0.512471	-2.88192	
-0.260244	-1.75281	-0.331166	1.56729	-0.512289	-2.88187	
-0.260314	-1.75293	-0.330864	1.56727	-0.512104	-2.88183	
-0.260386	-1.75306	-0.330558	1.56726	-0.511918	-2.88178	
-0.260457	-1.75318	-0.33025	1.56724	-0.51173	-2.88174	
-0.26053	-1.75331	-0.329939	1.56723	-0.51154	-2.88169	
-0.260602	-1.75344	-0.329625	1.56721	-0.511348	-2.88164	
-0.260675	-1.75357	-0.329309	1.56719	-0.511155	-2.88159	
-0.260748	-1.75369	-0.328989	1.56718	-0.510961	-2.88155	
-0.260822	-1.75383	-0.328667	1.56716	-0.510764	-2.8815	
-0.260896	-1.75396	-0.328342	1.56715	-0.510567	-2.88145	
-0.26097	-1.75409	-0.328015	1.56713	-0.510367	-2.8814	
-0.261045	-1.75422	-0.327685	1.56711	-0.510166	-2.88135	
-0.261119	-1.75436	-0.327352	1.5671	-0.509964	-2.8813	
-0.261195	-1.75449	-0.327017	1.56708	-0.50976	-2.88125	
-0.26127	-1.75463	-0.326679	1.56707	-0.509554	-2.8812	
-0.261346	-1.75477	-0.326338	1.56705	-0.509347	-2.88115	
-0.261422	-1.75491	-0.325996	1.56703	-0.509139	-2.8811	
-0.261499	-1.75505	-0.32565	1.56702	-0.508929	-2.88105	
-0.261575	-1.75519	-0.325303	1.567	-0.508718	-2.881	
-0.261652	-1.75533	-0.324953	1.56699	-0.508505	-2.88095	
-0.261729	-1.75547	-0.324601	1.56697	-0.508291	-2.88089	
-0.261807	-1.75562	-0.324246	1.56696	-0.508076	-2.88084	
-0.261884	-1.75576	-0.323889	1.56694	-0.50786	-2.88079	
-0.261962	-1.75591	-0.323531	1.56693	-0.507642	-2.88073	
-0.26204	-1.75605	-0.32317	1.56691	-0.507423	-2.88068	
-0.262119	-1.7562	-0.322807	1.5669	-0.507203	-2.88063	
-0.262197	-1.75635	-0.322441	1.56688	-0.506981	-2.88057	
-0.262276	-1.7565	-0.322074	1.56686	-0.506758	-2.88052	
-0.262355	-1.75665	-0.321705	1.56685	-0.506534	-2.88047	
-0.262434	-1.7568	-0.321334	1.56683	-0.506309	-2.88041	
-0.262513	-1.75695	-0.320961	1.56682	-0.506083	-2.88036	
-0.262592	-1.7571	-0.320586	1.5668	-0.505856	-2.8803	
-0.262672	-1.75725	-0.320209	1.56679	-0.505628	-2.88025	
-0.262751	-1.75741	-0.319831	1.56677	-0.505398	-2.88019	
-0.262831	-1.75756	-0.31945	1.56675	-0.505168	-2.88014	
-0.262911	-1.75772	-0.319068	1.56674	-0.504936	-2.88008	
-0.262991	-1.75787	-0.318685	1.56672	-0.504704	-2.88003	
-0.263071	-1.75803	-0.318299	1.56671	-0.504471	-2.87997	
-0.263151	-1.75818	-0.317913	1.56669	-0.504236	-2.87992	
-0.263232	-1.75834	-0.317524	1.56668	-0.504001	-2.87986	
-0.263312	-1.7585	-0.317134	1.56666	-0.503765	-2.87981	
-0.263393	-1.75866	-0.316743	1.56665	-0.503528	-2.87975	
-0.263473	-1.75882	-0.31635	1.56663	-0.503291	-2.87969	
-0.263554	-1.75898	-0.315956	1.56662	-0.503052	-2.87964	
-0.263635	-1.75914	-0.31556	1.5666	-0.502813	-2.87958	
-0.263715	-1.7593	-0.315164	1.56659	-0.502573	-2.87953	
-0.263796	-1.75946	-0.314766	1.56657	-0.502332	-2.87947	
-0.263877	-1.75962	-0.314366	1.56656	-0.50209	-2.87941	
-0.263958	-1.75978	-0.313966	1.56654	-0.501848	-2.87936	
-0.264039	-1.75994	-0.313565	1.56653	-0.501605	-2.8793	
-0.26412	-1.76011	-0.313162	1.56651	-0.501362	-2.87924	
-0.264201	-1.76027	-0.312758	1.5665	-0.501117	-2.87919	
-0.264282	-1.76043	-0.312354	1.56648	-0.500873	-2.87913	
-0.264363	-1.7606	-0.311948	1.56647	-0.500627	-2.87907	
-0.264444	-1.76076	-0.311541	1.56645	-0.500381	-2.87902	
-0.264525	-1.76093	-0.311134	1.56644	-0.500135	-2.87896	
-0.264606	-1.76109	-0.310726	1.56642	-0.499888	-2.8789	
-0.264687	-1.76126	-0.310317	1.56641	-0.499641	-2.87884	
-0.264768	-1.76142	-0.309907	1.56639	-0.499393	-2.87879	
-0.264849	-1.76159	-0.309497	1.56638	-0.499145	-2.87873	
-0.26493	-1.76176	-0.309085	1.56636	-0.498897	-2.87867	
-0.265011	-1.76192	-0.308674	1.56635	-0.498648	-2.87862	
-0.265092	-1.76209	-0.308261	1.56633	-0.498398	-2.87856	
-0.265173	-1.76226	-0.307848	1.56632	-0.498149	-2.8785	
-0.265254	-1.76242	-0.307435	1.5663	-0.497899	-2.87845	
-0.265334	-1.76259	-0.307021	1.56629	-0.497649	-2.87839	
-0.265415	-1.76276	-0.306607	1.56627	-0.497398	-2.87833	
-0.265495	-1.76293	-0.306192	1.56626	-0.497148	-2.87828	
-0.265576	-1.76309	-0.305777	1.56625	-0.496897	-2.87822	
-0.265656	-1.76326	-0.305362	1.56623	-0.496646	-2.87816	
-0.265737	-1.76343	-0.304946	1.56622	-0.496395	-2.87811	
-0.265817	-1.7636	-0.304531	1.5662	-0.496144	-2.87805	
-0.265897	-1.76376	-0.304115	1.56619	-0.495892	-2.87799	
-0.265977	-1.76393	-0.303699	1.56617	-0.495641	-2.87794	
-0.266057	-1.7641	-0.303283	1.56616	-0.495389	-2.87788	
-0.266136	-1.76427	-0.302866	1.56615	-0.495138	-2.87782	
-0.266216	-1.76444	-0.30245	1.56613	-0.494886	-2.87777	
-0.266296	-1.7646	-0.302034	1.56612	-0.494635	-2.87771	
-0.266375	-1.76477	-0.301618	1.5661	-0.494384	-2.87765	
-0.266454	-1.76494	-0.301202	1.56609	-0.494132	-2.8776	
-0.266533	-1.76511	-0.300786	1.56607	-0.493881	-2.87754	
-0.266612	-1.76527	-0.300371	1.56606	-0.49363	-2.87749	
-0.266691	-1.76544	-0.299956	1.56605	-0.493379	-2.87743	
-0.26677	-1.76561	-0.299541	1.56603	-0.493128	-2.87738	
-0.266848	-1.76578	-0.299126	1.56602	-0.492878	-2.87732	
-0.266927	-1.76594	-0.298712	1.56601	-0.492627	-2.87727	
-0.267005	-1.76611	-0.298298	1.56599	-0.492377	-2.87721	
-0.267083	-1.76628	-0.297884	1.56598	-0.492127	-2.87716	
-0.267161	-1.76644	-0.297471	1.56596	-0.491878	-2.8771	
-0.267238	-1.76661	-0.297059	1.56595	-0.491629	-2.87705	
-0.267316	-1.76678	-0.296647	1.56594	-0.49138	-2.87699	
-0.267393	-1.76694	-0.296236	1.56592	-0.491131	-2.87694	
-0.26747	-1.76711	-0.295825	1.56591	-0.490883	-2.87688	
-0.267547	-1.76727	-0.295415	1.5659	-0.490635	-2.87683	
-0.267624	-1.76744	-0.295006	1.56588	-0.490388	-2.87677	
-0.2677	-1.7676	-0.294598	1.56587	-0.490141	-2.87672	
-0.267776	-1.76776	-0.29419	1.56586	-0.489895	-2.87667	
-0.267853	-1.76793	-0.293783	1.56584	-0.489649	-2.87661	
-0.267928	-1.76809	-0.293377	1.56583	-0.489404	-2.87656	
-0.268004	-1.76825	-0.292972	1.56582	-0.489159	-2.87651	
-0.268079	-1.76842	-0.292568	1.5658	-0.488915	-2.87646	
-0.268154	-1.76858	-0.292165	1.56579	-0.488671	-2.8764	
-0.268229	-1.76874	-0.291763	1.56578	-0.488428	-2.87635	
-0.268304	-1.7689	-0.291362	1.56576	-0.488186	-2.8763	
-0.268378	-1.76906	-0.29096	1.56574	-0.487916	-2.87623	
-0.268446	-1.76923	-0.290541	1.56559	-0.487399	-2.87603	
-0.268514	-1.76939	-0.290124	1.56544	-0.486886	-2.87583	
-0.26858	-1.76955	-0.28971	1.56529	-0.486377	-2.87563	
-0.268646	-1.76971	-0.2893	1.56514	-0.485871	-2.87543	
-0.268711	-1.76987	-0.288893	1.56499	-0.48537	-2.87523	
-0.268775	-1.77003	-0.288489	1.56484	-0.484872	-2.87504	
-0.268839	-1.77018	-0.288088	1.5647	-0.484378	-2.87484	
-0.268901	-1.77034	-0.287691	1.56455	-0.483889	-2.87465	
-0.268963	-1.77049	-0.287297	1.56441	-0.483403	-2.87446	
-0.269024	-1.77065	-0.286905	1.56426	-0.482921	-2.87427	
-0.269085	-1.7708	-0.286518	1.56412	-0.482443	-2.87408	
-0.269145	-1.77095	-0.286133	1.56398	-0.48197	-2.87389	
-0.269204	-1.77109	-0.285752	1.56383	-0.4815	-2.87371	
-0.269262	-1.77124	-0.285373	1.56369	-0.481034	-2.87352	
-0.26932	-1.77139	-0.284998	1.56356	-0.480572	-2.87334	
-0.269376	-1.77153	-0.284627	1.56342	-0.480114	-2.87316	
-0.269433	-1.77167	-0.284258	1.56328	-0.47966	-2.87298	
-0.269488	-1.77182	-0.283893	1.56314	-0.47921	-2.8728	
-0.269543	-1.77196	-0.28353	1.56301	-0.478764	-2.87262	
-0.269598	-1.7721	-0.283171	1.56287	-0.478321	-2.87245	
-0.269652	-1.77223	-0.282816	1.56274	-0.477883	-2.87227	
-0.269705	-1.77237	-0.282463	1.56261	-0.477449	-2.8721	
-0.269757	-1.77251	-0.282114	1.56247	-0.477018	-2.87193	
-0.269809	-1.77264	-0.281768	1.56234	-0.476591	-2.87176	
-0.269861	-1.77277	-0.281425	1.56221	-0.476168	-2.87159	
-0.269911	-1.7729	-0.281085	1.56209	-0.475749	-2.87143	
-0.269962	-1.77303	-0.280748	1.56196	-0.475334	-2.87126	
-0.270011	-1.77316	-0.280415	1.56183	-0.474922	-2.8711	
-0.27006	-1.77329	-0.280084	1.56171	-0.474514	-2.87094	
-0.270109	-1.77342	-0.279757	1.56159	-0.47411	-2.87078	
-0.270157	-1.77354	-0.279432	1.56146	-0.47371	-2.87062	
-0.270205	-1.77367	-0.279111	1.56134	-0.473313	-2.87046	
-0.270252	-1.77379	-0.278793	1.56122	-0.47292	-2.87031	
-0.270298	-1.77391	-0.278477	1.5611	-0.472531	-2.87015	
-0.270344	-1.77403	-0.278165	1.56098	-0.472145	-2.87	
-0.27039	-1.77415	-0.277856	1.56087	-0.471763	-2.86985	
-0.270435	-1.77427	-0.27755	1.56075	-0.471385	-2.8697	
-0.270479	-1.77439	-0.277246	1.56064	-0.47101	-2.86955	
-0.270523	-1.7745	-0.276946	1.56052	-0.470639	-2.8694	
-0.270567	-1.77462	-0.276648	1.56041	-0.470271	-2.86925	
-0.27061	-1.77473	-0.276354	1.56029	-0.469907	-2.86911	
-0.270653	-1.77484	-0.276062	1.56018	-0.469547	-2.86897	
-0.270695	-1.77496	-0.275773	1.56007	-0.46919	-2.86882	
-0.270737	-1.77507	-0.275487	1.55996	-0.468837	-2.86868	
-0.270778	-1.77517	-0.275204	1.55985	-0.468487	-2.86854	
-0.270819	-1.77528	-0.274924	1.55975	-0.46814	-2.8684	
-0.270859	-1.77539	-0.274647	1.55964	-0.467797	-2.86827	
-0.270899	-1.7755	-0.274372	1.55953	-0.467458	-2.86813	
-0.270939	-1.7756	-0.2741	1.55943	-0.467122	-2.868	
-0.270978	-1.7757	-0.273831	1.55932	-0.466789	-2.86786	
-0.271017	-1.77581	-0.273565	1.55922	-0.46646	-2.86773	
-0.271056	-1.77591	-0.273301	1.55912	-0.466134	-2.8676	
-0.271094	-1.77601	-0.27304	1.55902	-0.465812	-2.86747	
-0.271131	-1.77611	-0.272782	1.55892	-0.465493	-2.86734	
-0.271168	-1.7762	-0.272527	1.55882	-0.465177	-2.86721	
-0.271205	-1.7763	-0.272274	1.55872	-0.464865	-2.86709	
-0.271242	-1.7764	-0.272024	1.55862	-0.464556	-2.86696	
-0.271278	-1.77649	-0.271777	1.55852	-0.46425	-2.86684	
-0.271314	-1.77659	-0.271532	1.55843	-0.463948	-2.86671	
-0.271349	-1.77668	-0.27129	1.55833	-0.463648	-2.86659	
-0.271384	-1.77677	-0.271051	1.55824	-0.463353	-2.86647	
-0.271419	-1.77686	-0.270814	1.55814	-0.46306	-2.86635	
-0.271453	-1.77695	-0.270579	1.55805	-0.46277	-2.86623	
-0.271487	-1.77704	-0.270348	1.55796	-0.462484	-2.86611	
-0.271521	-1.77713	-0.270119	1.55787	-0.462201	-2.866	
-0.271555	-1.77721	-0.269892	1.55778	-0.461921	-2.86588	
-0.271588	-1.7773	-0.269668	1.55769	-0.461644	-2.86577	
-0.27162	-1.77738	-0.269447	1.5576	-0.461371	-2.86565	
-0.271653	-1.77747	-0.269228	1.55751	-0.4611	-2.86554	
-0.271685	-1.77755	-0.269011	1.55742	-0.460833	-2.86543	
-0.271717	-1.77763	-0.268797	1.55734	-0.460569	-2.86532	
-0.271748	-1.77771	-0.268586	1.55725	-0.460308	-2.86521	
-0.27178	-1.77779	-0.268377	1.55717	-0.46005	-2.8651	
-0.27181	-1.77787	-0.26817	1.55708	-0.459795	-2.86499	
-0.271841	-1.77795	-0.267966	1.557	-0.459543	-2.86489	
-0.271871	-1.77802	-0.267765	1.55692	-0.459294	-2.86478	
-0.271902	-1.7781	-0.267565	1.55683	-0.459048	-2.86468	
-0.271931	-1.77818	-0.267369	1.55675	-0.458805	-2.86457	
-0.271961	-1.77825	-0.267174	1.55667	-0.458565	-2.86447	
-0.27199	-1.77832	-0.266982	1.55659	-0.458328	-2.86437	
-0.272019	-1.77839	-0.266793	1.55651	-0.458094	-2.86427	
-0.272048	-1.77847	-0.266605	1.55644	-0.457863	-2.86417	
-0.272076	-1.77854	-0.26642	1.55636	-0.457635	-2.86407	
-0.272105	-1.7786	-0.266238	1.55629	-0.45741	-2.86397	
-0.272133	-1.77867	-0.266058	1.55621	-0.457187	-2.86388	
-0.27216	-1.77874	-0.26588	1.55614	-0.456968	-2.86378	
-0.272188	-1.77881	-0.265704	1.55606	-0.456751	-2.86369	
-0.272215	-1.77887	-0.265531	1.55599	-0.456537	-2.86359	
-0.272242	-1.77894	-0.26536	1.55592	-0.456326	-2.8635	
-0.272269	-1.779	-0.265192	1.55585	-0.456118	-2.86341	
-0.272296	-1.77906	-0.265025	1.55578	-0.455912	-2.86332	
-0.272322	-1.77913	-0.264861	1.55571	-0.455709	-2.86323	
-0.272348	-1.77919	-0.264699	1.55564	-0.455509	-2.86314	
-0.272374	-1.77925	-0.264539	1.55558	-0.455312	-2.86306	
-0.2724	-1.77931	-0.264382	1.55551	-0.455118	-2.86297	
-0.272425	-1.77937	-0.264227	1.55545	-0.454926	-2.86289	
-0.27245	-1.77943	-0.264074	1.55538	-0.454737	-2.8628	
-0.272475	-1.77948	-0.263923	1.55532	-0.45455	-2.86272	
-0.2725	-1.77954	-0.263774	1.55526	-0.454366	-2.86264	
-0.272525	-1.77959	-0.263627	1.55519	-0.454185	-2.86255	
-0.272549	-1.77965	-0.263483	1.55513	-0.454006	-2.86247	
-0.272574	-1.7797	-0.263341	1.55507	-0.45383	-2.8624	
-0.272598	-1.77976	-0.2632	1.55501	-0.453657	-2.86232	
-0.272622	-1.77981	-0.263062	1.55495	-0.453486	-2.86224	
-0.272645	-1.77986	-0.262926	1.5549	-0.453318	-2.86216	
-0.272669	-1.77991	-0.262793	1.55484	-0.453153	-2.86209	
-0.272692	-1.77996	-0.262661	1.55478	-0.452989	-2.86201	
-0.272715	-1.78001	-0.262531	1.55473	-0.452829	-2.86194	
-0.272738	-1.78006	-0.262403	1.55468	-0.452671	-2.86187	
-0.272761	-1.7801	-0.262278	1.55462	-0.452515	-2.8618	
-0.272784	-1.78015	-0.262154	1.55457	-0.452362	-2.86172	
-0.272806	-1.7802	-0.262033	1.55452	-0.452212	-2.86165	
-0.272828	-1.78024	-0.261913	1.55447	-0.452064	-2.86159	
-0.27285	-1.78029	-0.261795	1.55442	-0.451918	-2.86152	
-0.272872	-1.78033	-0.26168	1.55437	-0.451775	-2.86145	
-0.272894	-1.78037	-0.261566	1.55432	-0.451634	-2.86138	
-0.272915	-1.78042	-0.261455	1.55427	-0.451496	-2.86132	
-0.272937	-1.78046	-0.261345	1.55422	-0.45136	-2.86125	
-0.272958	-1.7805	-0.261237	1.55418	-0.451226	-2.86119	
-0.272979	-1.78054	-0.261131	1.55413	-0.451095	-2.86113	
-0.273	-1.78058	-0.261028	1.55409	-0.450966	-2.86107	
-0.273021	-1.78061	-0.260926	1.55404	-0.45084	-2.86101	
-0.273041	-1.78065	-0.260826	1.554	-0.450716	-2.86094	
-0.273063	-1.78069	-0.260728	1.55396	-0.450594	-2.86088	
-0.273085	-1.78073	-0.260632	1.55392	-0.450475	-2.86082	
-0.273109	-1.78076	-0.260538	1.55388	-0.450358	-2.86076	
-0.273133	-1.7808	-0.260446	1.55384	-0.450243	-2.8607	
-0.273159	-1.78083	-0.260357	1.5538	-0.450131	-2.86064	
-0.273186	-1.78086	-0.260269	1.55376	-0.450021	-2.86058	
-0.273214	-1.78089	-0.260183	1.55372	-0.449914	-2.86052	
-0.273244	-1.78093	-0.2601	1.55368	-0.449809	-2.86045	
-0.273274	-1.78096	-0.260019	1.55365	-0.449706	-2.86039	
-0.273305	-1.78099	-0.259939	1.55361	-0.449606	-2.86033	
-0.273337	-1.78102	-0.259862	1.55358	-0.449508	-2.86026	
-0.27337	-1.78104	-0.259786	1.55354	-0.449412	-2.8602	
-0.273404	-1.78107	-0.259713	1.55351	-0.449318	-2.86013	
-0.273439	-1.7811	-0.259641	1.55348	-0.449227	-2.86007	
-0.273475	-1.78112	-0.259571	1.55345	-0.449138	-2.86	
-0.273512	-1.78115	-0.259504	1.55342	-0.449051	-2.85994	
-0.27355	-1.78117	-0.259438	1.55339	-0.448967	-2.85987	
-0.273588	-1.7812	-0.259374	1.55336	-0.448884	-2.85981	
-0.273628	-1.78122	-0.259312	1.55333	-0.448804	-2.85974	
-0.273668	-1.78124	-0.259252	1.5533	-0.448726	-2.85968	
-0.273709	-1.78127	-0.259193	1.55327	-0.44865	-2.85961	
-0.273751	-1.78129	-0.259137	1.55325	-0.448577	-2.85954	
-0.273793	-1.78131	-0.259082	1.55322	-0.448505	-2.85947	
-0.273836	-1.78133	-0.25903	1.5532	-0.448436	-2.8594	
-0.27388	-1.78135	-0.258979	1.55317	-0.448369	-2.85933	
-0.273925	-1.78136	-0.258929	1.55315	-0.448304	-2.85926	
-0.27397	-1.78138	-0.258882	1.55313	-0.448242	-2.85919	
-0.274016	-1.7814	-0.258836	1.5531	-0.448181	-2.85912	
-0.274062	-1.78142	-0.258792	1.55308	-0.448123	-2.85905	
-0.274109	-1.78143	-0.25875	1.55306	-0.448067	-2.85897	
-0.274157	-1.78145	-0.25871	1.55304	-0.448012	-2.8589	
-0.274205	-1.78146	-0.258671	1.55302	-0.44796	-2.85882	
-0.274254	-1.78147	-0.258634	1.553	-0.44791	-2.85875	
-0.274304	-1.78149	-0.258599	1.55298	-0.447862	-2.85867	
-0.274354	-1.7815	-0.258566	1.55297	-0.447816	-2.85859	
-0.274404	-1.78151	-0.258534	1.55295	-0.447772	-2.85852	
-0.274455	-1.78152	-0.258504	1.55293	-0.447731	-2.85844	
-0.274506	-1.78153	-0.258475	1.55292	-0.447691	-2.85836	
-0.274558	-1.78154	-0.258448	1.5529	-0.447653	-2.85828	
-0.274611	-1.78155	-0.258423	1.55289	-0.447617	-2.8582	
-0.274664	-1.78156	-0.2584	1.55288	-0.447583	-2.85812	
-0.274717	-1.78157	-0.258378	1.55286	-0.447551	-2.85804	
-0.274771	-1.78158	-0.258357	1.55285	-0.447521	-2.85796	
-0.274825	-1.78158	-0.258339	1.55284	-0.447493	-2.85788	
-0.274879	-1.78159	-0.258322	1.55283	-0.447467	-2.8578	
-0.274934	-1.78159	-0.258306	1.55282	-0.447443	-2.85772	
-0.274989	-1.7816	-0.258292	1.55281	-0.447421	-2.85763	
-0.275045	-1.7816	-0.25828	1.5528	-0.4474	-2.85755	
-0.275101	-1.78161	-0.258269	1.55279	-0.447382	-2.85747	
-0.275157	-1.78161	-0.258259	1.55278	-0.447365	-2.85739	
-0.275214	-1.78161	-0.258252	1.55278	-0.447351	-2.8573	
-0.275271	-1.78162	-0.258245	1.55277	-0.447338	-2.85722	
-0.275328	-1.78162	-0.25824	1.55276	-0.447326	-2.85714	
-0.275385	-1.78162	-0.258237	1.55276	-0.447317	-2.85706	
-0.275443	-1.78162	-0.258235	1.55275	-0.44731	-2.85697	
-0.275501	-1.78162	-0.258235	1.55275	-0.447304	-2.85689	
-0.275559	-1.78162	-0.258236	1.55274	-0.4473	-2.85681	
-0.275618	-1.78162	-0.258238	1.55274	-0.447297	-2.85673	
-0.275676	-1.78161	-0.258242	1.55274	-0.447297	-2.85665	
-0.275735	-1.78161	-0.258248	1.55273	-0.447298	-2.85657	
-0.275794	-1.78161	-0.258255	1.55273	-0.447301	-2.85649	
-0.275853	-1.78161	-0.258263	1.55273	-0.447306	-2.85642	
-0.275913	-1.7816	-0.258272	1.55273	-0.447312	-2.85634	
-0.275972	-1.7816	-0.258283	1.55273	-0.44732	-2.85626	
-0.276032	-1.78159	-0.258296	1.55273	-0.44733	-2.85619	
-0.276092	-1.78159	-0.25831	1.55273	-0.447341	-2.85611	
-0.276152	-1.78158	-0.258325	1.55273	-0.447354	-2.85604	
-0.276212	-1.78157	-0.258341	1.55273	-0.447369	-2.85596	
-0.276272	-1.78156	-0.258359	1.55273	-0.447386	-2.85589	
-0.276333	-1.78156	-0.258379	1.55273	-0.447402	-2.8558	
-0.276394	-1.78155	-0.258401	1.55275	-0.447418	-2.8557	
-0.276454	-1.78154	-0.258424	1.55276	-0.447435	-2.8556	
-0.276515	-1.78153	-0.258448	1.55278	-0.447454	-2.8555	
-0.276576	-1.78152	-0.258474	1.55279	-0.447475	-2.85541	
-0.276637	-1.7815	-0.258501	1.55281	-0.447497	-2.85531	
-0.276699	-1.78149	-0.258529	1.55282	-0.447521	-2.85521	
-0.27676	-1.78148	-0.258559	1.55284	-0.447546	-2.85512	
-0.276821	-1.78147	-0.25859	1.55285	-0.447572	-2.85502	
-0.276882	-1.78145	-0.258622	1.55287	-0.4476	-2.85493	
-0.276943	-1.78144	-0.258656	1.55289	-0.44763	-2.85484	
-0.277005	-1.78142	-0.258691	1.55291	-0.447661	-2.85474	
-0.277066	-1.78141	-0.258727	1.55292	-0.447693	-2.85465	
-0.277127	-1.78139	-0.258765	1.55294	-0.447727	-2.85456	
-0.277189	-1.78137	-0.258803	1.55296	-0.447762	-2.85447	
-0.27725	-1.78136	-0.258844	1.55298	-0.447799	-2.85437	
-0.277311	-1.78134	-0.258885	1.553	-0.447837	-2.85428	
-0.277372	-1.78132	-0.258928	1.55302	-0.447876	-2.85419	
-0.277434	-1.7813	-0.258972	1.55304	-0.447917	-2.85411	
-0.277495	-1.78128	-0.259017	1.55306	-0.447959	-2.85402	
-0.277556	-1.78126	-0.259063	1.55308	-0.448003	-2.85393	
-0.277617	-1.78124	-0.259111	1.55311	-0.448047	-2.85384	
-0.277678	-1.78122	-0.25916	1.55313	-0.448094	-2.85375	
-0.277739	-1.78119	-0.25921	1.55315	-0.448141	-2.85367	
-0.2778	-1.78117	-0.259261	1.55317	-0.44819	-2.85358	
-0.277861	-1.78115	-0.259314	1.5532	-0.44824	-2.8535	
-0.277921	-1.78112	-0.259368	1.55322	-0.448292	-2.85341	
-0.277982	-1.7811	-0.259423	1.55325	-0.448345	-2.85333	
-0.278043	-1.78107	-0.259479	1.55327	-0.448399	-2.85325	
-0.278103	-1.78105	-0.259537	1.5533	-0.448455	-2.85317	
-0.278163	-1.78102	-0.259595	1.55332	-0.448511	-2.85308	
-0.278223	-1.78099	-0.259655	1.55335	-0.448569	-2.853	
-0.278281	-1.78097	-0.259716	1.55337	-0.448628	-2.85293	
-0.278338	-1.78094	-0.259778	1.5534	-0.448688	-2.85285	
-0.278393	-1.78091	-0.259841	1.55343	-0.44875	-2.85278	
-0.278447	-1.78088	-0.259905	1.55345	-0.448812	-2.8527	
-0.278499	-1.78085	-0.25997	1.55348	-0.448875	-2.85263	
-0.27855	-1.78082	-0.260036	1.55351	-0.448939	-2.85257	
-0.2786	-1.78079	-0.260103	1.55354	-0.449004	-2.8525	
-0.278648	-1.78076	-0.260171	1.55357	-0.449071	-2.85243	
-0.278696	-1.78072	-0.260241	1.5536	-0.449138	-2.85237	
-0.278742	-1.78069	-0.260311	1.55363	-0.449206	-2.85231	
-0.278786	-1.78066	-0.260383	1.55366	-0.449275	-2.85225	
-0.27882	-1.78062	-0.260427	1.55351	-0.449388	-2.85226	
-0.278851	-1.78059	-0.260472	1.55334	-0.449507	-2.85227	
-0.278881	-1.78056	-0.26052	1.55318	-0.449628	-2.85228	
-0.27891	-1.78053	-0.260571	1.55303	-0.449752	-2.85228	
-0.278938	-1.78049	-0.260624	1.55288	-0.449877	-2.85229	
-0.278965	-1.78046	-0.26068	1.55274	-0.450005	-2.8523	
-0.278991	-1.78042	-0.260738	1.5526	-0.450134	-2.8523	
-0.279016	-1.78038	-0.260799	1.55247	-0.450265	-2.85231	
-0.27904	-1.78035	-0.260862	1.55234	-0.450397	-2.85231	
-0.279063	-1.78031	-0.260927	1.55222	-0.450531	-2.85232	
-0.279086	-1.78027	-0.260994	1.5521	-0.450667	-2.85232	
-0.279107	-1.78024	-0.261063	1.55199	-0.450803	-2.85232	
-0.279128	-1.7802	-0.261135	1.55188	-0.450941	-2.85233	
-0.279148	-1.78016	-0.261208	1.55178	-0.451081	-2.85233	
-0.279167	-1.78012	-0.261283	1.55168	-0.451221	-2.85233	
-0.279186	-1.78008	-0.261361	1.55159	-0.451362	-2.85234	
-0.279203	-1.78004	-0.261439	1.5515	-0.451505	-2.85234	
-0.27922	-1.78	-0.26152	1.55141	-0.451648	-2.85235	
-0.279236	-1.77996	-0.261602	1.55133	-0.451793	-2.85235	
-0.279252	-1.77992	-0.261686	1.55125	-0.451938	-2.85236	
-0.279267	-1.77988	-0.261772	1.55117	-0.452085	-2.85236	
-0.279281	-1.77983	-0.261859	1.5511	-0.452232	-2.85237	
-0.279294	-1.77979	-0.261947	1.55104	-0.45238	-2.85237	
-0.279307	-1.77975	-0.262037	1.55097	-0.452529	-2.85238	
-0.279319	-1.77971	-0.262128	1.55091	-0.452678	-2.85238	
-0.279331	-1.77967	-0.262221	1.55086	-0.452829	-2.85239	
-0.279341	-1.77962	-0.262315	1.5508	-0.45298	-2.8524	
-0.279352	-1.77958	-0.262411	1.55075	-0.453132	-2.85241	
-0.279362	-1.77954	-0.262508	1.55071	-0.453284	-2.85241	
-0.279371	-1.77949	-0.262606	1.55066	-0.453438	-2.85242	
-0.279379	-1.77945	-0.262705	1.55062	-0.453592	-2.85243	
-0.279388	-1.7794	-0.262806	1.55059	-0.453746	-2.85244	
-0.279395	-1.77936	-0.262908	1.55055	-0.453901	-2.85245	
-0.279402	-1.77931	-0.26301	1.55052	-0.454057	-2.85246	
-0.279409	-1.77927	-0.263114	1.55049	-0.454213	-2.85247	
-0.279415	-1.77922	-0.263219	1.55047	-0.454369	-2.85248	
-0.27942	-1.77918	-0.263325	1.55044	-0.454526	-2.8525	
-0.279425	-1.77913	-0.263432	1.55042	-0.454683	-2.85251	
-0.27943	-1.77909	-0.263541	1.5504	-0.45484	-2.85253	
-0.279434	-1.77904	-0.26365	1.55039	-0.454998	-2.85254	
-0.279437	-1.77899	-0.26376	1.55037	-0.455156	-2.85256	
-0.279441	-1.77894	-0.263871	1.55036	-0.455314	-2.85257	
-0.279443	-1.7789	-0.263983	1.55035	-0.455473	-2.85259	
-0.279446	-1.77885	-0.264096	1.55034	-0.455632	-2.85261	
-0.279447	-1.7788	-0.26421	1.55034	-0.455792	-2.85263	
-0.279449	-1.77875	-0.264325	1.55033	-0.455952	-2.85265	
-0.27945	-1.7787	-0.264441	1.55033	-0.456112	-2.85267	
-0.27945	-1.77865	-0.264558	1.55033	-0.456273	-2.85269	
-0.27945	-1.7786	-0.264675	1.55034	-0.456434	-2.85271	
-0.27945	-1.77855	-0.264794	1.55034	-0.456595	-2.85273	
-0.27945	-1.7785	-0.264913	1.55035	-0.456757	-2.85275	
-0.279449	-1.77845	-0.265034	1.55035	-0.456919	-2.85278	
-0.279447	-1.7784	-0.265155	1.55036	-0.457081	-2.8528	
-0.279445	-1.77835	-0.265277	1.55037	-0.457244	-2.85282	
-0.279443	-1.7783	-0.2654	1.55039	-0.457408	-2.85285	
-0.279441	-1.77825	-0.265524	1.5504	-0.457571	-2.85287	
-0.279438	-1.7782	-0.265648	1.55042	-0.457735	-2.8529	
-0.279435	-1.77814	-0.265774	1.55043	-0.4579	-2.85292	
-0.279431	-1.77809	-0.2659	1.55045	-0.458064	-2.85295	
-0.279428	-1.77804	-0.266027	1.55047	-0.45823	-2.85297	
-0.279423	-1.77798	-0.266155	1.55049	-0.458395	-2.853	
-0.279419	-1.77793	-0.266283	1.55051	-0.458561	-2.85303	
-0.279414	-1.77787	-0.266413	1.55054	-0.458727	-2.85305	
-0.279409	-1.77782	-0.266543	1.55056	-0.458894	-2.85308	
-0.279404	-1.77776	-0.266674	1.55058	-0.459061	-2.85311	
-0.279398	-1.77771	-0.266805	1.55061	-0.459229	-2.85313	
-0.279392	-1.77765	-0.266938	1.55064	-0.459397	-2.85316	
-0.279386	-1.77759	-0.267071	1.55067	-0.459565	-2.85319	
-0.279379	-1.77754	-0.267205	1.5507	-0.459734	-2.85322	
-0.279372	-1.77748	-0.267339	1.55073	-0.459903	-2.85325	
-0.279365	-1.77742	-0.267474	1.55076	-0.460073	-2.85328	
-0.279358	-1.77737	-0.26761	1.55079	-0.460243	-2.8533	
-0.27935	-1.77731	-0.267747	1.55082	-0.460413	-2.85333	
-0.279342	-1.77725	-0.267885	1.55086	-0.460584	-2.85336	
-0.279334	-1.77719	-0.268023	1.55089	-0.460755	-2.85339	
-0.279326	-1.77713	-0.268161	1.55093	-0.460927	-2.85342	
-0.279317	-1.77707	-0.268301	1.55096	-0.461099	-2.85345	
-0.279308	-1.77701	-0.268441	1.551	-0.461271	-2.85348	
-0.279299	-1.77695	-0.268582	1.55104	-0.461444	-2.85351	
-0.279289	-1.77689	-0.268723	1.55108	-0.461618	-2.85354	
-0.27928	-1.77683	-0.268865	1.55111	-0.461792	-2.85357	
-0.27927	-1.77677	-0.269008	1.55115	-0.461966	-2.8536	
-0.27926	-1.7767	-0.269151	1.55119	-0.462141	-2.85363	
-0.27925	-1.77664	-0.269295	1.55123	-0.462316	-2.85366	
-0.279239	-1.77658	-0.26944	1.55127	-0.462491	-2.85369	
-0.279229	-1.77652	-0.269585	1.55132	-0.462668	-2.85372	
-0.279218	-1.77645	-0.26973	1.55136	-0.462844	-2.85375	
-0.279207	-1.77639	-0.269877	1.5514	-0.463021	-2.85377	
-0.279195	-1.77633	-0.270024	1.55144	-0.463199	-2.8538	
-0.279184	-1.77626	-0.270171	1.55149	-0.463377	-2.85383	
-0.279172	-1.7762	-0.270319	1.55153	-0.463555	-2.85386	
-0.27916	-1.77613	-0.270468	1.55157	-0.463734	-2.85389	
-0.279148	-1.77607	-0.270617	1.55162	-0.463913	-2.85392	
-0.279136	-1.776	-0.270768	1.55166	-0.464094	-2.85394	
-0.279124	-1.77593	-0.270918	1.55171	-0.464276	-2.85395	
-0.279111	-1.77587	-0.27107	1.55175	-0.464458	-2.85397	
-0.279099	-1.7758	-0.271221	1.5518	-0.464641	-2.85399	
-0.279086	-1.77574	-0.271374	1.55185	-0.464823	-2.85401	
-0.279073	-1.77567	-0.271526	1.55189	-0.465007	-2.85403	
-0.27906	-1.7756	-0.271679	1.55194	-0.46519	-2.85405	
-0.279046	-1.77553	-0.271833	1.55199	-0.465374	-2.85406	
-0.279033	-1.77547	-0.271987	1.55204	-0.465559	-2.85408	
-0.279019	-1.7754	-0.272142	1.55208	-0.465744	-2.8541	
-0.279006	-1.77533	-0.272297	1.55213	-0.465929	-2.85411	
-0.278992	-1.77526	-0.272453	1.55218	-0.466115	-2.85413	
-0.278978	-1.77519	-0.272609	1.55223	-0.466301	-2.85414	
-0.278964	-1.77512	-0.272765	1.55228	-0.466487	-2.85416	
-0.278949	-1.77505	-0.272922	1.55233	-0.466674	-2.85417	
-0.278935	-1.77498	-0.273079	1.55238	-0.466862	-2.85418	
-0.278921	-1.77491	-0.273237	1.55243	-0.467049	-2.8542	
-0.278906	-1.77484	-0.273395	1.55248	-0.467237	-2.85421	
-0.278891	-1.77477	-0.273554	1.55253	-0.467426	-2.85422	
-0.278876	-1.7747	-0.273713	1.55258	-0.467615	-2.85423	
-0.278861	-1.77463	-0.273872	1.55263	-0.467804	-2.85424	
-0.278846	-1.77456	-0.274032	1.55268	-0.467994	-2.85425	
-0.278831	-1.77449	-0.274193	1.55273	-0.468184	-2.85425	
-0.278816	-1.77442	-0.274353	1.55278	-0.468375	-2.85426	
-0.2788	-1.77434	-0.274514	1.55283	-0.468566	-2.85426	
-0.278784	-1.77427	-0.274676	1.55288	-0.468757	-2.85427	
-0.278769	-1.7742	-0.274838	1.55293	-0.468949	-2.85427	
-0.278753	-1.77413	-0.275	1.55298	-0.469141	-2.85427	
-0.278737	-1.77405	-0.275163	1.55304	-0.469333	-2.85427	
-0.278721	-1.77398	-0.275326	1.55309	-0.469526	-2.85427	
-0.278705	-1.77391	-0.275489	1.55314	-0.469718	-2.85427	
-0.278689	-1.77383	-0.275653	1.55319	-0.469912	-2.85427	
-0.278673	-1.77376	-0.275817	1.55325	-0.470105	-2.85426	
-0.278656	-1.77368	-0.275981	1.5533	-0.470299	-2.85426	
-0.27864	-1.77361	-0.276146	1.55335	-0.470493	-2.85425	
-0.278623	-1.77354	-0.276311	1.55341	-0.470687	-2.85425	
-0.278607	-1.77346	-0.276477	1.55346	-0.470882	-2.85424	
-0.278591	-1.77338	-0.276644	1.55352	-0.471064	-2.85424	
-0.278575	-1.77331	-0.276812	1.55359	-0.471218	-2.85428	
-0.278559	-1.77323	-0.276982	1.55367	-0.471372	-2.85432	
-0.278542	-1.77315	-0.277152	1.55374	-0.471526	-2.85436	
-0.278526	-1.77307	-0.277322	1.55382	-0.47168	-2.8544	
-0.27851	-1.77299	-0.277494	1.55389	-0.471834	-2.85444	
-0.278493	-1.77291	-0.277666	1.55396	-0.471989	-2.85448	
-0.278476	-1.77283	-0.277838	1.55404	-0.472143	-2.85452	
-0.27846	-1.77275	-0.278012	1.55411	-0.472298	-2.85456	
-0.278443	-1.77267	-0.278186	1.55419	-0.472453	-2.8546	
-0.278426	-1.77259	-0.278361	1.55426	-0.472608	-2.85464	
-0.278408	-1.7725	-0.278536	1.55434	-0.472763	-2.85468	
-0.278391	-1.77242	-0.278712	1.55441	-0.472919	-2.85472	
-0.278374	-1.77234	-0.278889	1.55448	-0.473074	-2.85476	
-0.278356	-1.77225	-0.279066	1.55456	-0.47323	-2.8548	
-0.278339	-1.77217	-0.279244	1.55463	-0.473386	-2.85484	
-0.278321	-1.77208	-0.279423	1.55471	-0.473542	-2.85488	
-0.278303	-1.772	-0.279602	1.55478	-0.473698	-2.85492	
-0.278285	-1.77191	-0.279782	1.55486	-0.473854	-2.85497	
-0.278267	-1.77182	-0.279962	1.55493	-0.47401	-2.85501	
-0.278249	-1.77173	-0.280143	1.55501	-0.474166	-2.85505	
-0.278231	-1.77165	-0.280325	1.55508	-0.474323	-2.85509	
-0.278212	-1.77156	-0.280507	1.55516	-0.474479	-2.85513	
-0.278194	-1.77147	-0.28069	1.55523	-0.474636	-2.85517	
-0.278175	-1.77138	-0.280873	1.55531	-0.474793	-2.85522	
-0.278157	-1.77129	-0.281057	1.55538	-0.47495	-2.85526	
-0.278138	-1.7712	-0.281242	1.55546	-0.475107	-2.8553	
-0.278119	-1.77111	-0.281427	1.55553	-0.475264	-2.85534	
-0.2781	-1.77102	-0.281612	1.55561	-0.475421	-2.85539	
-0.278082	-1.77093	-0.281799	1.55568	-0.475578	-2.85543	
-0.278062	-1.77083	-0.281985	1.55576	-0.475735	-2.85547	
-0.278043	-1.77074	-0.282173	1.55583	-0.475893	-2.85551	
-0.278024	-1.77065	-0.282361	1.55591	-0.47605	-2.85556	
-0.278005	-1.77055	-0.282549	1.55598	-0.476208	-2.8556	
-0.277986	-1.77046	-0.282738	1.55606	-0.476365	-2.85564	
-0.277966	-1.77037	-0.282928	1.55613	-0.476523	-2.85569	
-0.277947	-1.77027	-0.283118	1.55621	-0.476681	-2.85573	
-0.277927	-1.77017	-0.283308	1.55628	-0.476838	-2.85577	
-0.277907	-1.77008	-0.283499	1.55636	-0.476996	-2.85582	
-0.277888	-1.76998	-0.283691	1.55644	-0.477154	-2.85586	
-0.277868	-1.76989	-0.283883	1.55651	-0.477312	-2.8559	
-0.277848	-1.76979	-0.284075	1.55659	-0.47747	-2.85595	
-0.277828	-1.76969	-0.284268	1.55666	-0.477628	-2.85599	
-0.277808	-1.76959	-0.284462	1.55674	-0.477786	-2.85603	
-0.277788	-1.76949	-0.284656	1.55681	-0.477944	-2.85608	
-0.277768	-1.76939	-0.28485	1.55689	-0.478102	-2.85612	
-0.277748	-1.76929	-0.285045	1.55696	-0.47826	-2.85617	
-0.277728	-1.76919	-0.28524	1.55704	-0.478418	-2.85621	
-0.277708	-1.76909	-0.285436	1.55712	-0.478576	-2.85625	
-0.277688	-1.76899	-0.285632	1.55719	-0.478734	-2.8563	
-0.277667	-1.76889	-0.285829	1.55727	-0.478892	-2.85634	
-0.277647	-1.76879	-0.286026	1.55734	-0.47905	-2.85639	
-0.277626	-1.76869	-0.286224	1.55742	-0.479209	-2.85643	
-0.277606	-1.76859	-0.286422	1.5575	-0.479367	-2.85648	
-0.277585	-1.76848	-0.28662	1.55757	-0.479525	-2.85652	
-0.277565	-1.76838	-0.286819	1.55765	-0.479683	-2.85656	
-0.277544	-1.76828	-0.287018	1.55772	-0.479841	-2.85661	
-0.277524	-1.76817	-0.287218	1.5578	-0.479999	-2.85665	
-0.277503	-1.76807	-0.287418	1.55787	-0.480157	-2.8567	
-0.277482	-1.76796	-0.287619	1.55795	-0.480316	-2.85674	
-0.277461	-1.76786	-0.287821	1.55803	-0.480474	-2.85679	
-0.27744	-1.76775	-0.288024	1.5581	-0.480633	-2.85683	
-0.277419	-1.76764	-0.288227	1.55818	-0.480792	-2.85688	
-0.277398	-1.76754	-0.288431	1.55825	-0.480952	-2.85692	
-0.277377	-1.76743	-0.288637	1.55833	-0.481111	-2.85697	
-0.277356	-1.76732	-0.288843	1.55841	-0.481271	-2.85701	
-0.277335	-1.76721	-0.289049	1.55848	-0.481431	-2.85706	
-0.277313	-1.7671	-0.289257	1.55856	-0.481591	-2.8571	
-0.277292	-1.76699	-0.289465	1.55863	-0.481752	-2.85715	
-0.27727	-1.76688	-0.289675	1.55871	-0.481913	-2.8572	
-0.277249	-1.76677	-0.289885	1.55879	-0.482073	-2.85724	
-0.277227	-1.76666	-0.290095	1.55886	-0.482235	-2.85729	
-0.277206	-1.76654	-0.290307	1.55894	-0.482396	-2.85733	
-0.277184	-1.76643	-0.290519	1.55901	-0.482557	-2.85738	
-0.277162	-1.76632	-0.290732	1.55909	-0.482719	-2.85742	
-0.27714	-1.7662	-0.290945	1.55917	-0.482881	-2.85747	
-0.277118	-1.76609	-0.29116	1.55924	-0.483043	-2.85752	
-0.277096	-1.76597	-0.291375	1.55932	-0.483205	-2.85756	
-0.277074	-1.76586	-0.291591	1.55939	-0.483367	-2.85761	
-0.277052	-1.76574	-0.291807	1.55947	-0.48353	-2.85765	
-0.27703	-1.76562	-0.292025	1.55955	-0.483692	-2.8577	
-0.277008	-1.76551	-0.292242	1.55962	-0.483855	-2.85775	
-0.276986	-1.76539	-0.292461	1.5597	-0.484018	-2.85779	
-0.276964	-1.76527	-0.29268	1.55978	-0.484181	-2.85784	
-0.276941	-1.76515	-0.2929	1.55985	-0.484344	-2.85789	
-0.276919	-1.76503	-0.293121	1.55993	-0.484508	-2.85793	
-0.276897	-1.76491	-0.293342	1.56	-0.484671	-2.85798	
-0.276874	-1.76479	-0.293564	1.56008	-0.484835	-2.85803	
-0.276852	-1.76467	-0.293787	1.56016	-0.484999	-2.85807	
-0.276829	-1.76455	-0.29401	1.56023	-0.485163	-2.85812	
-0.276807	-1.76443	-0.294234	1.56031	-0.485327	-2.85817	
-0.276784	-1.76431	-0.294458	1.56038	-0.485491	-2.85821	
-0.276761	-1.76419	-0.294683	1.56046	-0.485655	-2.85826	
-0.276739	-1.76406	-0.294909	1.56054	-0.485819	-2.85831	
-0.276716	-1.76394	-0.295135	1.56061	-0.485984	-2.85835	
-0.276693	-1.76381	-0.295362	1.56069	-0.486148	-2.8584	
-0.276671	-1.76369	-0.295589	1.56076	-0.486313	-2.85845	
-0.276648	-1.76357	-0.295817	1.56084	-0.486477	-2.85849	
-0.276625	-1.76344	-0.296046	1.56091	-0.486642	-2.85854	
-0.276602	-1.76331	-0.296275	1.56099	-0.486807	-2.85859	
-0.276579	-1.76319	-0.296504	1.56107	-0.486971	-2.85863	
-0.276556	-1.76306	-0.296734	1.56114	-0.487136	-2.85868	
-0.276533	-1.76293	-0.296965	1.56122	-0.487301	-2.85873	
-0.27651	-1.76281	-0.297196	1.56129	-0.487466	-2.85877	
-0.276487	-1.76268	-0.297428	1.56137	-0.487631	-2.85882	
-0.276464	-1.76255	-0.29766	1.56145	-0.487796	-2.85887	
-0.276441	-1.76242	-0.297893	1.56152	-0.487961	-2.85892	
-0.276418	-1.76229	-0.298126	1.5616	-0.488127	-2.85896	
-0.276395	-1.76216	-0.298359	1.56167	-0.488292	-2.85901	
-0.276372	-1.76203	-0.298593	1.56175	-0.488457	-2.85906	
-0.276349	-1.7619	-0.298828	1.56182	-0.488622	-2.8591	
-0.276326	-1.76177	-0.299063	1.5619	-0.488787	-2.85915	
-0.276302	-1.76164	-0.299298	1.56197	-0.488953	-2.8592	
-0.276279	-1.76151	-0.299534	1.56205	-0.489118	-2.85925	
-0.276256	-1.76138	-0.299771	1.56213	-0.489283	-2.85929	
-0.276233	-1.76125	-0.300007	1.5622	-0.489448	-2.85934	
-0.27621	-1.76111	-0.300244	1.56228	-0.489613	-2.85939	
-0.276186	-1.76098	-0.300482	1.56235	-0.489778	-2.85943	
-0.276163	-1.76085	-0.30072	1.56243	-0.489944	-2.85948	
-0.27614	-1.76071	-0.300958	1.5625	-0.490109	-2.85953	
-0.276117	-1.76058	-0.301197	1.56258	-0.490274	-2.85958	
-0.276093	-1.76044	-0.301436	1.56265	-0.490439	-2.85962	
-0.27607	-1.76031	-0.301675	1.56273	-0.490604	-2.85967	
-0.276047	-1.76017	-0.301915	1.5628	-0.490769	-2.85972	
-0.276023	-1.76004	-0.302155	1.56288	-0.490934	-2.85976	
-0.276	-1.7599	-0.302396	1.56295	-0.491098	-2.85981	
-0.275977	-1.75977	-0.302636	1.56303	-0.491263	-2.85986	
-0.275954	-1.75963	-0.302877	1.5631	-0.491428	-2.8599	
-0.27593	-1.75949	-0.303119	1.56318	-0.491592	-2.85995	
-0.275907	-1.75936	-0.30336	1.56325	-0.491757	-2.86	
-0.275884	-1.75922	-0.303602	1.56333	-0.491921	-2.86005	
-0.27586	-1.75908	-0.303844	1.5634	-0.492086	-2.86009	
-0.275837	-1.75894	-0.304087	1.56348	-0.49225	-2.86014	
-0.275814	-1.7588	-0.30433	1.56355	-0.492414	-2.86019	
-0.27579	-1.75867	-0.304573	1.56363	-0.492578	-2.86023	
-0.275767	-1.75853	-0.304816	1.5637	-0.492742	-2.86028	
-0.275744	-1.75839	-0.305059	1.56377	-0.492906	-2.86033	
-0.275721	-1.75825	-0.305303	1.56385	-0.493069	-2.86037	
-0.275697	-1.75811	-0.305547	1.56392	-0.493233	-2.86042	
-0.275674	-1.75797	-0.305791	1.564	-0.493396	-2.86047	
-0.275651	-1.75783	-0.306035	1.56407	-0.493559	-2.86051	
-0.275628	-1.75769	-0.30628	1.56415	-0.493722	-2.86056	
-0.275604	-1.75755	-0.306525	1.56422	-0.493885	-2.86061	
-0.275581	-1.7574	-0.306769	1.56429	-0.494048	-2.86065	
-0.275558	-1.75726	-0.307015	1.56437	-0.494211	-2.8607	
-0.275535	-1.75712	-0.30726	1.56444	-0.494373	-2.86075	
-0.275512	-1.75698	-0.307505	1.56452	-0.494536	-2.86079	
-0.275488	-1.75684	-0.30775	1.56459	-0.494698	-2.86084	
-0.275465	-1.75669	-0.307996	1.56466	-0.49486	-2.86089	
-0.275442	-1.75655	-0.308242	1.56474	-0.495022	-2.86093	
-0.275419	-1.75641	-0.308488	1.56481	-0.495183	-2.86098	
-0.275396	-1.75627	-0.308733	1.56489	-0.495345	-2.86103	
-0.275373	-1.75612	-0.30898	1.56496	-0.495506	-2.86107	
-0.27535	-1.75598	-0.309226	1.56503	-0.495667	-2.86112	
-0.275327	-1.75583	-0.309472	1.56511	-0.495827	-2.86117	
-0.275304	-1.75569	-0.309718	1.56518	-0.495988	-2.86121	
-0.275281	-1.75555	-0.309964	1.56525	-0.496148	-2.86126	
-0.275258	-1.7554	-0.310211	1.56533	-0.496308	-2.8613	
-0.275236	-1.75526	-0.31046	1.56541	-0.496511	-2.86142	
-0.275214	-1.75511	-0.310709	1.5655	-0.496723	-2.86156	
-0.275192	-1.75497	-0.310958	1.56559	-0.496935	-2.8617	
-0.27517	-1.75482	-0.311206	1.56568	-0.497146	-2.86183	
-0.275149	-1.75468	-0.311454	1.56577	-0.497356	-2.86197	
-0.275127	-1.75454	-0.311701	1.56586	-0.497565	-2.8621	
-0.275106	-1.75439	-0.311948	1.56595	-0.497774	-2.86223	
-0.275085	-1.75425	-0.312194	1.56604	-0.497984	-2.86233	
-0.275064	-1.7541	-0.31244	1.56613	-0.498193	-2.86243	
-0.275044	-1.75396	-0.312685	1.56622	-0.498401	-2.86253	
-0.275023	-1.75382	-0.312929	1.5663	-0.498609	-2.86262	
-0.275002	-1.75367	-0.313173	1.56639	-0.498815	-2.86272	
-0.274982	-1.75353	-0.313417	1.56648	-0.499021	-2.86282	
-0.274962	-1.75338	-0.31366	1.56657	-0.499226	-2.86292	
-0.274942	-1.75324	-0.313903	1.56666	-0.49943	-2.86301	
-0.274922	-1.7531	-0.314145	1.56674	-0.499633	-2.86311	
-0.274902	-1.75295	-0.314386	1.56683	-0.499835	-2.86321	
-0.274882	-1.75281	-0.314627	1.56692	-0.500037	-2.8633	
-0.274863	-1.75267	-0.314868	1.567	-0.500237	-2.8634	
-0.274843	-1.75252	-0.315108	1.56709	-0.500437	-2.8635	
-0.274824	-1.75238	-0.315347	1.56718	-0.500635	-2.86359	
-0.274804	-1.75224	-0.315586	1.56726	-0.500833	-2.86369	
-0.274785	-1.75209	-0.315825	1.56735	-0.50103	-2.86378	
-0.274766	-1.75195	-0.316063	1.56743	-0.501226	-2.86388	
-0.274747	-1.75181	-0.3163	1.56752	-0.501422	-2.86397	
-0.274729	-1.75167	-0.316537	1.5676	-0.501616	-2.86406	
-0.27471	-1.75152	-0.316774	1.56769	-0.50181	-2.86416	
-0.274691	-1.75138	-0.31701	1.56777	-0.502003	-2.86425	
-0.274673	-1.75124	-0.317245	1.56786	-0.502195	-2.86434	
-0.274654	-1.7511	-0.31748	1.56794	-0.502386	-2.86444	
-0.274636	-1.75095	-0.317714	1.56803	-0.502576	-2.86453	
-0.274618	-1.75081	-0.317948	1.56811	-0.502765	-2.86462	
-0.2746	-1.75067	-0.318182	1.56819	-0.502954	-2.86471	
-0.274582	-1.75053	-0.318415	1.56828	-0.503141	-2.86481	
-0.274564	-1.75038	-0.318647	1.56836	-0.503328	-2.8649	
-0.274546	-1.75024	-0.318879	1.56844	-0.503514	-2.86499	
-0.274528	-1.7501	-0.319111	1.56853	-0.5037	-2.86508	
-0.27451	-1.74996	-0.319342	1.56861	-0.503884	-2.86517	
-0.274493	-1.74982	-0.319572	1.56869	-0.504068	-2.86526	
-0.274475	-1.74968	-0.319802	1.56877	-0.504251	-2.86535	
-0.274458	-1.74953	-0.320032	1.56886	-0.504433	-2.86544	
-0.274441	-1.74939	-0.320261	1.56894	-0.504614	-2.86553	
-0.274423	-1.74925	-0.320489	1.56902	-0.504794	-2.86562	
-0.274406	-1.74911	-0.320717	1.5691	-0.504974	-2.8657	
-0.274389	-1.74897	-0.320945	1.56918	-0.505153	-2.86579	
-0.274372	-1.74883	-0.321172	1.56926	-0.505331	-2.86588	
-0.274355	-1.74869	-0.321398	1.56934	-0.505508	-2.86597	
-0.274339	-1.74855	-0.321624	1.56942	-0.505684	-2.86606	
-0.274322	-1.7484	-0.32185	1.5695	-0.50586	-2.86614	
-0.274305	-1.74826	-0.322075	1.56958	-0.506035	-2.86623	
-0.274289	-1.74812	-0.3223	1.56966	-0.506209	-2.86632	
-0.274272	-1.74798	-0.322524	1.56974	-0.506382	-2.8664	
-0.274256	-1.74784	-0.322748	1.56982	-0.506554	-2.86649	
-0.274239	-1.7477	-0.322971	1.5699	-0.506726	-2.86658	
-0.274223	-1.74756	-0.323194	1.56998	-0.506897	-2.86666	
-0.274207	-1.74742	-0.323416	1.57006	-0.507067	-2.86675	
-0.274191	-1.74728	-0.323638	1.57014	-0.507236	-2.86683	
-0.274174	-1.74714	-0.323859	1.57022	-0.507405	-2.86692	
-0.274158	-1.747	-0.32408	1.5703	-0.507572	-2.867	
-0.274142	-1.74686	-0.3243	1.57038	-0.507739	-2.86709	
-0.274127	-1.74672	-0.32452	1.57045	-0.507905	-2.86717	
-0.274111	-1.74658	-0.324739	1.57053	-0.508071	-2.86726	
-0.274095	-1.74644	-0.324958	1.57061	-0.508235	-2.86734	
-0.274079	-1.7463	-0.325177	1.57069	-0.508399	-2.86742	
-0.274064	-1.74616	-0.325395	1.57076	-0.508563	-2.86751	
-0.274048	-1.74602	-0.325612	1.57084	-0.508725	-2.86759	
-0.274032	-1.74588	-0.325829	1.57092	-0.508887	-2.86767	
-0.274017	-1.74574	-0.326046	1.571	-0.509047	-2.86776	
-0.274002	-1.7456	-0.326262	1.57107	-0.509208	-2.86784	
-0.273986	-1.74546	-0.326478	1.57115	-0.509367	-2.86792	
-0.273971	-1.74532	-0.326693	1.57123	-0.509526	-2.868	
-0.273956	-1.74518	-0.326908	1.5713	-0.509684	-2.86808	
-0.273941	-1.74504	-0.327122	1.57138	-0.509841	-2.86816	
-0.273925	-1.7449	-0.327336	1.57145	-0.509997	-2.86825	
-0.27391	-1.74477	-0.327549	1.57153	-0.510153	-2.86833	
-0.273895	-1.74463	-0.327762	1.5716	-0.510308	-2.86841	
-0.27388	-1.74449	-0.327975	1.57168	-0.510462	-2.86849	
-0.273865	-1.74435	-0.328187	1.57175	-0.510615	-2.86857	
-0.273851	-1.74421	-0.328398	1.57183	-0.510768	-2.86865	
-0.273836	-1.74407	-0.328609	1.5719	-0.51092	-2.86873	
-0.273821	-1.74393	-0.32882	1.57198	-0.511071	-2.86881	
-0.273806	-1.7438	-0.32903	1.57205	-0.511222	-2.86889	
-0.273792	-1.74366	-0.32924	1.57212	-0.511372	-2.86897	
-0.273777	-1.74352	-0.329449	1.5722	-0.511521	-2.86905	
-0.273763	-1.74338	-0.329658	1.57227	-0.511669	-2.86913	
-0.273748	-1.74324	-0.329866	1.57235	-0.511817	-2.8692	
-0.273734	-1.74311	-0.330074	1.57242	-0.511964	-2.86928	
-0.273719	-1.74297	-0.330282	1.57249	-0.51211	-2.86936	
-0.273705	-1.74283	-0.330489	1.57256	-0.512255	-2.86944	
-0.27369	-1.74269	-0.330695	1.57264	-0.5124	-2.86952	
-0.273676	-1.74255	-0.330901	1.57271	-0.512544	-2.86959	
-0.273662	-1.74242	-0.331107	1.57278	-0.512688	-2.86967	
-0.273648	-1.74228	-0.331312	1.57285	-0.51283	-2.86975	
-0.273634	-1.74214	-0.331517	1.57293	-0.512972	-2.86982	
-0.27362	-1.742	-0.331721	1.573	-0.513114	-2.8699	
-0.273606	-1.74187	-0.331925	1.57307	-0.513254	-2.86998	
-0.273592	-1.74173	-0.332128	1.57314	-0.513394	-2.87005	
-0.273578	-1.74159	-0.332331	1.57321	-0.513533	-2.87013	
-0.273564	-1.74146	-0.332534	1.57328	-0.513672	-2.87021	
-0.27355	-1.74132	-0.332736	1.57335	-0.51381	-2.87028	
-0.273536	-1.74118	-0.332938	1.57342	-0.513947	-2.87036	
-0.273522	-1.74105	-0.333139	1.57349	-0.514083	-2.87043	
-0.273508	-1.74091	-0.33334	1.57357	-0.514219	-2.87051	
-0.273495	-1.74077	-0.33354	1.57364	-0.514354	-2.87058	
-0.273481	-1.74064	-0.33374	1.57371	-0.514488	-2.87066	
-0.273467	-1.7405	-0.333939	1.57377	-0.514622	-2.87073	
-0.273454	-1.74036	-0.334138	1.57384	-0.514755	-2.8708	
-0.27344	-1.74023	-0.334337	1.57391	-0.514888	-2.87088	
-0.273427	-1.74009	-0.334535	1.57398	-0.515019	-2.87095	
-0.273413	-1.73996	-0.334733	1.57405	-0.51515	-2.87103	
-0.2734	-1.73982	-0.33493	1.57412	-0.515281	-2.8711	
-0.273386	-1.73969	-0.335127	1.57419	-0.51541	-2.87117	
-0.273373	-1.73955	-0.335323	1.57426	-0.515539	-2.87125	
-0.27336	-1.73941	-0.335519	1.57433	-0.515668	-2.87132	
-0.273347	-1.73928	-0.335714	1.57439	-0.515795	-2.87139	
-0.273333	-1.73914	-0.33591	1.57446	-0.515922	-2.87146	
-0.27332	-1.73901	-0.336104	1.57453	-0.516049	-2.87154	
-0.273307	-1.73887	-0.336298	1.5746	-0.516174	-2.87161	
-0.273294	-1.73874	-0.336492	1.57467	-0.516299	-2.87168	
-0.273281	-1.7386	-0.336685	1.57473	-0.516424	-2.87175	
-0.273268	-1.73847	-0.336878	1.5748	-0.516547	-2.87182	
-0.273255	-1.73833	-0.337071	1.57487	-0.51667	-2.87189	
-0.273242	-1.7382	-0.337263	1.57493	-0.516793	-2.87196	
-0.273229	-1.73806	-0.337454	1.575	-0.516915	-2.87203	
-0.273216	-1.73793	-0.337646	1.57507	-0.517036	-2.8721	
-0.273203	-1.7378	-0.337836	1.57513	-0.517156	-2.87217	
-0.27319	-1.73766	-0.338027	1.5752	-0.517276	-2.87224	
-0.273177	-1.73753	-0.338217	1.57526	-0.517395	-2.87231	
-0.273164	-1.73739	-0.338406	1.57533	-0.517514	-2.87238	
-0.273152	-1.73726	-0.338595	1.5754	-0.517632	-2.87245	
-0.273139	-1.73713	-0.338784	1.57546	-0.517749	-2.87252	
-0.273126	-1.73699	-0.338972	1.57553	-0.517866	-2.87259	
-0.273114	-1.73686	-0.33916	1.57559	-0.517982	-2.87265	
-0.273101	-1.73672	-0.339347	1.57566	-0.518098	-2.87272	
-0.27309	-1.7366	-0.33954	1.57571	-0.518248	-2.87278	
-0.273083	-1.73653	-0.339744	1.57575	-0.518527	-2.87281	
-0.273076	-1.73646	-0.339935	1.57578	-0.518787	-2.87285	
-0.273068	-1.73639	-0.340113	1.57582	-0.51903	-2.87289	
-0.273061	-1.73633	-0.340281	1.57586	-0.519257	-2.87293	
-0.273054	-1.73628	-0.340439	1.57589	-0.519469	-2.87296	
-0.273047	-1.73622	-0.340588	1.57593	-0.51967	-2.873	
-0.27304	-1.73617	-0.340729	1.57597	-0.519858	-2.87304	
-0.273033	-1.73613	-0.340863	1.576	-0.520037	-2.87308	
-0.273026	-1.73608	-0.340991	1.57604	-0.520206	-2.87312	
-0.273019	-1.73604	-0.341113	1.57608	-0.520367	-2.87315	
-0.273011	-1.736	-0.34123	1.57611	-0.52052	-2.87319	
-0.273004	-1.73596	-0.341342	1.57615	-0.520667	-2.87323	
-0.272997	-1.73592	-0.34145	1.57619	-0.520807	-2.87327	
-0.27299	-1.73588	-0.341555	1.57622	-0.520943	-2.87331	
-0.272983	-1.73585	-0.341656	1.57626	-0.521073	-2.87335	
-0.272976	-1.73581	-0.341754	1.5763	-0.521199	-2.87338	
-0.272969	-1.73578	-0.341849	1.57633	-0.521321	-2.87342	
-0.272962	-1.73575	-0.341942	1.57637	-0.521439	-2.87346	
-0.272954	-1.73571	-0.342032	1.5764	-0.521554	-2.8735	
-0.272947	-1.73568	-0.342121	1.57644	-0.521666	-2.87354	
-0.27294	-1.73565	-0.342208	1.57648	-0.521775	-2.87358	
-0.272933	-1.73562	-0.342292	1.57651	-0.521882	-2.87361	
-0.272926	-1.7356	-0.342376	1.57655	-0.521986	-2.87365	
-0.272918	-1.73557	-0.342458	1.57659	-0.522088	-2.87368	
-0.272911	-1.73554	-0.342539	1.57663	-0.522188	-2.87371	
-0.272904	-1.73551	-0.342619	1.57667	-0.522287	-2.87374	
-0.272896	-1.73549	-0.342697	1.57671	-0.522383	-2.87376	
-0.272889	-1.73546	-0.342775	1.57675	-0.522479	-2.87379	
-0.272881	-1.73543	-0.342852	1.57679	-0.522573	-2.87381	
-0.272874	-1.73541	-0.342928	1.57684	-0.522665	-2.87383	
-0.272866	-1.73538	-0.343003	1.57688	-0.522756	-2.87385	
-0.272859	-1.73536	-0.343077	1.57692	-0.522846	-2.87386	
-0.272851	-1.73533	-0.343151	1.57697	-0.522935	-2.87388	
-0.272844	-1.73531	-0.343224	1.57701	-0.523023	-2.8739	
-0.272836	-1.73529	-0.343296	1.57706	-0.523109	-2.87391	
-0.272828	-1.73526	-0.343368	1.5771	-0.523195	-2.87393	
-0.272821	-1.73524	-0.343439	1.57715	-0.52328	-2.87394	
-0.272813	-1.73522	-0.34351	1.5772	-0.523364	-2.87396	
-0.272805	-1.73519	-0.34358	1.57724	-0.523447	-2.87397	
-0.272797	-1.73517	-0.34365	1.57729	-0.523529	-2.87399	
-0.27279	-1.73515	-0.343719	1.57733	-0.523611	-2.874	
-0.272782	-1.73513	-0.343788	1.57738	-0.523691	-2.87402	
-0.272774	-1.7351	-0.343856	1.57743	-0.523771	-2.87403	
-0.272766	-1.73508	-0.343924	1.57747	-0.52385	-2.87405	
-0.272758	-1.73506	-0.343991	1.57752	-0.523929	-2.87406	
-0.27275	-1.73504	-0.344058	1.57757	-0.524007	-2.87408	
-0.272742	-1.73502	-0.344125	1.57762	-0.524084	-2.87409	
-0.272734	-1.735	-0.344191	1.57766	-0.524161	-2.87411	
-0.272725	-1.73497	-0.344257	1.57771	-0.524237	-2.87412	
-0.272717	-1.73495	-0.344322	1.57776	-0.524312	-2.87414	
-0.272709	-1.73493	-0.344387	1.57781	-0.524387	-2.87416	
-0.272701	-1.73491	-0.344452	1.57786	-0.524461	-2.87417	
-0.272693	-1.73489	-0.344517	1.5779	-0.524535	-2.87419	
-0.272684	-1.73487	-0.344581	1.57795	-0.524608	-2.87421	
-0.272676	-1.73485	-0.344644	1.578	-0.52468	-2.87422	
-0.272668	-1.73483	-0.344708	1.57805	-0.524752	-2.87424	
-0.272659	-1.73481	-0.344771	1.5781	-0.524823	-2.87426	
-0.272651	-1.73479	-0.344833	1.57815	-0.524894	-2.87428	
-0.272643	-1.73477	-0.344896	1.5782	-0.524964	-2.8743	
-0.272634	-1.73475	-0.344958	1.57824	-0.525034	-2.87432	
-0.272626	-1.73473	-0.34502	1.57829	-0.525103	-2.87433	
-0.272617	-1.73471	-0.345081	1.57834	-0.525172	-2.87435	
-0.272609	-1.73469	-0.345142	1.57839	-0.52524	-2.87437	
-0.2726	-1.73467	-0.345203	1.57844	-0.525308	-2.87439	
