0	0	0	0	0	0	
-1.9353e-08	2.57064e-14	3.12072e-09	-1.39919e-09	-0.000944206	-8.99268e-10	
-1.93348e-08	2.57386e-14	3.11756e-09	-1.39768e-09	-0.000943248	-8.8084e-10	
-1.93165e-08	2.57696e-14	3.11438e-09	-1.39611e-09	-0.000942282	-8.62351e-10	
-1.9298e-08	2.57995e-14	3.11118e-09	-1.39447e-09	-0.000941308	-8.43806e-10	
-1.92794e-08	2.58283e-14	3.10795e-09	-1.39277e-09	-0.000940325	-8.25206e-10	
-1.92605e-08	2.58562e-14	3.1047e-09	-1.39101e-09	-0.000939334	-8.06556e-10	
-1.92415e-08	2.5883e-14	3.10142e-09	-1.3892e-09	-0.000938334	-7.87858e-10	
-1.92224e-08	2.5909e-14	3.09812e-09	-1.38734e-09	-0.000937326	-7.69116e-10	
-1.9203e-08	2.59341e-14	3.0948e-09	-1.38543e-09	-0.00093631	-7.50333e-10	
-1.91835e-08	2.59584e-14	3.09145e-09	-1.38348e-09	-0.000935285	-7.3151e-10	
-1.91638e-08	2.5982e-14	3.08807e-09	-1.38148e-09	-0.000934252	-7.12652e-10	
-1.9144e-08	2.6005e-14	3.08467e-09	-1.37945e-09	-0.00093321	-6.93762e-10	
-1.9124e-08	2.60273e-14	3.08124e-09	-1.37738e-09	-0.000932161	-6.74841e-10	
-1.91038e-08	2.6049e-14	3.07779e-09	-1.37528e-09	-0.000931103	-6.55894e-10	
-1.90835e-08	2.60703e-14	3.07432e-09	-1.37315e-09	-0.000930037	-6.36922e-10	
-1.90629e-08	2.6091e-14	3.07081e-09	-1.37099e-09	-0.000928962	-6.17928e-10	
-1.90423e-08	2.61114e-14	3.06728e-09	-1.36881e-09	-0.00092788	-5.98916e-10	
-1.90214e-08	2.61314e-14	3.06373e-09	-1.36661e-09	-0.000926789	-5.79887e-10	
-1.90004e-08	2.61512e-14	3.06014e-09	-1.3644e-09	-0.00092569	-5.60844e-10	
-1.89792e-08	2.61707e-14	3.05653e-09	-1.36217e-09	-0.000924583	-5.4179e-10	
-1.89579e-08	2.619e-14	3.0529e-09	-1.35993e-09	-0.000923468	-5.22728e-10	
-1.89363e-08	2.62092e-14	3.04923e-09	-1.35769e-09	-0.000922344	-5.03659e-10	
-1.89147e-08	2.62283e-14	3.04554e-09	-1.35544e-09	-0.000921213	-4.84586e-10	
-1.88928e-08	2.62474e-14	3.04182e-09	-1.35319e-09	-0.000920073	-4.65513e-10	
-1.88708e-08	2.62665e-14	3.03807e-09	-1.35094e-09	-0.000918926	-4.4644e-10	
-1.88486e-08	2.62857e-14	3.0343e-09	-1.34869e-09	-0.00091777	-4.27371e-10	
-1.88263e-08	2.6305e-14	3.0305e-09	-1.34645e-09	-0.000916606	-4.08307e-10	
-1.88038e-08	2.63245e-14	3.02666e-09	-1.34423e-09	-0.000915435	-3.89251e-10	
-1.87811e-08	2.63443e-14	3.0228e-09	-1.34201e-09	-0.000914255	-3.70206e-10	
-1.87583e-08	2.63644e-14	3.01892e-09	-1.33982e-09	-0.000913067	-3.51173e-10	
-1.87352e-08	2.63848e-14	3.015e-09	-1.33764e-09	-0.000911872	-3.32155e-10	
-1.87121e-08	2.64056e-14	3.01105e-09	-1.33548e-09	-0.000910668	-3.13153e-10	
-1.86887e-08	2.64268e-14	3.00708e-09	-1.33335e-09	-0.000909457	-2.9417e-10	
-1.86652e-08	2.64486e-14	3.00307e-09	-1.33125e-09	-0.000908238	-2.75208e-10	
-1.86416e-08	2.64709e-14	2.99904e-09	-1.32917e-09	-0.000907011	-2.56269e-10	
-1.86178e-08	2.64938e-14	2.99497e-09	-1.32713e-09	-0.000905776	-2.37355e-10	
-1.85938e-08	2.65173e-14	2.99088e-09	-1.32513e-09	-0.000904533	-2.18468e-10	
-1.85696e-08	2.65416e-14	2.98676e-09	-1.32317e-09	-0.000903282	-1.9961e-10	
-1.85453e-08	2.65665e-14	2.9826e-09	-1.32124e-09	-0.000902024	-1.80783e-10	
-1.85208e-08	2.65923e-14	2.97842e-09	-1.31936e-09	-0.000900758	-1.61989e-10	
-1.84962e-08	2.6619e-14	2.9742e-09	-1.31753e-09	-0.000899484	-1.43229e-10	
-1.84714e-08	2.66465e-14	2.96996e-09	-1.31575e-09	-0.000898203	-1.24505e-10	
-1.84464e-08	2.6675e-14	2.96568e-09	-1.31402e-09	-0.000896913	-1.0582e-10	
-1.84213e-08	2.67045e-14	2.96137e-09	-1.31234e-09	-0.000895616	-8.71746e-11	
-1.8396e-08	2.6735e-14	2.95704e-09	-1.31073e-09	-0.000894312	-6.85712e-11	
-1.83706e-08	2.67665e-14	2.95267e-09	-1.30917e-09	-0.000893	-5.0011e-11	
-1.8345e-08	2.67993e-14	2.94827e-09	-1.30767e-09	-0.00089168	-3.1496e-11	
-1.83192e-08	2.68331e-14	2.94383e-09	-1.30624e-09	-0.000890352	-1.3028e-11	
-1.82933e-08	2.68683e-14	2.93937e-09	-1.30488e-09	-0.000889017	5.39167e-12	
-1.82672e-08	2.69046e-14	2.93487e-09	-1.30358e-09	-0.000887675	2.37612e-11	
-1.8241e-08	2.69423e-14	2.93035e-09	-1.30236e-09	-0.000886325	4.20794e-11	
-1.82146e-08	2.69814e-14	2.92579e-09	-1.30122e-09	-0.000884967	6.0344e-11	
-1.8188e-08	2.70218e-14	2.92119e-09	-1.30015e-09	-0.000883602	7.85541e-11	
-1.81613e-08	2.70637e-14	2.91657e-09	-1.29916e-09	-0.00088223	9.67078e-11	
-1.81344e-08	2.71071e-14	2.91191e-09	-1.29825e-09	-0.00088085	1.14804e-10	
-1.81074e-08	2.7152e-14	2.90723e-09	-1.29743e-09	-0.000879462	1.32841e-10	
-1.80802e-08	2.71985e-14	2.9025e-09	-1.29669e-09	-0.000878067	1.50817e-10	
-1.80528e-08	2.72466e-14	2.89775e-09	-1.29604e-09	-0.000876665	1.68731e-10	
-1.80253e-08	2.72963e-14	2.89296e-09	-1.29548e-09	-0.000875256	1.86581e-10	
-1.79977e-08	2.73478e-14	2.88814e-09	-1.29502e-09	-0.000873839	2.04367e-10	
-1.79698e-08	2.7401e-14	2.88329e-09	-1.29465e-09	-0.000872415	2.22087e-10	
-1.79419e-08	2.74559e-14	2.8784e-09	-1.29438e-09	-0.000870983	2.39739e-10	
-1.79137e-08	2.75127e-14	2.87348e-09	-1.29421e-09	-0.000869544	2.57322e-10	
-1.78854e-08	2.75713e-14	2.86853e-09	-1.29414e-09	-0.000868098	2.74835e-10	
-1.7857e-08	2.76318e-14	2.86354e-09	-1.29417e-09	-0.000866645	2.92278e-10	
-1.78284e-08	2.76943e-14	2.85852e-09	-1.29431e-09	-0.000865184	3.09647e-10	
-1.77997e-08	2.77587e-14	2.85347e-09	-1.29456e-09	-0.000863717	3.26943e-10	
-1.77708e-08	2.78251e-14	2.84838e-09	-1.29491e-09	-0.000862242	3.44164e-10	
-1.77417e-08	2.78935e-14	2.84326e-09	-1.29538e-09	-0.00086076	3.61308e-10	
-1.77125e-08	2.7964e-14	2.8381e-09	-1.29597e-09	-0.000859271	3.78376e-10	
-1.76831e-08	2.80366e-14	2.83291e-09	-1.29666e-09	-0.000857775	3.95365e-10	
-1.76536e-08	2.81114e-14	2.82769e-09	-1.29748e-09	-0.000856271	4.12275e-10	
-1.7624e-08	2.81884e-14	2.82243e-09	-1.29841e-09	-0.000854761	4.29104e-10	
-1.75941e-08	2.82675e-14	2.81714e-09	-1.29947e-09	-0.000853244	4.45851e-10	
-1.75642e-08	2.83489e-14	2.81181e-09	-1.30065e-09	-0.000851719	4.62516e-10	
-1.7534e-08	2.84326e-14	2.80645e-09	-1.30195e-09	-0.000850188	4.79097e-10	
-1.75038e-08	2.85186e-14	2.80106e-09	-1.30338e-09	-0.000848649	4.95593e-10	
-1.74734e-08	2.86069e-14	2.79563e-09	-1.30494e-09	-0.000847104	5.12004e-10	
-1.74428e-08	2.86976e-14	2.79016e-09	-1.30663e-09	-0.000845552	5.28328e-10	
-1.74121e-08	2.87907e-14	2.78466e-09	-1.30844e-09	-0.000843993	5.44564e-10	
-1.73812e-08	2.88862e-14	2.77913e-09	-1.31039e-09	-0.000842427	5.60712e-10	
-1.73502e-08	2.89842e-14	2.77356e-09	-1.31248e-09	-0.000840854	5.7677e-10	
-1.7319e-08	2.90847e-14	2.76796e-09	-1.3147e-09	-0.000839274	5.92738e-10	
-1.72877e-08	2.91877e-14	2.76232e-09	-1.31706e-09	-0.000837688	6.08615e-10	
-1.72562e-08	2.92932e-14	2.75664e-09	-1.31956e-09	-0.000836095	6.24399e-10	
-1.72246e-08	2.94013e-14	2.75094e-09	-1.3222e-09	-0.000834495	6.40091e-10	
-1.71929e-08	2.95119e-14	2.74519e-09	-1.32497e-09	-0.000832888	6.55689e-10	
-1.7161e-08	2.96252e-14	2.73941e-09	-1.3279e-09	-0.000831274	6.71192e-10	
-1.71289e-08	2.97412e-14	2.7336e-09	-1.33096e-09	-0.000829654	6.866e-10	
-1.70967e-08	2.98598e-14	2.72775e-09	-1.33418e-09	-0.000828027	7.01911e-10	
-1.70644e-08	2.99811e-14	2.72187e-09	-1.33754e-09	-0.000826394	7.17126e-10	
-1.70319e-08	3.01051e-14	2.71595e-09	-1.34104e-09	-0.000824754	7.32243e-10	
-1.69993e-08	3.02319e-14	2.70999e-09	-1.3447e-09	-0.000823107	7.47262e-10	
-1.69665e-08	3.03614e-14	2.70401e-09	-1.34851e-09	-0.000821453	7.62181e-10	
-1.69336e-08	3.04936e-14	2.69798e-09	-1.35246e-09	-0.000819794	7.77001e-10	
-1.69006e-08	3.06287e-14	2.69192e-09	-1.35658e-09	-0.000818127	7.9172e-10	
-1.68674e-08	3.07666e-14	2.68583e-09	-1.36084e-09	-0.000816454	8.06338e-10	
-1.6834e-08	3.09073e-14	2.6797e-09	-1.36526e-09	-0.000814775	8.20854e-10	
-1.68006e-08	3.10509e-14	2.67353e-09	-1.36984e-09	-0.000813089	8.35267e-10	
-1.67669e-08	3.11974e-14	2.66733e-09	-1.37457e-09	-0.000811396	8.49578e-10	
-1.67332e-08	3.13467e-14	2.66109e-09	-1.37946e-09	-0.000809698	8.63785e-10	
-1.66993e-08	3.14989e-14	2.65482e-09	-1.38451e-09	-0.000807993	8.77887e-10	
-1.66652e-08	3.16541e-14	2.64852e-09	-1.38972e-09	-0.000806281	8.91885e-10	
-1.6631e-08	3.18122e-14	2.64218e-09	-1.39508e-09	-0.000804563	9.05777e-10	
-1.65967e-08	3.19733e-14	2.6358e-09	-1.40061e-09	-0.000802839	9.19563e-10	
-1.65623e-08	3.21373e-14	2.62939e-09	-1.4063e-09	-0.000801109	9.33242e-10	
-1.65277e-08	3.23043e-14	2.62294e-09	-1.41216e-09	-0.000799372	9.46815e-10	
-1.64929e-08	3.24743e-14	2.61646e-09	-1.41817e-09	-0.000797629	9.60279e-10	
-1.6458e-08	3.26472e-14	2.60994e-09	-1.42436e-09	-0.000795879	9.73636e-10	
-1.6423e-08	3.28232e-14	2.60339e-09	-1.4307e-09	-0.000794124	9.86884e-10	
-1.63879e-08	3.30022e-14	2.5968e-09	-1.43721e-09	-0.000792362	1.00002e-09	
-1.63526e-08	3.31843e-14	2.59018e-09	-1.44389e-09	-0.000790595	1.01305e-09	
-1.63172e-08	3.33694e-14	2.58352e-09	-1.45073e-09	-0.000788821	1.02597e-09	
-1.62816e-08	3.35575e-14	2.57683e-09	-1.45774e-09	-0.000787041	1.03878e-09	
-1.6246e-08	3.37487e-14	2.5701e-09	-1.46491e-09	-0.000785254	1.05148e-09	
-1.62101e-08	3.3943e-14	2.56334e-09	-1.47225e-09	-0.000783462	1.06407e-09	
-1.61742e-08	3.41403e-14	2.55654e-09	-1.47977e-09	-0.000781664	1.07654e-09	
-1.61381e-08	3.43407e-14	2.54971e-09	-1.48744e-09	-0.00077986	1.08891e-09	
-1.61019e-08	3.45442e-14	2.54284e-09	-1.49529e-09	-0.000778049	1.10116e-09	
-1.60655e-08	3.47507e-14	2.53594e-09	-1.50331e-09	-0.000776233	1.11329e-09	
-1.6029e-08	3.49604e-14	2.52901e-09	-1.51149e-09	-0.000774411	1.12532e-09	
-1.59924e-08	3.51731e-14	2.52204e-09	-1.51985e-09	-0.000772583	1.13723e-09	
-1.59557e-08	3.5389e-14	2.51503e-09	-1.52837e-09	-0.000770749	1.14903e-09	
-1.59188e-08	3.56079e-14	2.508e-09	-1.53706e-09	-0.000768909	1.16071e-09	
-1.58818e-08	3.583e-14	2.50092e-09	-1.54593e-09	-0.000767063	1.17228e-09	
-1.58446e-08	3.60551e-14	2.49382e-09	-1.55496e-09	-0.000765212	1.18374e-09	
-1.58074e-08	3.62833e-14	2.48667e-09	-1.56416e-09	-0.000763355	1.19508e-09	
-1.577e-08	3.65147e-14	2.4795e-09	-1.57353e-09	-0.000761491	1.2063e-09	
-1.57325e-08	3.67491e-14	2.47229e-09	-1.58307e-09	-0.000759623	1.21741e-09	
-1.56948e-08	3.69866e-14	2.46505e-09	-1.59278e-09	-0.000757748	1.2284e-09	
-1.5657e-08	3.72272e-14	2.45777e-09	-1.60266e-09	-0.000755868	1.23928e-09	
-1.56191e-08	3.74708e-14	2.45046e-09	-1.61271e-09	-0.000753982	1.25004e-09	
-1.55811e-08	3.77176e-14	2.44311e-09	-1.62293e-09	-0.00075209	1.26068e-09	
-1.55429e-08	3.79674e-14	2.43574e-09	-1.63332e-09	-0.000750193	1.27121e-09	
-1.55047e-08	3.82203e-14	2.42833e-09	-1.64387e-09	-0.00074829	1.28162e-09	
-1.54663e-08	3.84763e-14	2.42088e-09	-1.6546e-09	-0.000746382	1.29191e-09	
-1.54277e-08	3.87353e-14	2.41341e-09	-1.66549e-09	-0.000744468	1.30209e-09	
-1.53891e-08	3.89974e-14	2.4059e-09	-1.67655e-09	-0.000742548	1.31214e-09	
-1.53503e-08	3.92625e-14	2.39835e-09	-1.68778e-09	-0.000740623	1.32209e-09	
-1.53114e-08	3.95306e-14	2.39078e-09	-1.69917e-09	-0.000738693	1.33191e-09	
-1.52724e-08	3.98018e-14	2.38317e-09	-1.71073e-09	-0.000736757	1.34161e-09	
-1.52332e-08	4.00759e-14	2.37553e-09	-1.72246e-09	-0.000734816	1.3512e-09	
-1.5194e-08	4.03531e-14	2.36785e-09	-1.73435e-09	-0.000732869	1.36067e-09	
-1.51546e-08	4.06332e-14	2.36015e-09	-1.7464e-09	-0.000730917	1.37002e-09	
-1.51151e-08	4.09163e-14	2.35241e-09	-1.75862e-09	-0.000728959	1.37925e-09	
-1.50755e-08	4.12024e-14	2.34464e-09	-1.77101e-09	-0.000726997	1.38836e-09	
-1.50357e-08	4.14914e-14	2.33684e-09	-1.78356e-09	-0.000725028	1.39735e-09	
-1.49959e-08	4.17834e-14	2.329e-09	-1.79626e-09	-0.000723055	1.40623e-09	
-1.49559e-08	4.20783e-14	2.32114e-09	-1.80914e-09	-0.000721076	1.41499e-09	
-1.49158e-08	4.2376e-14	2.31324e-09	-1.82217e-09	-0.000719092	1.42362e-09	
-1.48756e-08	4.26767e-14	2.30531e-09	-1.83536e-09	-0.000717103	1.43214e-09	
-1.48352e-08	4.29802e-14	2.29736e-09	-1.84871e-09	-0.000715109	1.44054e-09	
-1.47948e-08	4.32866e-14	2.28937e-09	-1.86222e-09	-0.00071311	1.44882e-09	
-1.47542e-08	4.35958e-14	2.28134e-09	-1.87589e-09	-0.000711105	1.45698e-09	
-1.47136e-08	4.39078e-14	2.27329e-09	-1.88971e-09	-0.000709096	1.46502e-09	
-1.46728e-08	4.42226e-14	2.26521e-09	-1.90369e-09	-0.000707081	1.47295e-09	
-1.46319e-08	4.45401e-14	2.2571e-09	-1.91782e-09	-0.000705061	1.48075e-09	
-1.45908e-08	4.48605e-14	2.24896e-09	-1.93211e-09	-0.000703036	1.48843e-09	
-1.45497e-08	4.51835e-14	2.24079e-09	-1.94655e-09	-0.000701006	1.496e-09	
-1.45085e-08	4.55093e-14	2.23258e-09	-1.96114e-09	-0.000698972	1.50344e-09	
-1.44671e-08	4.58377e-14	2.22435e-09	-1.97588e-09	-0.000696932	1.51077e-09	
-1.44256e-08	4.61689e-14	2.21609e-09	-1.99077e-09	-0.000694887	1.51798e-09	
-1.43841e-08	4.65026e-14	2.2078e-09	-2.00581e-09	-0.000692838	1.52507e-09	
-1.43424e-08	4.68389e-14	2.19948e-09	-2.02099e-09	-0.000690783	1.53204e-09	
-1.43006e-08	4.71779e-14	2.19113e-09	-2.03632e-09	-0.000688724	1.53889e-09	
-1.42587e-08	4.75194e-14	2.18276e-09	-2.0518e-09	-0.00068666	1.54562e-09	
-1.42166e-08	4.78634e-14	2.17435e-09	-2.06742e-09	-0.000684591	1.55223e-09	
-1.41745e-08	4.821e-14	2.16592e-09	-2.08318e-09	-0.000682517	1.55872e-09	
-1.41323e-08	4.8559e-14	2.15746e-09	-2.09908e-09	-0.000680439	1.5651e-09	
-1.40899e-08	4.89105e-14	2.14897e-09	-2.11511e-09	-0.000678355	1.57135e-09	
-1.40475e-08	4.92644e-14	2.14045e-09	-2.13129e-09	-0.000676267	1.57749e-09	
-1.40049e-08	4.96206e-14	2.13191e-09	-2.1476e-09	-0.000674175	1.58351e-09	
-1.39623e-08	4.99793e-14	2.12334e-09	-2.16405e-09	-0.000672078	1.58941e-09	
-1.39195e-08	5.03403e-14	2.11474e-09	-2.18063e-09	-0.000669976	1.59519e-09	
-1.38767e-08	5.07036e-14	2.10611e-09	-2.19734e-09	-0.000667869	1.60085e-09	
-1.38337e-08	5.10691e-14	2.09746e-09	-2.21418e-09	-0.000665759	1.6064e-09	
-1.37906e-08	5.14369e-14	2.08878e-09	-2.23115e-09	-0.000663643	1.61183e-09	
-1.37474e-08	5.18069e-14	2.08008e-09	-2.24825e-09	-0.000661523	1.61714e-09	
-1.37042e-08	5.21791e-14	2.07135e-09	-2.26547e-09	-0.000659398	1.62233e-09	
-1.36608e-08	5.25534e-14	2.06259e-09	-2.28281e-09	-0.000657269	1.6274e-09	
-1.36173e-08	5.29297e-14	2.05381e-09	-2.30028e-09	-0.000655136	1.63236e-09	
-1.35737e-08	5.33082e-14	2.045e-09	-2.31787e-09	-0.000652998	1.6372e-09	
-1.353e-08	5.36887e-14	2.03617e-09	-2.33557e-09	-0.000650856	1.64192e-09	
-1.34862e-08	5.40712e-14	2.02732e-09	-2.35339e-09	-0.000648709	1.64652e-09	
-1.34424e-08	5.44556e-14	2.01843e-09	-2.37133e-09	-0.000646558	1.65101e-09	
-1.33984e-08	5.4842e-14	2.00953e-09	-2.38938e-09	-0.000644403	1.65538e-09	
-1.33543e-08	5.52303e-14	2.0006e-09	-2.40754e-09	-0.000642243	1.65964e-09	
-1.33101e-08	5.56204e-14	1.99165e-09	-2.4258e-09	-0.00064008	1.66378e-09	
-1.32658e-08	5.60122e-14	1.98267e-09	-2.44418e-09	-0.000637911	1.6678e-09	
-1.32215e-08	5.64059e-14	1.97367e-09	-2.46266e-09	-0.000635739	1.67171e-09	
-1.3177e-08	5.68013e-14	1.96465e-09	-2.48124e-09	-0.000633563	1.6755e-09	
-1.31324e-08	5.71984e-14	1.9556e-09	-2.49993e-09	-0.000631382	1.67917e-09	
-1.30878e-08	5.75971e-14	1.94654e-09	-2.51871e-09	-0.000629197	1.68273e-09	
-1.3043e-08	5.79974e-14	1.93745e-09	-2.53759e-09	-0.000627009	1.68618e-09	
-1.29982e-08	5.83993e-14	1.92833e-09	-2.55657e-09	-0.000624816	1.68951e-09	
-1.29533e-08	5.88027e-14	1.9192e-09	-2.57564e-09	-0.000622619	1.69272e-09	
-1.29082e-08	5.92076e-14	1.91005e-09	-2.5948e-09	-0.000620418	1.69583e-09	
-1.28631e-08	5.96139e-14	1.90087e-09	-2.61405e-09	-0.000618213	1.69881e-09	
-1.28179e-08	6.00216e-14	1.89167e-09	-2.63338e-09	-0.000616004	1.70169e-09	
-1.27726e-08	6.04306e-14	1.88246e-09	-2.6528e-09	-0.000613791	1.70445e-09	
-1.27272e-08	6.0841e-14	1.87322e-09	-2.6723e-09	-0.000611574	1.70709e-09	
-1.26817e-08	6.12526e-14	1.86396e-09	-2.69189e-09	-0.000609353	1.70963e-09	
-1.26361e-08	6.16654e-14	1.85468e-09	-2.71154e-09	-0.000607129	1.71205e-09	
-1.25905e-08	6.20794e-14	1.84538e-09	-2.73128e-09	-0.0006049	1.71435e-09	
-1.25447e-08	6.24945e-14	1.83607e-09	-2.75109e-09	-0.000602668	1.71655e-09	
-1.24989e-08	6.29106e-14	1.82673e-09	-2.77096e-09	-0.000600432	1.71863e-09	
-1.2453e-08	6.33278e-14	1.81738e-09	-2.79091e-09	-0.000598192	1.7206e-09	
-1.2407e-08	6.3746e-14	1.808e-09	-2.81092e-09	-0.000595948	1.72246e-09	
-1.23609e-08	6.41651e-14	1.79861e-09	-2.831e-09	-0.000593701	1.72421e-09	
-1.23147e-08	6.45851e-14	1.78921e-09	-2.85114e-09	-0.00059145	1.72585e-09	
-1.22684e-08	6.50059e-14	1.77978e-09	-2.87133e-09	-0.000589195	1.72738e-09	
-1.22221e-08	6.54274e-14	1.77034e-09	-2.89158e-09	-0.000586937	1.7288e-09	
-1.21757e-08	6.58498e-14	1.76088e-09	-2.91189e-09	-0.000584675	1.7301e-09	
-1.21291e-08	6.62728e-14	1.7514e-09	-2.93225e-09	-0.00058241	1.7313e-09	
-1.20825e-08	6.66964e-14	1.74191e-09	-2.95266e-09	-0.000580141	1.73239e-09	
-1.20359e-08	6.71206e-14	1.7324e-09	-2.97311e-09	-0.000577868	1.73337e-09	
-1.19891e-08	6.75453e-14	1.72287e-09	-2.99361e-09	-0.000575592	1.73424e-09	
-1.19423e-08	6.79705e-14	1.71333e-09	-3.01414e-09	-0.000573312	1.735e-09	
-1.18953e-08	6.83962e-14	1.70378e-09	-3.03472e-09	-0.000571029	1.73565e-09	
-1.18483e-08	6.88222e-14	1.69421e-09	-3.05533e-09	-0.000568743	1.7362e-09	
-1.18013e-08	6.92486e-14	1.68462e-09	-3.07598e-09	-0.000566453	1.73664e-09	
-1.17541e-08	6.96752e-14	1.67503e-09	-3.09666e-09	-0.00056416	1.73697e-09	
-1.17069e-08	7.0102e-14	1.66541e-09	-3.11737e-09	-0.000561863	1.73719e-09	
-1.16596e-08	7.0529e-14	1.65579e-09	-3.1381e-09	-0.000559564	1.73731e-09	
-1.16122e-08	7.09561e-14	1.64615e-09	-3.15885e-09	-0.00055726	1.73732e-09	
-1.15647e-08	7.13833e-14	1.6365e-09	-3.17963e-09	-0.000554954	1.73723e-09	
-1.15172e-08	7.18104e-14	1.62683e-09	-3.20042e-09	-0.000552644	1.73703e-09	
-1.14695e-08	7.22375e-14	1.61715e-09	-3.22123e-09	-0.000550331	1.73673e-09	
-1.14218e-08	7.26645e-14	1.60747e-09	-3.24205e-09	-0.000548015	1.73632e-09	
-1.13741e-08	7.30914e-14	1.59776e-09	-3.26288e-09	-0.000545696	1.7358e-09	
-1.13262e-08	7.3518e-14	1.58805e-09	-3.28371e-09	-0.000543374	1.73519e-09	
-1.12783e-08	7.39443e-14	1.57833e-09	-3.30455e-09	-0.000541048	1.73447e-09	
-1.12303e-08	7.43704e-14	1.5686e-09	-3.32539e-09	-0.00053872	1.73364e-09	
-1.11823e-08	7.4796e-14	1.55885e-09	-3.34623e-09	-0.000536388	1.73272e-09	
-1.11342e-08	7.52212e-14	1.5491e-09	-3.36707e-09	-0.000534053	1.73169e-09	
-1.1086e-08	7.56459e-14	1.53934e-09	-3.3879e-09	-0.000531716	1.73056e-09	
-1.10377e-08	7.607e-14	1.52956e-09	-3.40872e-09	-0.000529375	1.72933e-09	
-1.09894e-08	7.64935e-14	1.51978e-09	-3.42952e-09	-0.000527032	1.728e-09	
-1.0941e-08	7.69164e-14	1.50999e-09	-3.45031e-09	-0.000524685	1.72656e-09	
-1.08925e-08	7.73385e-14	1.50019e-09	-3.47108e-09	-0.000522336	1.72503e-09	
-1.0844e-08	7.77599e-14	1.49038e-09	-3.49183e-09	-0.000519983	1.72339e-09	
-1.07954e-08	7.81804e-14	1.48057e-09	-3.51256e-09	-0.000517628	1.72166e-09	
-1.07467e-08	7.86e-14	1.47075e-09	-3.53325e-09	-0.00051527	1.71983e-09	
-1.06979e-08	7.90186e-14	1.46092e-09	-3.55392e-09	-0.00051291	1.7179e-09	
-1.06491e-08	7.94363e-14	1.45108e-09	-3.57456e-09	-0.000510546	1.71587e-09	
-1.06003e-08	7.98528e-14	1.44124e-09	-3.59515e-09	-0.00050818	1.71374e-09	
-1.05513e-08	8.02682e-14	1.43139e-09	-3.61571e-09	-0.000505811	1.71152e-09	
-1.05023e-08	8.06825e-14	1.42154e-09	-3.63623e-09	-0.000503439	1.70919e-09	
-1.04533e-08	8.10955e-14	1.41168e-09	-3.65671e-09	-0.000501065	1.70678e-09	
-1.04042e-08	8.15071e-14	1.40181e-09	-3.67713e-09	-0.000498688	1.70426e-09	
-1.0355e-08	8.19174e-14	1.39194e-09	-3.69751e-09	-0.000496308	1.70165e-09	
-1.03057e-08	8.23263e-14	1.38207e-09	-3.71783e-09	-0.000493926	1.69894e-09	
-1.02564e-08	8.27337e-14	1.37219e-09	-3.7381e-09	-0.000491541	1.69614e-09	
-1.02071e-08	8.31396e-14	1.36231e-09	-3.7583e-09	-0.000489154	1.69325e-09	
-1.01577e-08	8.35438e-14	1.35242e-09	-3.77845e-09	-0.000486765	1.69026e-09	
-1.01082e-08	8.39464e-14	1.34254e-09	-3.79853e-09	-0.000484372	1.68718e-09	
-1.00586e-08	8.43472e-14	1.33265e-09	-3.81854e-09	-0.000481978	1.684e-09	
-1.0009e-08	8.47463e-14	1.32275e-09	-3.83848e-09	-0.000479581	1.68073e-09	
-9.95938e-09	8.51435e-14	1.31286e-09	-3.85834e-09	-0.000477181	1.67737e-09	
-9.90967e-09	8.55388e-14	1.30296e-09	-3.87813e-09	-0.000474779	1.67392e-09	
-9.8599e-09	8.59322e-14	1.29306e-09	-3.89784e-09	-0.000472375	1.67038e-09	
-9.81008e-09	8.63235e-14	1.28316e-09	-3.91746e-09	-0.000469969	1.66674e-09	
-9.7602e-09	8.67128e-14	1.27327e-09	-3.937e-09	-0.00046756	1.66302e-09	
-9.71027e-09	8.70999e-14	1.26337e-09	-3.95645e-09	-0.000465149	1.6592e-09	
-9.66029e-09	8.74848e-14	1.25347e-09	-3.9758e-09	-0.000462735	1.6553e-09	
-9.61025e-09	8.78675e-14	1.24357e-09	-3.99506e-09	-0.00046032	1.65131e-09	
-9.56016e-09	8.82478e-14	1.23367e-09	-4.01423e-09	-0.000457902	1.64723e-09	
-9.51002e-09	8.86257e-14	1.22377e-09	-4.03329e-09	-0.000455482	1.64306e-09	
-9.45982e-09	8.90012e-14	1.21387e-09	-4.05225e-09	-0.00045306	1.6388e-09	
-9.40958e-09	8.93742e-14	1.20398e-09	-4.0711e-09	-0.000450636	1.63446e-09	
-9.35929e-09	8.97446e-14	1.19409e-09	-4.08984e-09	-0.00044821	1.63003e-09	
-9.30894e-09	9.01124e-14	1.1842e-09	-4.10847e-09	-0.000445782	1.62551e-09	
-9.25855e-09	9.04776e-14	1.17431e-09	-4.12698e-09	-0.000443351	1.62091e-09	
-9.20811e-09	9.08399e-14	1.16443e-09	-4.14537e-09	-0.000440919	1.61622e-09	
-9.15762e-09	9.11995e-14	1.15455e-09	-4.16364e-09	-0.000438485	1.61145e-09	
-9.10708e-09	9.15563e-14	1.14467e-09	-4.18179e-09	-0.000436049	1.60659e-09	
-9.0565e-09	9.19101e-14	1.1348e-09	-4.19981e-09	-0.00043361	1.60165e-09	
-9.00587e-09	9.22609e-14	1.12493e-09	-4.21769e-09	-0.00043117	1.59663e-09	
-8.9552e-09	9.26087e-14	1.11507e-09	-4.23545e-09	-0.000428729	1.59152e-09	
-8.90448e-09	9.29533e-14	1.10521e-09	-4.25306e-09	-0.000426285	1.58634e-09	
-8.85372e-09	9.32949e-14	1.09536e-09	-4.27054e-09	-0.000423839	1.58107e-09	
-8.80291e-09	9.36332e-14	1.08551e-09	-4.28787e-09	-0.000421392	1.57572e-09	
-8.75206e-09	9.39682e-14	1.07567e-09	-4.30506e-09	-0.000418943	1.57029e-09	
-8.70117e-09	9.42999e-14	1.06583e-09	-4.3221e-09	-0.000416492	1.56477e-09	
-8.65023e-09	9.46282e-14	1.05601e-09	-4.33899e-09	-0.000414039	1.55918e-09	
-8.59926e-09	9.49531e-14	1.04619e-09	-4.35572e-09	-0.000411585	1.55351e-09	
-8.54824e-09	9.52744e-14	1.03638e-09	-4.3723e-09	-0.000409129	1.54776e-09	
-8.49719e-09	9.55922e-14	1.02657e-09	-4.38871e-09	-0.000406672	1.54194e-09	
-8.44609e-09	9.59064e-14	1.01677e-09	-4.40496e-09	-0.000404212	1.53603e-09	
-8.39495e-09	9.62169e-14	1.00699e-09	-4.42105e-09	-0.000401752	1.53005e-09	
-8.34378e-09	9.65236e-14	9.97207e-10	-4.43696e-09	-0.000399289	1.52399e-09	
-8.29257e-09	9.68265e-14	9.87437e-10	-4.45271e-09	-0.000396826	1.51786e-09	
-8.24132e-09	9.71256e-14	9.77676e-10	-4.46828e-09	-0.00039436	1.51165e-09	
-8.19004e-09	9.74208e-14	9.67926e-10	-4.48367e-09	-0.000391893	1.50536e-09	
-8.13871e-09	9.77119e-14	9.58185e-10	-4.49888e-09	-0.000389425	1.499e-09	
-8.08736e-09	9.79991e-14	9.48455e-10	-4.51391e-09	-0.000386955	1.49257e-09	
-8.03597e-09	9.82822e-14	9.38736e-10	-4.52875e-09	-0.000384484	1.48606e-09	
-7.98454e-09	9.85611e-14	9.29028e-10	-4.54341e-09	-0.000382012	1.47948e-09	
-7.93308e-09	9.88359e-14	9.19332e-10	-4.55787e-09	-0.000379538	1.47283e-09	
-7.88159e-09	9.91064e-14	9.09647e-10	-4.57213e-09	-0.000377063	1.46611e-09	
-7.83006e-09	9.93726e-14	8.99974e-10	-4.5862e-09	-0.000374587	1.45931e-09	
-7.7785e-09	9.96344e-14	8.90314e-10	-4.60007e-09	-0.000372109	1.45244e-09	
-7.72691e-09	9.98918e-14	8.80666e-10	-4.61374e-09	-0.00036963	1.44551e-09	
-7.67529e-09	1.00145e-13	8.71032e-10	-4.6272e-09	-0.00036715	1.4385e-09	
-7.62364e-09	1.00393e-13	8.61411e-10	-4.64045e-09	-0.000364668	1.43143e-09	
-7.57196e-09	1.00637e-13	8.51804e-10	-4.65349e-09	-0.000362186	1.42428e-09	
-7.52025e-09	1.00876e-13	8.42211e-10	-4.66632e-09	-0.000359702	1.41707e-09	
-7.46851e-09	1.01111e-13	8.32632e-10	-4.67893e-09	-0.000357217	1.40979e-09	
-7.41675e-09	1.0134e-13	8.23067e-10	-4.69132e-09	-0.000354732	1.40244e-09	
-7.36495e-09	1.01565e-13	8.13518e-10	-4.70349e-09	-0.000352245	1.39503e-09	
-7.31313e-09	1.01786e-13	8.03984e-10	-4.71544e-09	-0.000349757	1.38755e-09	
-7.26128e-09	1.02001e-13	7.94466e-10	-4.72715e-09	-0.000347268	1.38e-09	
-7.20941e-09	1.02211e-13	7.84963e-10	-4.73864e-09	-0.000344778	1.37239e-09	
-7.15752e-09	1.02416e-13	7.75477e-10	-4.7499e-09	-0.000342287	1.36471e-09	
-7.10559e-09	1.02617e-13	7.66007e-10	-4.76092e-09	-0.000339795	1.35698e-09	
-7.05365e-09	1.02812e-13	7.56554e-10	-4.7717e-09	-0.000337302	1.34917e-09	
-7.00168e-09	1.03002e-13	7.47118e-10	-4.78224e-09	-0.000334809	1.34131e-09	
-6.94969e-09	1.03186e-13	7.377e-10	-4.79254e-09	-0.000332314	1.33338e-09	
-6.89767e-09	1.03366e-13	7.28299e-10	-4.8026e-09	-0.000329819	1.32539e-09	
-6.84564e-09	1.0354e-13	7.18917e-10	-4.81241e-09	-0.000327323	1.31734e-09	
-6.79358e-09	1.03709e-13	7.09552e-10	-4.82197e-09	-0.000324826	1.30923e-09	
-6.7415e-09	1.03873e-13	7.00206e-10	-4.83127e-09	-0.000322328	1.30106e-09	
-6.6894e-09	1.04031e-13	6.90879e-10	-4.84032e-09	-0.00031983	1.29283e-09	
-6.63729e-09	1.04183e-13	6.81572e-10	-4.84911e-09	-0.000317331	1.28454e-09	
-6.58515e-09	1.0433e-13	6.72283e-10	-4.85765e-09	-0.000314831	1.2762e-09	
-6.533e-09	1.04471e-13	6.63015e-10	-4.86592e-09	-0.000312331	1.26779e-09	
-6.48083e-09	1.04607e-13	6.53767e-10	-4.87393e-09	-0.00030983	1.25933e-09	
-6.42864e-09	1.04737e-13	6.44538e-10	-4.88167e-09	-0.000307328	1.25081e-09	
-6.37643e-09	1.04861e-13	6.35331e-10	-4.88914e-09	-0.000304826	1.24223e-09	
-6.32421e-09	1.0498e-13	6.26144e-10	-4.89634e-09	-0.000302324	1.2336e-09	
-6.27198e-09	1.05093e-13	6.16979e-10	-4.90326e-09	-0.00029982	1.22492e-09	
-6.21972e-09	1.052e-13	6.07835e-10	-4.90991e-09	-0.000297317	1.21617e-09	
-6.16746e-09	1.053e-13	5.98713e-10	-4.91628e-09	-0.000294812	1.20738e-09	
-6.11518e-09	1.05395e-13	5.89612e-10	-4.92237e-09	-0.000292308	1.19853e-09	
-6.06289e-09	1.05484e-13	5.80534e-10	-4.92818e-09	-0.000289803	1.18963e-09	
-6.01059e-09	1.05567e-13	5.71479e-10	-4.93371e-09	-0.000287297	1.18068e-09	
-5.95827e-09	1.05644e-13	5.62446e-10	-4.93894e-09	-0.000284791	1.17167e-09	
-5.90594e-09	1.05715e-13	5.53437e-10	-4.94389e-09	-0.000282285	1.16262e-09	
-5.8536e-09	1.0578e-13	5.4445e-10	-4.94855e-09	-0.000279779	1.15351e-09	
-5.80126e-09	1.05838e-13	5.35488e-10	-4.95291e-09	-0.000277272	1.14435e-09	
-5.7489e-09	1.0589e-13	5.26549e-10	-4.95698e-09	-0.000274765	1.13515e-09	
-5.69653e-09	1.05936e-13	5.17634e-10	-4.96075e-09	-0.000272258	1.12589e-09	
-5.64415e-09	1.05976e-13	5.08744e-10	-4.96422e-09	-0.00026975	1.11659e-09	
-5.59177e-09	1.06009e-13	4.99878e-10	-4.96739e-09	-0.000267243	1.10723e-09	
-5.53938e-09	1.06035e-13	4.91037e-10	-4.97026e-09	-0.000264735	1.09784e-09	
-5.48698e-09	1.06056e-13	4.82221e-10	-4.97282e-09	-0.000262227	1.08839e-09	
-5.43458e-09	1.0607e-13	4.73431e-10	-4.97508e-09	-0.000259719	1.0789e-09	
-5.38217e-09	1.06077e-13	4.64666e-10	-4.97703e-09	-0.00025721	1.06936e-09	
-5.32976e-09	1.06078e-13	4.55927e-10	-4.97866e-09	-0.000254702	1.05978e-09	
-5.27734e-09	1.06072e-13	4.47214e-10	-4.97999e-09	-0.000252194	1.05015e-09	
-5.22491e-09	1.0606e-13	4.38527e-10	-4.981e-09	-0.000249686	1.04048e-09	
-5.17249e-09	1.06041e-13	4.29867e-10	-4.98169e-09	-0.000247177	1.03077e-09	
1.24153	-0.162647	0.432676	-4.93577	-43.4956	-1.98467	
1.1188	-0.145308	0.39736	-4.45021	-39.5068	-1.73569	
1.00773	-0.12963	0.365326	-4.01067	-35.8934	-1.51101	
0.907233	-0.115456	0.336268	-3.61276	-32.62	-1.30835	
0.816309	-0.102644	0.309909	-3.25255	-29.6544	-1.12567	
0.734058	-0.0910654	0.285997	-2.92644	-26.9678	-0.961102	
0.659664	-0.0806037	0.264303	-2.63122	-24.5337	-0.81294	
0.592387	-0.0711536	0.244621	-2.36395	-22.3284	-0.679645	
0.531463	-0.0626177	0.226745	-2.12159	-20.3277	-0.559583	
0.476491	-0.0549016	0.210551	-1.90257	-18.5177	-0.452009	
0.426803	-0.0479504	0.195846	-1.70435	-16.8778	-0.355451	
0.381903	-0.0416789	0.182499	-1.52492	-15.3919	-0.268885	
0.341341	-0.036023	0.170384	-1.3625	-14.0455	-0.191362	
0.304706	-0.0309242	0.159384	-1.21549	-12.8256	-0.12202	
0.271613	-0.0263272	0.149395	-1.08235	-11.7196	-0.0600444	
0.241752	-0.0221892	0.140324	-0.961913	-10.7178	-0.004789	
0.214822	-0.0184665	0.132086	-0.852994	-9.81037	0.0443796	
0.190537	-0.0151171	0.124603	-0.754463	-8.98823	0.0880643	
0.168629	-0.0121076	0.117798	-0.665267	-8.24284	0.126846	
0.148885	-0.00940264	0.111615	-0.584573	-7.56736	0.161157	
0.131127	-0.00697938	0.105995	-0.511715	-6.95599	0.191377	
0.115113	-0.0048018	0.100881	-0.44569	-6.40112	0.218023	
0.100705	-0.00285126	0.0962282	-0.385994	-5.89828	0.241382	
0.0877508	-0.00110609	0.0919941	-0.332029	-5.44259	0.261775	
0.0761124	0.000453375	0.0881394	-0.283257	-5.02963	0.279493	
0.0656643	0.00184492	0.0846287	-0.239187	-4.65537	0.294801	
0.0562932	0.00308466	0.0814299	-0.199378	-4.3162	0.307937	
0.0478848	0.00418924	0.0785129	-0.163369	-4.00847	0.319145	
0.0403712	0.00516743	0.0758538	-0.130925	-3.72995	0.328562	
0.033654	0.00603368	0.0734272	-0.101644	-3.47753	0.336399	
0.0276569	0.00679881	0.0712115	-0.0752298	-3.24875	0.342814	
0.0223107	0.00747265	0.0691871	-0.0514109	-3.04138	0.347955	
0.0175506	0.00806449	0.067336	-0.029931	-2.85337	0.351957	
0.013324	0.00858162	0.0656425	-0.0105901	-2.683	0.354929	
0.00957858	0.00903154	0.0640919	0.00681895	-2.5286	0.356981	
0.00626896	0.00942088	0.0626712	0.0224726	-2.38871	0.358208	
0.00334809	0.00975568	0.0613675	0.0365571	-2.26183	0.358709	
0.000780714	0.0100417	0.0601707	0.0492116	-2.14681	0.358557	
-0.0014648	0.0102829	0.059071	0.060555	-2.04263	0.357816	
-0.00342638	0.010485	0.058059	0.0707441	-1.94808	0.356568	
-0.00512858	0.0106514	0.0571269	0.0798712	-1.86236	0.354861	
-0.00659082	0.0107846	0.0562683	0.088007	-1.78485	0.352736	
-0.0078503	0.0108903	0.0554744	0.0953098	-1.71433	0.35027	
-0.00892005	0.01097	0.0547404	0.101824	-1.6504	0.347489	
-0.00981913	0.0110265	0.0540608	0.107626	-1.59243	0.344433	
-0.0105648	0.0110622	0.0534308	0.112782	-1.53986	0.341136	
-0.0111726	0.0110794	0.0528458	0.117355	-1.49219	0.33763	
-0.0116567	0.01108	0.0523018	0.121401	-1.44896	0.333944	
-0.0120299	0.0110657	0.051795	0.124969	-1.40975	0.330103	
-0.0123036	0.0110384	0.051322	0.128106	-1.37418	0.326131	
-0.0124885	0.0109993	0.05088	0.130854	-1.34191	0.322048	
-0.0125938	0.0109499	0.0504661	0.133249	-1.31264	0.317873	
-0.0126281	0.0108914	0.0500777	0.135326	-1.28607	0.313624	
-0.0125993	0.0108247	0.0497128	0.137116	-1.26197	0.309314	
-0.0125141	0.010751	0.0493691	0.138647	-1.24009	0.304958	
-0.0123789	0.010671	0.0490448	0.139944	-1.22024	0.300567	
-0.0121995	0.0105857	0.0487383	0.141029	-1.20221	0.296153	
-0.011981	0.0104956	0.0484481	0.141925	-1.18584	0.291725	
-0.0117279	0.0104015	0.0481726	0.142648	-1.17097	0.287292	
-0.0114445	0.0103039	0.0479107	0.143217	-1.15747	0.282862	
-0.0111346	0.0102033	0.0476612	0.143647	-1.1452	0.278441	
-0.0108015	0.0101003	0.0474231	0.143952	-1.13405	0.274035	
-0.0104492	0.0099956	0.0471979	0.144153	-1.12395	0.269662	
-0.010081	0.00988988	0.0469824	0.144283	-1.11465	0.265305	
-0.00969586	0.00978178	0.0467729	0.144283	-1.10627	0.260975	
-0.00929813	0.00967264	0.0465715	0.144201	-1.09864	0.256679	
-0.0088898	0.00956275	0.0463776	0.144046	-1.0917	0.25242	
-0.0084727	0.00945234	0.0461906	0.143825	-1.08539	0.248201	
-0.00804846	0.00934165	0.0460099	0.143546	-1.07963	0.244023	
-0.00761854	0.00923086	0.0458351	0.143214	-1.0744	0.23989	
-0.00718428	0.00912015	0.0456657	0.142835	-1.06962	0.235803	
-0.00674683	0.00900968	0.0455013	0.142415	-1.06527	0.231763	
-0.00630726	0.00889959	0.0453416	0.141959	-1.0613	0.227772	
-0.00586651	0.00879	0.0451862	0.141469	-1.05767	0.223831	
-0.00542541	0.00868101	0.0450348	0.140951	-1.05436	0.21994	
-0.00498472	0.00857273	0.0448872	0.140407	-1.05134	0.216101	
-0.0045451	0.00846524	0.0447431	0.139841	-1.04857	0.212315	
-0.00410714	0.00835861	0.0446023	0.139255	-1.04604	0.20858	
-0.00367136	0.0082529	0.0444645	0.138652	-1.04372	0.204898	
-0.00323823	0.00814818	0.0443296	0.138035	-1.04159	0.201269	
-0.00280814	0.00804449	0.0441974	0.137404	-1.03964	0.197693	
-0.00238147	0.00794186	0.0440678	0.136763	-1.03785	0.194169	
-0.00195852	0.00784035	0.0439405	0.136113	-1.03621	0.190699	
-0.00153956	0.00773997	0.0438155	0.135455	-1.03469	0.18728	
-0.00112484	0.00764074	0.0436927	0.13479	-1.0333	0.183914	
-0.00254192	0.00703174	0.039569	0.167668	-1.08456	0.203319	
-0.00222799	0.00696544	0.0394015	0.167028	-1.07938	0.200071	
-0.0019067	0.00689874	0.0392369	0.166358	-1.07464	0.196842	
-0.00157941	0.00683176	0.039075	0.165659	-1.0703	0.193636	
-0.00124732	0.00676465	0.0389159	0.164937	-1.06633	0.190456	
-0.0009115	0.0066975	0.0387592	0.164194	-1.06269	0.187304	
-0.000572931	0.00663043	0.038605	0.163433	-1.05935	0.184182	
-0.000232479	0.00656351	0.0384531	0.162656	-1.05629	0.181093	
0.000109081	0.00649683	0.0383034	0.161866	-1.05347	0.178038	
0.000451054	0.00643046	0.0381559	0.161064	-1.05088	0.175018	
0.000792823	0.00636445	0.0380104	0.160253	-1.0485	0.172035	
0.00113384	0.00629886	0.0378669	0.159435	-1.04631	0.169089	
0.0014736	0.00623375	0.0377253	0.15861	-1.04428	0.166182	
0.0018117	0.00616914	0.0375855	0.15778	-1.04242	0.163313	
0.00214773	0.00610509	0.0374475	0.156947	-1.04069	0.160485	
0.00248136	0.00604161	0.0373113	0.156111	-1.03909	0.157696	
0.00281229	0.00597874	0.0371767	0.155274	-1.03762	0.154948	
0.00314027	0.0059165	0.0370437	0.154436	-1.03624	0.15224	
0.00346507	0.00585491	0.0369123	0.153598	-1.03497	0.149573	
0.00378648	0.00579399	0.0367825	0.15276	-1.03379	0.146947	
0.00410435	0.00573375	0.0366541	0.151924	-1.03268	0.144361	
0.00441853	0.00567419	0.0365272	0.15109	-1.03166	0.141816	
0.00472889	0.00561534	0.0364016	0.150259	-1.0307	0.139311	
0.00503533	0.00555719	0.0362775	0.14943	-1.0298	0.136846	
0.00533777	0.00549975	0.0361547	0.148605	-1.02896	0.134421	
0.00563614	0.00544303	0.0360332	0.147783	-1.02817	0.132035	
0.00593038	0.00538702	0.035913	0.146965	-1.02743	0.129689	
0.00622046	0.00533173	0.0357941	0.146152	-1.02673	0.127382	
0.00650633	0.00527716	0.0356763	0.145342	-1.02607	0.125113	
0.00678799	0.00522329	0.0355598	0.144538	-1.02545	0.122882	
0.00706542	0.00517014	0.0354444	0.143738	-1.02486	0.120689	
0.00733862	0.00511769	0.0353302	0.142943	-1.0243	0.118532	
0.0076076	0.00506595	0.0352171	0.142153	-1.02378	0.116413	
0.00787236	0.0050149	0.0351052	0.141368	-1.02328	0.11433	
0.00813293	0.00496454	0.0349943	0.140589	-1.0228	0.112283	
0.00838932	0.00491487	0.0348844	0.139815	-1.02234	0.110271	
0.00864157	0.00486587	0.0347756	0.139046	-1.02191	0.108293	
0.00888971	0.00481755	0.0346679	0.138283	-1.02149	0.10635	
0.00913376	0.00476989	0.0345611	0.137525	-1.02109	0.104441	
0.00937378	0.00472289	0.0344553	0.136773	-1.02071	0.102565	
0.0096098	0.00467653	0.0343505	0.136026	-1.02035	0.100722	
0.00984186	0.00463082	0.0342467	0.135285	-1.01999	0.0989113	
0.01007	0.00458574	0.0341438	0.134549	-1.01966	0.0971321	
0.0102943	0.00454128	0.0340418	0.133819	-1.01933	0.0953842	
0.0105148	0.00449744	0.0339407	0.133094	-1.01901	0.0936671	
0.0107315	0.0044542	0.0338405	0.132374	-1.01871	0.0919802	
0.0109444	0.00441157	0.0337412	0.13166	-1.01841	0.090323	
0.0111537	0.00436952	0.0336428	0.130951	-1.01813	0.0886951	
0.0113594	0.00432806	0.0335452	0.130248	-1.01785	0.087096	
0.0115616	0.00428717	0.0334484	0.12955	-1.01758	0.0855252	
0.0117602	0.00424684	0.0333525	0.128858	-1.01732	0.0839821	
0.0119554	0.00420707	0.0332573	0.12817	-1.01707	0.0824665	
0.0121471	0.00416785	0.033163	0.127488	-1.01682	0.0809777	
0.0123355	0.00412917	0.0330695	0.126811	-1.01659	0.0795153	
0.0125206	0.00409101	0.0329767	0.126139	-1.01635	0.0780789	
0.0127025	0.00405338	0.0328847	0.125472	-1.01612	0.076668	
0.0128811	0.00401627	0.0327934	0.12481	-1.0159	0.0752821	
0.0130567	0.00397966	0.0327029	0.124152	-1.01569	0.0739209	
0.0132291	0.00394355	0.0326131	0.1235	-1.01547	0.0725839	
0.0133985	0.00390792	0.032524	0.122853	-1.01527	0.0712707	
0.0135649	0.00387278	0.0324357	0.12221	-1.01507	0.0699809	
0.0137283	0.00383812	0.032348	0.121572	-1.01487	0.0687139	
0.0138889	0.00380392	0.032261	0.120939	-1.01468	0.0674696	
-0.0158693	0.00854719	0.0416842	0.212352	-0.854728	0.266233	
-0.0244061	0.0111009	0.0486676	0.274846	-0.778079	0.317983	
-0.0237368	0.0117172	0.0528001	0.308247	-0.760715	0.309928	
-0.0240799	0.0118947	0.0535923	0.31284	-0.772155	0.314427	
-0.0244047	0.0120631	0.0543441	0.317195	-0.782999	0.318689	
-0.0247111	0.0122193	0.0550474	0.32122	-0.793289	0.322721	
-0.0250024	0.0123717	0.0557258	0.325144	-0.803036	0.326544	
-0.025278	0.0125164	0.0563693	0.328858	-0.812272	0.330161	
-0.0255387	0.0126539	0.0569799	0.332378	-0.821021	0.333585	
-0.0580979	-0.013372	0.0247412	0.352162	-0.868238	0.351636	
-0.0584666	-0.01346	0.0248952	0.354365	-0.873762	0.353785	
-0.0588189	-0.0135444	0.0250419	0.356463	-0.879026	0.355831	
-0.0591556	-0.0136252	0.0251816	0.358461	-0.884043	0.357779	
-0.0594775	-0.0137027	0.0253146	0.360364	-0.888824	0.359634	
-0.0597852	-0.013777	0.0254412	0.362175	-0.893379	0.3614	
-0.0600794	-0.0138482	0.0255617	0.363901	-0.89772	0.363082	
-0.0603609	-0.0139166	0.0256764	0.365543	-0.901857	0.364682	
-0.0606302	-0.0139823	0.0257855	0.367107	-0.905798	0.366206	
-0.0608879	-0.0140453	0.0258894	0.368595	-0.909554	0.367656	
-0.0611346	-0.0141059	0.0259882	0.370012	-0.913132	0.369037	
-0.0613709	-0.0141641	0.0260822	0.371361	-0.916541	0.370351	
-0.0615972	-0.0142201	0.0261717	0.372645	-0.91979	0.371601	
-0.061814	-0.014274	0.0262568	0.373866	-0.922884	0.372791	
-0.0620218	-0.0143259	0.0263377	0.375028	-0.925833	0.373924	
-0.062221	-0.0143759	0.0264146	0.376134	-0.928642	0.375002	
-0.0624121	-0.0144241	0.0264878	0.377186	-0.931318	0.376027	
-0.0625955	-0.0144705	0.0265573	0.378187	-0.933868	0.377003	
-0.0627715	-0.0145154	0.0266235	0.379138	-0.936297	0.377932	
-0.0629404	-0.0145586	0.0266863	0.380043	-0.938611	0.378815	
-0.0631028	-0.0146004	0.026746	0.380904	-0.940815	0.379656	
-0.0632588	-0.0146408	0.0268027	0.381722	-0.942915	0.380455	
-0.0634088	-0.0146799	0.0268566	0.3825	-0.944915	0.381216	
-0.0635531	-0.0147177	0.0269078	0.38324	-0.946821	0.38194	
-0.063692	-0.0147543	0.0269564	0.383943	-0.948636	0.382628	
-0.0638257	-0.0147898	0.0270026	0.384611	-0.950366	0.383283	
-0.0639545	-0.0148242	0.0270464	0.385245	-0.952013	0.383906	
-0.0640787	-0.0148576	0.0270879	0.385848	-0.953582	0.384498	
-0.0641985	-0.01489	0.0271273	0.38642	-0.955077	0.385062	
-0.064314	-0.0149215	0.0271647	0.386964	-0.956502	0.385598	
-0.0644256	-0.0149522	0.0272002	0.38748	-0.957858	0.386108	
-0.0645333	-0.014982	0.0272338	0.38797	-0.959151	0.386593	
-0.0646375	-0.015011	0.0272656	0.388435	-0.960382	0.387054	
-0.0647383	-0.0150393	0.0272958	0.388876	-0.961555	0.387492	
-0.0648358	-0.0150669	0.0273244	0.389294	-0.962672	0.387909	
-0.0649303	-0.0150938	0.0273514	0.389691	-0.963736	0.388306	
-0.0650218	-0.01512	0.027377	0.390067	-0.964751	0.388683	
-0.0651105	-0.0151457	0.0274013	0.390424	-0.965717	0.389042	
-0.0651967	-0.0151708	0.0274242	0.390761	-0.966637	0.389383	
-0.0652803	-0.0151954	0.0274458	0.391081	-0.967514	0.389708	
-0.0653615	-0.0152195	0.0274662	0.391384	-0.96835	0.390017	
-0.0654405	-0.015243	0.0274855	0.391671	-0.969146	0.39031	
-0.0655174	-0.0152661	0.0275037	0.391942	-0.969905	0.390589	
-0.0655922	-0.0152888	0.0275209	0.392199	-0.970628	0.390855	
-0.0656652	-0.0153111	0.0275371	0.392442	-0.971317	0.391108	
-0.0657363	-0.015333	0.0275523	0.392671	-0.971974	0.391348	
-0.0658057	-0.0153545	0.0275667	0.392888	-0.9726	0.391577	
-0.0658734	-0.0153756	0.0275802	0.393092	-0.973197	0.391794	
-0.0659396	-0.0153965	0.0275928	0.393285	-0.973765	0.392001	
-0.0660043	-0.015417	0.0276047	0.393467	-0.974308	0.392198	
-0.0660676	-0.0154372	0.0276159	0.393638	-0.974825	0.392386	
-0.0661296	-0.0154571	0.0276263	0.3938	-0.975318	0.392564	
-0.0661903	-0.0154768	0.0276361	0.393952	-0.975788	0.392734	
-0.0662499	-0.0154962	0.0276452	0.394094	-0.976236	0.392896	
-0.0663083	-0.0155154	0.0276537	0.394229	-0.976664	0.39305	
-0.0663656	-0.0155343	0.0276616	0.394355	-0.977072	0.393197	
-0.066422	-0.015553	0.027669	0.394473	-0.977461	0.393336	
-0.0664774	-0.0155715	0.0276759	0.394583	-0.977832	0.393469	
-0.0665318	-0.0155899	0.0276822	0.394687	-0.978187	0.393596	
-0.0665854	-0.015608	0.0276881	0.394784	-0.978525	0.393717	
-0.0666382	-0.015626	0.0276935	0.394874	-0.978848	0.393833	
-0.0666902	-0.0156438	0.0276984	0.394958	-0.979156	0.393943	
-0.0667415	-0.0156614	0.027703	0.395036	-0.979451	0.394048	
-0.0667921	-0.0156789	0.0277071	0.395109	-0.979732	0.394148	
-0.066842	-0.0156963	0.0277109	0.395176	-0.980001	0.394244	
-0.0668913	-0.0157135	0.0277143	0.395238	-0.980258	0.394335	
-0.06694	-0.0157306	0.0277174	0.395296	-0.980503	0.394422	
-0.0669881	-0.0157475	0.0277201	0.395348	-0.980738	0.394506	
-0.0670357	-0.0157644	0.0277225	0.395397	-0.980963	0.394586	
-0.0670828	-0.0157811	0.0277246	0.395441	-0.981177	0.394662	
-0.0671294	-0.0157978	0.0277265	0.395481	-0.981383	0.394735	
-0.0671756	-0.0158143	0.0277281	0.395518	-0.98158	0.394805	
-0.0672213	-0.0158308	0.0277294	0.39555	-0.981768	0.394873	
-0.0672666	-0.0158471	0.0277304	0.39558	-0.981949	0.394937	
-0.0673115	-0.0158634	0.0277313	0.395606	-0.982122	0.394999	
-0.0673561	-0.0158796	0.0277319	0.395628	-0.982287	0.395058	
-0.0674003	-0.0158957	0.0277322	0.395648	-0.982446	0.395115	
-0.0674442	-0.0159117	0.0277324	0.395665	-0.982599	0.39517	
-0.0674877	-0.0159276	0.0277324	0.39568	-0.982745	0.395223	
-0.0675309	-0.0159435	0.0277322	0.395691	-0.982885	0.395274	
-0.0675739	-0.0159593	0.0277319	0.395701	-0.98302	0.395323	
-0.0676166	-0.0159751	0.0277313	0.395708	-0.98315	0.39537	
-0.067659	-0.0159908	0.0277306	0.395712	-0.983274	0.395415	
-0.0677011	-0.0160064	0.0277298	0.395715	-0.983394	0.395459	
-0.0677431	-0.016022	0.0277288	0.395715	-0.98351	0.395502	
-0.0677847	-0.0160375	0.0277276	0.395714	-0.983621	0.395543	
-0.0681374	-0.016127	0.027853	0.397518	-0.988236	0.397396	
-0.0681644	-0.016139	0.0278457	0.39743	-0.98813	0.397351	
-0.0681918	-0.0161511	0.0278386	0.397343	-0.98803	0.397309	
-0.0682197	-0.0161634	0.0278316	0.397258	-0.987936	0.397269	
-0.068248	-0.0161757	0.0278248	0.397176	-0.987847	0.397231	
-0.0682766	-0.0161881	0.027818	0.397095	-0.987763	0.397197	
-0.0683056	-0.0162006	0.0278114	0.397016	-0.987685	0.397164	
-0.068335	-0.0162131	0.0278049	0.396939	-0.987611	0.397134	
-0.0683647	-0.0162257	0.0277986	0.396863	-0.987541	0.397105	
-0.0683947	-0.0162384	0.0277923	0.396789	-0.987476	0.397079	
-0.068425	-0.0162512	0.0277862	0.396717	-0.987415	0.397055	
-0.0684556	-0.016264	0.0277801	0.396646	-0.987359	0.397033	
-0.0684865	-0.0162768	0.0277741	0.396576	-0.987306	0.397012	
-0.0685176	-0.0162898	0.0277683	0.396508	-0.987256	0.396994	
-0.068549	-0.0163027	0.0277625	0.39644	-0.98721	0.396977	
-0.0685805	-0.0163157	0.0277568	0.396375	-0.987168	0.396961	
-0.0686123	-0.0163287	0.0277511	0.39631	-0.987129	0.396947	
-0.0686443	-0.0163418	0.0277456	0.396246	-0.987092	0.396935	
-0.0686765	-0.0163549	0.0277401	0.396183	-0.987059	0.396924	
-0.0687088	-0.0163681	0.0277346	0.396122	-0.987028	0.396915	
-0.0687413	-0.0163812	0.0277293	0.396061	-0.987	0.396906	
-0.068774	-0.0163944	0.027724	0.396001	-0.986975	0.396899	
-0.0688068	-0.0164076	0.0277187	0.395942	-0.986952	0.396894	
-0.0688397	-0.0164208	0.0277135	0.395884	-0.986931	0.396889	
-0.0688727	-0.016434	0.0277084	0.395826	-0.986913	0.396886	
-0.0689059	-0.0164473	0.0277033	0.39577	-0.986897	0.396883	
-0.0689391	-0.0164605	0.0276983	0.395714	-0.986882	0.396882	
-0.0689725	-0.0164738	0.0276933	0.395658	-0.98687	0.396882	
-0.0690059	-0.0164871	0.0276883	0.395604	-0.986859	0.396882	
-0.0690394	-0.0165003	0.0276834	0.39555	-0.986851	0.396884	
-0.069073	-0.0165136	0.0276785	0.395496	-0.986844	0.396886	
-0.0691067	-0.0165269	0.0276737	0.395443	-0.986838	0.39689	
-0.0691404	-0.0165401	0.0276689	0.395391	-0.986834	0.396894	
-0.0691741	-0.0165534	0.0276641	0.395339	-0.986832	0.396899	
-0.0692079	-0.0165667	0.0276594	0.395288	-0.986831	0.396905	
-0.0692417	-0.0165799	0.0276547	0.395237	-0.986831	0.396911	
-0.0692755	-0.0165931	0.02765	0.395186	-0.986832	0.396918	
-0.0693094	-0.0166063	0.0276454	0.395136	-0.986835	0.396926	
-0.0693432	-0.0166196	0.0276408	0.395087	-0.986839	0.396934	
-0.0693771	-0.0166327	0.0276362	0.395038	-0.986844	0.396943	
-0.069411	-0.0166459	0.0276316	0.394989	-0.986849	0.396953	
-0.0694449	-0.0166591	0.0276271	0.39494	-0.986856	0.396963	
-0.0694787	-0.0166722	0.0276226	0.394892	-0.986864	0.396974	
-0.0695126	-0.0166853	0.0276181	0.394844	-0.986873	0.396985	
-0.0695464	-0.0166984	0.0276136	0.394797	-0.986882	0.396997	
-0.0695802	-0.0167115	0.0276092	0.39475	-0.986893	0.397009	
-0.069614	-0.0167245	0.0276047	0.394703	-0.986904	0.397022	
-0.0696478	-0.0167375	0.0276003	0.394656	-0.986916	0.397035	
-0.0696815	-0.0167505	0.0275959	0.39461	-0.986928	0.397049	
-0.0697152	-0.0167634	0.0275916	0.394563	-0.986942	0.397063	
-0.0697488	-0.0167764	0.0275872	0.394518	-0.986955	0.397077	
-0.0697824	-0.0167893	0.0275829	0.394472	-0.98697	0.397092	
-0.069816	-0.0168021	0.0275785	0.394427	-0.986985	0.397107	
-0.0698494	-0.0168149	0.0275742	0.394381	-0.987	0.397123	
-0.0698829	-0.0168277	0.0275699	0.394336	-0.987016	0.397138	
-0.0699162	-0.0168405	0.0275656	0.394292	-0.987032	0.397155	
-0.0699495	-0.0168532	0.0275614	0.394247	-0.987049	0.397171	
-0.0699827	-0.0168659	0.0275571	0.394203	-0.987066	0.397188	
-0.0700159	-0.0168786	0.0275529	0.394159	-0.987084	0.397205	
-0.070049	-0.0168912	0.0275486	0.394115	-0.987102	0.397222	
-0.070082	-0.0169037	0.0275444	0.394071	-0.98712	0.397239	
-0.0701149	-0.0169163	0.0275402	0.394027	-0.987139	0.397257	
-0.0701478	-0.0169288	0.027536	0.393984	-0.987158	0.397275	
-0.0701805	-0.0169412	0.0275319	0.393941	-0.987177	0.397293	
-0.0702132	-0.0169536	0.0275277	0.393897	-0.987197	0.397312	
-0.0702458	-0.016966	0.0275236	0.393855	-0.987216	0.39733	
-0.0702783	-0.0169783	0.0275194	0.393812	-0.987236	0.397349	
-0.0703107	-0.0169906	0.0275153	0.393769	-0.987256	0.397368	
-0.070343	-0.0170028	0.0275112	0.393727	-0.987277	0.397387	
-0.0703753	-0.017015	0.0275071	0.393684	-0.987297	0.397407	
-0.0704074	-0.0170272	0.027503	0.393642	-0.987318	0.397426	
-0.0704394	-0.0170393	0.0274989	0.3936	-0.987339	0.397446	
-0.0704713	-0.0170513	0.0274948	0.393558	-0.98736	0.397466	
-0.0705031	-0.0170633	0.0274908	0.393517	-0.987381	0.397486	
-0.0705348	-0.0170753	0.0274867	0.393475	-0.987402	0.397506	
-0.0705664	-0.0170872	0.0274827	0.393434	-0.987423	0.397526	
-0.0705979	-0.0170991	0.0274787	0.393392	-0.987444	0.397546	
-0.0706293	-0.0171109	0.0274747	0.393351	-0.987466	0.397567	
-0.0706606	-0.0171227	0.0274707	0.39331	-0.987487	0.397587	
-0.0706917	-0.0171344	0.0274667	0.39327	-0.987509	0.397608	
-0.0707228	-0.0171461	0.0274627	0.393229	-0.987531	0.397628	
-0.479621	0.00846057	0.303845	2.33989	-2.34017	3.20508	
-0.482667	0.0193493	0.702583	5.77408	-2.48778	3.19137	
-0.488209	0.0191167	0.700544	5.73151	-2.34382	3.19695	
-0.492878	0.0188902	0.698221	5.68924	-2.21276	3.19983	
-0.496787	0.0186697	0.695651	5.64729	-2.0933	3.20038	
-0.500021	0.0184572	0.692862	5.60566	-1.98434	3.19886	
-0.502569	0.0182463	0.689858	5.56429	-1.88531	3.19528	
-0.504605	0.0180525	0.686687	5.52325	-1.79481	3.1901	
-0.506018	0.0178495	0.683331	5.48244	-1.71279	3.18309	
-0.507015	0.017679	0.679838	5.44191	-1.63785	3.17479	
-0.507788	0.0174466	0.676267	5.40192	-1.56884	3.166	
-0.508086	0.0172386	0.672557	5.36211	-1.50632	3.15573	
-0.508009	0.017032	0.668739	5.32255	-1.44948	3.14433	
-0.507592	0.0168269	0.664825	5.28325	-1.39782	3.1319	
-0.506866	0.0166232	0.660826	5.2442	-1.35089	3.11854	
-0.505876	0.0164174	0.656755	5.20541	-1.30824	3.10435	
-0.504621	0.0162022	0.652621	5.16688	-1.2695	3.08945	
-0.503132	0.0160002	0.648425	5.12857	-1.23437	3.07383	
-0.501429	0.0158018	0.644178	5.09049	-1.20252	3.05759	
-0.499523	0.015603	0.639882	5.05262	-1.17374	3.04068	
-0.495667	0.0154079	0.635124	5.0137	-1.15773	3.016	
-0.49131	0.0152128	0.63027	4.9747	-1.14531	2.9892	
-0.487021	0.015015	0.625449	4.93604	-1.13337	2.96281	
-0.4828	0.0148175	0.62066	4.89771	-1.12187	2.93684	
-0.478646	0.0146214	0.615905	4.85971	-1.11079	2.91127	
-0.474558	0.0144266	0.611182	4.82203	-1.10013	2.88611	
-0.470535	0.0142333	0.60649	4.78466	-1.08986	2.86133	
-0.466574	0.0140414	0.601831	4.74761	-1.07997	2.83694	
-0.462673	0.0138509	0.597202	4.71087	-1.07045	2.81291	
-0.458832	0.0136616	0.592605	4.67442	-1.06129	2.78924	
-0.455049	0.0134738	0.588039	4.63828	-1.05248	2.76593	
-0.451322	0.0132872	0.583503	4.60243	-1.044	2.74295	
-0.447649	0.0131019	0.578998	4.56687	-1.03584	2.72031	
-0.44403	0.0129179	0.574522	4.53159	-1.028	2.69799	
-0.440463	0.0127352	0.570077	4.49659	-1.02046	2.67599	
-0.436946	0.0125537	0.56566	4.46188	-1.01321	2.6543	
-0.433479	0.0123734	0.561273	4.42744	-1.00624	2.6329	
-0.43006	0.0121943	0.556915	4.39326	-0.999551	2.6118	
-0.426689	0.0120164	0.552586	4.35936	-0.993122	2.59099	
-0.423362	0.0118397	0.548285	4.32572	-0.986949	2.57045	
-0.420081	0.0116642	0.544012	4.29233	-0.981023	2.55018	
-0.416843	0.0114898	0.539767	4.25921	-0.975336	2.53018	
-0.413648	0.0113166	0.53555	4.22634	-0.969879	2.51044	
-0.410494	0.0111444	0.531361	4.19371	-0.964645	2.49095	
-0.407382	0.0109745	0.527199	4.16134	-0.95962	2.47172	
-0.40431	0.010806	0.523064	4.1292	-0.954803	2.45273	
-0.401295	0.0106373	0.518963	4.09733	-0.95003	2.43408	
-0.398281	0.0104725	0.514874	4.06566	-0.945763	2.41545	
-0.395321	0.0103061	0.510819	4.03424	-0.941537	2.39714	
-0.392414	0.0101386	0.506797	4.00307	-0.937344	2.37915	
-0.389515	0.00998307	0.502787	3.97209	-0.933581	2.36122	
-0.386653	0.00981206	0.49881	3.94137	-0.92993	2.3435	
-0.383848	0.00964762	0.494865	3.91088	-0.926248	2.32614	
-0.381049	0.00949491	0.490932	3.88057	-0.922972	2.30882	
-0.378306	0.00932849	0.487037	3.85053	-0.919626	2.29182	
-0.37558	0.00916886	0.483161	3.82068	-0.91655	2.27494	
-0.372875	0.00901772	0.479304	3.79102	-0.913725	2.25819	
-0.37021	0.0088599	0.475477	3.7616	-0.910928	2.24168	
-0.367574	0.008703	0.471675	3.73238	-0.908265	2.22535	
-0.364968	0.00854704	0.467897	3.70338	-0.905729	2.20919	
-0.362389	0.00839201	0.464143	3.67458	-0.903316	2.19321	
-0.359837	0.00823789	0.460412	3.64598	-0.901023	2.17739	
-0.357313	0.00808469	0.456706	3.61758	-0.898844	2.16174	
-0.354815	0.00793237	0.453023	3.58938	-0.896777	2.14624	
-0.352342	0.00778095	0.449363	3.56138	-0.894816	2.13091	
-0.349895	0.00763041	0.445727	3.53357	-0.892959	2.11573	
-0.347473	0.00748074	0.442114	3.50596	-0.891202	2.1007	
-0.345074	0.00733193	0.438523	3.47853	-0.88954	2.08582	
-0.3427	0.00718398	0.434955	3.4513	-0.887972	2.07108	
-0.340348	0.00703687	0.431409	3.42425	-0.886493	2.05649	
-0.33802	0.0068906	0.427886	3.39739	-0.8851	2.04204	
-0.335714	0.00674516	0.424385	3.37071	-0.883791	2.02772	
-0.33343	0.00660054	0.420906	3.34421	-0.882561	2.01354	
-0.331167	0.00645673	0.417449	3.31789	-0.88141	1.99949	
-0.328925	0.00631373	0.414014	3.29174	-0.880332	1.98557	
-0.326705	0.00617153	0.4106	3.26578	-0.879327	1.97177	
-0.324504	0.00603012	0.407208	3.23999	-0.878391	1.9581	
-0.322324	0.00588949	0.403837	3.21437	-0.877522	1.94456	
-0.319668	0.0057483	0.400358	3.18855	-0.879777	1.92916	
-0.316373	0.00560849	0.396752	3.16234	-0.885188	1.91102	
-0.313121	0.00546799	0.393179	3.13631	-0.890169	1.89305	
-0.309914	0.0053282	0.389638	3.11043	-0.894754	1.87527	
-0.306747	0.00518912	0.386127	3.08472	-0.898976	1.85766	
-0.303619	0.00505075	0.382646	3.05917	-0.90287	1.84021	
-0.300527	0.00491308	0.379194	3.03378	-0.906463	1.82293	
-0.297475	0.00478109	0.375769	3.00855	-0.909769	1.80584	
-0.294447	0.00464241	0.372372	2.98348	-0.912864	1.78883	
-0.291473	0.00451315	0.369003	2.95857	-0.91564	1.77211	
-0.288496	0.00437479	0.365657	2.93381	-0.918341	1.75533	
-0.285601	0.00423892	0.362349	2.90926	-0.920592	1.73894	
-0.282671	0.00411131	0.359045	2.88478	-0.923021	1.72243	
-0.279816	0.00397294	0.355785	2.86053	-0.925001	1.70622	
-0.276967	0.0038441	0.352539	2.8364	-0.926965	1.69007	
-0.274138	0.00371262	0.349317	2.81242	-0.928816	1.67402	
-0.271333	0.00358181	0.346118	2.78859	-0.930547	1.65809	
-0.268552	0.00345168	0.342942	2.76491	-0.932167	1.64227	
-0.265793	0.00332223	0.339788	2.74139	-0.933685	1.62657	
-0.263057	0.00319343	0.336656	2.71801	-0.935111	1.61098	
-0.260342	0.00306531	0.333547	2.69478	-0.936452	1.5955	
-0.257647	0.00293784	0.330458	2.6717	-0.937715	1.58013	
-0.254973	0.00281145	0.327391	2.64877	-0.938912	1.56487	
-0.252334	0.00269111	0.324347	2.62599	-0.939979	1.54981	
-0.249664	0.00256735	0.321311	2.60331	-0.94124	1.53459	
-0.247071	0.00243646	0.318315	2.58085	-0.942125	1.51972	
-0.244489	0.00231642	0.315333	2.5585	-0.943032	1.50495	
-0.241897	0.00218949	0.312367	2.53629	-0.944009	1.49013	
-0.239356	0.00207282	0.309425	2.51423	-0.944809	1.47559	
-0.236777	0.00195184	0.306489	2.49226	-0.945845	1.46086	
-0.234292	0.00183117	0.303595	2.47052	-0.946442	1.4466	
-0.231785	0.00171087	0.300709	2.44888	-0.947216	1.43223	
-0.229295	0.00159036	0.297842	2.42737	-0.947959	1.41797	
-0.226785	0.00146618	0.294985	2.40597	-0.948868	1.40361	
-0.224327	0.00134328	0.292157	2.38475	-0.949556	1.38951	
-0.22189	0.00122447	0.289348	2.36366	-0.9502	1.37553	
-0.219469	0.00110644	0.286557	2.34271	-0.950824	1.36165	
-0.217083	0.000982399	0.283793	2.32192	-0.951313	1.34792	
-0.214663	0.000864287	0.28103	2.30121	-0.952059	1.33406	
-0.212292	0.000746145	0.278295	2.28066	-0.952614	1.32045	
-0.209937	0.000630553	0.275577	2.26024	-0.953152	1.30693	
-0.207597	0.000515547	0.272877	2.23995	-0.953676	1.2935	
-0.205273	0.000401123	0.270195	2.2198	-0.954186	1.28015	
-0.202965	0.000287278	0.267531	2.19977	-0.954682	1.2669	
-0.200672	0.000174009	0.264884	2.17988	-0.955167	1.25373	
-0.198394	6.13121e-05	0.262254	2.16011	-0.955639	1.24065	
-0.195914	-5.88547e-05	0.259503	2.13986	-0.958403	1.22964	
-0.193054	-0.000172336	0.256774	2.11974	-0.960972	1.21397	
-0.190258	-0.000287313	0.254077	2.09979	-0.963144	1.19858	
-0.187498	-0.000404318	0.251403	2.07996	-0.965086	1.18333	
-0.184782	-0.000515461	0.248752	2.06027	-0.966784	1.16829	
-0.182103	-0.000626063	0.246124	2.0407	-0.968283	1.15342	
-0.179458	-0.000736126	0.243517	2.02127	-0.969601	1.1387	
-0.176844	-0.000849996	0.240932	2.00197	-0.970766	1.12411	
-0.174252	-0.000960726	0.238363	1.98278	-0.97184	1.10964	
-0.171706	-0.00106913	0.235819	1.96373	-0.972705	1.09538	
-0.169179	-0.00117739	0.233292	1.9448	-0.973511	1.08121	
-0.166691	-0.0012889	0.230788	1.92601	-0.974146	1.06723	
-0.164234	-0.00139568	0.228302	1.90734	-0.974681	1.0534	
-0.161795	-0.00150546	0.225834	1.8888	-0.975173	1.03964	
-0.159392	-0.00161117	0.223386	1.87038	-0.975539	1.02608	
-0.157009	-0.00171914	0.220954	1.85209	-0.975867	1.01261	
-0.154652	-0.001826	0.218541	1.83391	-0.976123	0.999274	
-0.152322	-0.00193177	0.216146	1.81587	-0.976315	0.986072	
-0.150018	-0.00203706	0.213768	1.79794	-0.97645	0.973001	
-0.147771	-0.00193894	0.211362	1.77966	-0.97582	0.961102	
-0.145552	-0.00176564	0.208952	1.76132	-0.975042	0.949559	
-0.14336	-0.00159666	0.20656	1.74312	-0.974283	0.938136	
-0.141186	-0.00143075	0.204185	1.72506	-0.973567	0.926809	
-0.139033	-0.0012672	0.201826	1.70712	-0.972888	0.915578	
-0.136898	-0.00110597	0.199482	1.68931	-0.972248	0.90444	
-0.134778	-0.000946529	0.197154	1.67162	-0.971657	0.893384	
-0.132678	-0.000789467	0.194841	1.65405	-0.971096	0.882422	
-0.130597	-0.000635089	0.192545	1.63662	-0.970562	0.871555	
-0.128536	-0.000483448	0.190264	1.6193	-0.970052	0.860785	
-0.126486	-0.000333478	0.187997	1.60211	-0.969597	0.850082	
-0.12446	-0.000185045	0.185747	1.58503	-0.969141	0.839486	
-0.122447	-4.02486e-05	0.183511	1.56808	-0.968733	0.828966	
-0.120459	0.000103551	0.181292	1.55125	-0.968318	0.818552	
-0.118487	0.000246456	0.179087	1.53453	-0.967927	0.808219	
-0.116526	0.000385575	0.176896	1.51792	-0.967588	0.797955	
-0.114585	0.000520922	0.174721	1.50144	-0.967258	0.78779	
-0.112667	0.000657324	0.172562	1.48508	-0.966917	0.77772	
-0.110749	0.000787669	0.170414	1.46882	-0.966667	0.767695	
-0.10887	0.000918284	0.168285	1.45268	-0.966347	0.757809	
-0.106992	0.00104768	0.166167	1.43665	-0.966101	0.747962	
-0.105144	0.00117575	0.164066	1.42074	-0.965814	0.738234	
-0.103294	0.0012967	0.161976	1.40493	-0.965625	0.728543	
-0.101481	0.0014204	0.159905	1.38924	-0.965359	0.718985	
-0.0996758	0.00153909	0.157846	1.37366	-0.965147	0.709487	
-0.0978774	0.00165939	0.155799	1.35817	-0.964977	0.700039	
-0.0960938	0.00177819	0.153765	1.34279	-0.964821	0.690665	
-0.0943421	0.00188871	0.15175	1.32754	-0.964623	0.681425	
-0.0926069	0.00200525	0.149747	1.31238	-0.964425	0.672254	
-0.090873	0.00211737	0.147755	1.29732	-0.964293	0.663123	
-0.0891558	0.00221868	0.145781	1.2824	-0.964175	0.654086	
-0.0881178	0.00219485	0.144031	1.26846	-0.96044	0.64711	
-0.0875356	0.0020267	0.142425	1.25533	-0.955116	0.641649	
-0.0869746	0.00185367	0.14083	1.24233	-0.950062	0.636304	
-0.0864338	0.00167602	0.139246	1.22946	-0.945267	0.631073	
-0.0859125	0.00149403	0.137672	1.21672	-0.940719	0.62595	
-0.0854099	0.00130792	0.136109	1.2041	-0.936406	0.620932	
-0.0849251	0.00111795	0.134556	1.19161	-0.932318	0.616015	
-0.0844575	0.000924333	0.133014	1.17923	-0.928444	0.611195	
-0.0840064	0.000727286	0.131481	1.16696	-0.924776	0.606468	
-0.083571	0.000527015	0.129959	1.15481	-0.921303	0.601831	
-0.0831508	0.000323717	0.128446	1.14277	-0.918016	0.597281	
-0.0827451	0.00011758	0.126943	1.13083	-0.914908	0.592814	
-0.0823534	-9.12172e-05	0.125449	1.119	-0.911969	0.588428	
-0.0819751	-0.000302504	0.123966	1.10727	-0.909193	0.584119	
-0.0816097	-0.000516116	0.122491	1.09564	-0.906572	0.579885	
-0.0812566	-0.000731898	0.121026	1.08411	-0.904098	0.575724	
-0.0809154	-0.000949701	0.11957	1.07268	-0.901766	0.571632	
-0.0805855	-0.00116938	0.118123	1.06134	-0.899568	0.567608	
-0.0802667	-0.00139081	0.116686	1.05009	-0.897498	0.563649	
-0.0411622	0.0112136	0.111654	0.9118	-0.365605	0.373122	
-0.0406548	0.0110783	0.110291	0.900675	-0.361169	0.36853	
-0.0401375	0.0109434	0.108934	0.889605	-0.356684	0.363851	
-0.0396301	0.010809	0.107582	0.878564	-0.352258	0.359259	
-0.0391258	0.0106753	0.106237	0.867586	-0.347858	0.354696	
-0.0386246	0.0105423	0.104899	0.856671	-0.343483	0.35016	
-0.0381264	0.0104101	0.10357	0.845818	-0.339133	0.345652	
-0.0376313	0.0102786	0.102248	0.835028	-0.334809	0.341171	
-0.0371392	0.0101479	0.100933	0.8243	-0.330509	0.336718	
-0.0366501	0.0100178	0.0996264	0.813634	-0.326235	0.332292	
-0.0361639	0.0098885	0.098327	0.803029	-0.321984	0.327892	
-0.0356808	0.0097599	0.097035	0.792485	-0.317759	0.32352	
-0.0352006	0.009632	0.0957505	0.782002	-0.313558	0.319174	
-0.0347233	0.00950482	0.0944734	0.77158	-0.309381	0.314855	
-0.034249	0.00937835	0.0932036	0.761218	-0.305229	0.310563	
-0.0337776	0.00925257	0.0919411	0.750915	-0.301101	0.306296	
-0.033309	0.0091275	0.0906859	0.740673	-0.296996	0.302056	
-0.0328434	0.00900312	0.089438	0.730489	-0.292916	0.297841	
-0.0323867	0.00888008	0.088203	0.720408	-0.288901	0.293708	
-0.0319206	0.00875654	0.0869648	0.710308	-0.284827	0.289489	
-0.0314696	0.00863397	0.0857347	0.700263	-0.280847	0.285406	
-0.0310152	0.00851326	0.0845249	0.690395	-0.276872	0.281294	
-0.0305636	0.0083923	0.0833126	0.680503	-0.272909	0.277207	
-0.0301149	0.00827203	0.0821073	0.670669	-0.268969	0.273145	
-0.0296688	0.00815243	0.0809091	0.660891	-0.265052	0.269107	
-0.0292255	0.00803349	0.0797177	0.651171	-0.261157	0.265095	
-0.028785	0.00791523	0.0785334	0.641507	-0.257286	0.261107	
-0.0283472	0.00779763	0.0773559	0.6319	-0.253437	0.257144	
-0.027912	0.00768069	0.0761852	0.622348	-0.24961	0.253205	
-0.0274796	0.00756441	0.0750214	0.612852	-0.245806	0.24929	
-0.0270498	0.00744878	0.0738644	0.603412	-0.242024	0.245399	
-0.0262399	0.00733539	0.072733	0.594192	-0.238798	0.236949	
-0.0258298	0.00722289	0.0716075	0.585009	-0.235119	0.233259	
-0.0254225	0.00711112	0.0704895	0.575888	-0.231466	0.229594	
-0.025018	0.00700008	0.0693789	0.566828	-0.227836	0.225954	
-0.0246163	0.00688975	0.0682757	0.557829	-0.224231	0.222339	
-0.0242172	0.00678014	0.0671798	0.548889	-0.22065	0.218748	
-0.0238209	0.00667123	0.0660911	0.540009	-0.217093	0.215181	
-0.0234273	0.00656303	0.0650096	0.531187	-0.213559	0.211638	
-0.0230363	0.00645551	0.0639351	0.522424	-0.210049	0.208118	
-0.0226479	0.00634868	0.0628677	0.513718	-0.206562	0.204622	
-0.0222621	0.00624252	0.0618072	0.505069	-0.203097	0.20115	
-0.0218789	0.00613704	0.0607536	0.496476	-0.199655	0.1977	
-0.998749	-0.0738467	0.303657	2.32094	-0.233377	7.57615	
-0.95889	-0.0712763	0.289329	2.24824	-0.516029	7.32335	
-0.921061	-0.0688292	0.275777	2.17785	-0.77034	7.08105	
-0.885116	-0.0664969	0.262941	2.10964	-0.998935	6.84862	
-0.850923	-0.0642716	0.25077	2.04352	-1.2042	6.62543	
-0.818208	-0.0621363	0.239162	1.97894	-1.38792	6.40975	
-0.787169	-0.0601047	0.228181	1.91675	-1.55285	6.20352	
-0.757485	-0.0581559	0.217713	1.85622	-1.70016	6.00453	
-0.729231	-0.0562977	0.207772	1.79776	-1.83219	5.81373	
-0.702271	-0.0545197	0.198314	1.74117	-1.95012	5.63031	
-0.67634	-0.0528054	0.189241	1.6858	-2.05465	5.45237	
-0.651487	-0.0511587	0.180567	1.63198	-2.14745	5.28059	
-0.627647	-0.0495758	0.172266	1.57964	-2.22966	5.11464	
-0.604756	-0.0480529	0.164314	1.52873	-2.30226	4.95423	
-0.582758	-0.0465866	0.156688	1.4792	-2.36619	4.79908	
-0.561601	-0.0451738	0.149368	1.43099	-2.42226	4.64894	
-0.541234	-0.0438116	0.142334	1.38405	-2.47124	4.50357	
-0.521615	-0.0424974	0.135571	1.33835	-2.51382	4.36275	
-0.5027	-0.0412285	0.129061	1.29384	-2.55062	4.22626	
-0.484453	-0.0400029	0.122791	1.25048	-2.5822	4.09393	
-0.466837	-0.0388182	0.116745	1.20823	-2.60907	3.96556	
-0.44982	-0.0376725	0.110913	1.16705	-2.63172	3.84099	
-0.433372	-0.0365639	0.105282	1.12692	-2.65055	3.72007	
-0.417463	-0.0354908	0.0998407	1.08779	-2.66596	3.60263	
-0.402068	-0.0344516	0.0945803	1.04964	-2.67829	3.48855	
-0.387162	-0.0334446	0.0894912	1.01243	-2.68786	3.3777	
-0.372723	-0.0324686	0.0845648	0.976143	-2.69495	3.26994	
-0.358729	-0.0315222	0.079793	0.940745	-2.69983	3.16517	
-0.34516	-0.0306042	0.0751686	0.90621	-2.70273	3.06328	
-0.331999	-0.0297134	0.0706846	0.872513	-2.70387	2.96416	
-0.319227	-0.0288488	0.0663345	0.839631	-2.70344	2.86771	
-0.306829	-0.0280094	0.0621124	0.807539	-2.70161	2.77384	
-0.296366	-0.0272751	0.0586038	0.777119	-2.6702	2.68947	
-0.287591	-0.0266551	0.0557333	0.748386	-2.6143	2.61376	
-0.279098	-0.0260497	0.0529481	0.72036	-2.55937	2.54034	
-0.270878	-0.0254584	0.0502456	0.693024	-2.50542	2.46916	
-0.262924	-0.0248809	0.0476234	0.666362	-2.45248	2.40014	
-0.255228	-0.024317	0.0450791	0.640359	-2.40055	2.33326	
-0.247785	-0.0237665	0.0426105	0.614999	-2.34966	2.26845	
-0.240586	-0.0232289	0.0402151	0.590267	-2.2998	2.20566	
-0.233626	-0.0227041	0.037891	0.56615	-2.25098	2.14485	
-0.226897	-0.0221919	0.0356358	0.542632	-2.20323	2.08596	
-0.220393	-0.0216919	0.0334476	0.5197	-2.15653	2.02895	
-0.214108	-0.021204	0.0313243	0.49734	-2.11089	1.97378	
-0.208036	-0.020728	0.0292639	0.475538	-2.06632	1.92039	
-0.202171	-0.0202636	0.0272645	0.454283	-2.02282	1.86875	
-0.196507	-0.0198107	0.0253242	0.43356	-1.98038	1.81881	
-0.191039	-0.019369	0.0234414	0.413357	-1.93901	1.77052	
-0.185761	-0.0189382	0.0216141	0.393663	-1.89871	1.72385	
-0.180668	-0.0185183	0.0198407	0.374464	-1.85947	1.67876	
-0.175755	-0.018109	0.0181196	0.35575	-1.82129	1.6352	
-0.171016	-0.0177101	0.0164491	0.337509	-1.78416	1.59314	
-0.166448	-0.0173214	0.0148278	0.319729	-1.74808	1.55254	
-0.162044	-0.0169426	0.0132541	0.3024	-1.71305	1.51337	
-0.157801	-0.0165736	0.0117266	0.285509	-1.67906	1.47558	
-0.153715	-0.0162141	0.0102438	0.269048	-1.6461	1.43915	
-0.14978	-0.015864	0.00880455	0.253004	-1.61417	1.40404	
-0.145993	-0.0155229	0.00740741	0.237369	-1.58326	1.37022	
-0.14235	-0.0151906	0.00605116	0.222131	-1.55336	1.33765	
-0.138847	-0.014867	0.0047346	0.20728	-1.52446	1.30631	
-0.135479	-0.0145517	0.00345656	0.192808	-1.49656	1.27616	
-0.132244	-0.0142445	0.00221592	0.178703	-1.46965	1.24718	
-0.129137	-0.0139451	0.00101161	0.164957	-1.44371	1.21934	
-0.126156	-0.0136532	-0.00015741	0.15156	-1.41875	1.1926	
-0.123296	-0.0133687	-0.00129212	0.138502	-1.39475	1.16695	
-0.120555	-0.0130911	-0.00239348	0.125775	-1.37169	1.14235	
-0.11791	-0.0128182	-0.00346254	0.113345	-1.34937	1.11861	
-0.115398	-0.0125537	-0.00449981	0.101253	-1.3282	1.09606	
-0.112995	-0.0122953	-0.00550635	0.0894643	-1.30796	1.07449	
-0.110699	-0.0120426	-0.00648293	0.0779697	-1.28864	1.05389	
-0.108506	-0.0117952	-0.00743031	0.0667605	-1.27022	1.03422	
-0.106415	-0.0115528	-0.00834921	0.0558281	-1.25271	1.01546	
-0.104422	-0.0113151	-0.0092403	0.0451635	-1.23608	0.997606	
-0.102525	-0.0110816	-0.0101042	0.0347582	-1.22033	0.98062	
-0.100717	-0.0108516	-0.0109415	0.0246003	-1.20541	0.964451	
-0.0990213	-0.01063	-0.0117572	0.014686	-1.19147	0.949289	
-0.0973968	-0.0104065	-0.012543	0.00500658	-1.1783	0.934798	
-0.0958615	-0.0101857	-0.0133035	-0.00444334	-1.16602	0.921131	
-0.0944077	-0.00996697	-0.0140401	-0.0136844	-1.15453	0.908213	
-0.0930358	-0.00974988	-0.0147525	-0.0227171	-1.14386	0.896053	
-0.0917437	-0.00953399	-0.0154413	-0.0315518	-1.134	0.884633	
-0.0905294	-0.0093188	-0.0161069	-0.0401974	-1.12495	0.873937	
-0.0894344	-0.00910386	-0.0167402	-0.0485688	-1.11736	0.864391	
-0.0883289	-0.00888934	-0.0173725	-0.056973	-1.10923	0.854669	
-0.0873768	-0.00867326	-0.0179621	-0.0650241	-1.10315	0.846459	
-0.0864513	-0.00845553	-0.0185382	-0.0730071	-1.09718	0.838467	
-0.0855936	-0.00823582	-0.0190927	-0.0808467	-1.09196	0.831112	
-0.0848016	-0.00801354	-0.0196256	-0.0885522	-1.08747	0.824377	
-0.0840734	-0.00778811	-0.0201374	-0.0961333	-1.0837	0.818246	
-0.0834069	-0.0075589	-0.020628	-0.1036	-1.08064	0.812701	
-0.0828001	-0.00732531	-0.0210977	-0.110961	-1.07827	0.807724	
-0.0822511	-0.00708669	-0.0215467	-0.118228	-1.07658	0.803298	
-0.0784989	-0.00676539	-0.0231739	-0.127387	-1.13053	0.784916	
-0.064992	-0.00346626	-0.0286706	-0.146142	-1.33514	0.716658	
-0.0648002	-0.00327104	-0.0288825	-0.1531	-1.32369	0.713261	
-0.0646447	-0.00307785	-0.0291099	-0.160214	-1.31351	0.710378	
-0.0645197	-0.00286676	-0.0292941	-0.166992	-1.30404	0.707828	
-0.0644324	-0.00265369	-0.029487	-0.173892	-1.29531	0.705693	
-0.0643774	-0.00243185	-0.0296676	-0.180744	-1.28735	0.703934	
-0.0643535	-0.00220078	-0.0298356	-0.187556	-1.28013	0.702534	
-0.0643597	-0.00196003	-0.0299906	-0.194338	-1.27359	0.701477	
-0.0643946	-0.00170917	-0.0301323	-0.201099	-1.2677	0.700748	
-0.0644572	-0.00144776	-0.0302605	-0.207846	-1.26241	0.700328	
-0.0645461	-0.00117543	-0.0303747	-0.214589	-1.25767	0.7002	
-0.0646602	-0.000891795	-0.0304748	-0.221336	-1.25343	0.700347	
-0.064798	-0.00059653	-0.0305604	-0.228095	-1.24964	0.700749	
-0.0649583	-0.000289329	-0.0306313	-0.234874	-1.24623	0.701388	
-0.0651397	3.0072e-05	-0.0306872	-0.24168	-1.24317	0.702242	
-0.0653408	0.000361893	-0.030728	-0.248522	-1.24038	0.703293	
-0.0655602	0.000706306	-0.0307534	-0.255404	-1.23781	0.704518	
-0.0657964	0.00106343	-0.0307633	-0.262335	-1.23539	0.705896	
-0.0660478	0.00143333	-0.0307576	-0.269319	-1.23306	0.707404	
-0.0663129	0.00181601	-0.0307363	-0.276363	-1.23075	0.709018	
-0.0665899	0.0022114	-0.0306995	-0.283471	-1.22838	0.710715	
-0.0668773	0.00261935	-0.0306471	-0.290647	-1.22591	0.71247	
-0.0671733	0.00303966	-0.0305796	-0.297894	-1.22323	0.714257	
-0.067476	0.00347201	-0.030497	-0.305215	-1.2203	0.71605	
-0.0677836	0.00391602	-0.0303997	-0.312611	-1.21702	0.717823	
-0.0680941	0.0043712	-0.0302884	-0.320084	-1.21334	0.719548	
-0.0684056	0.00483696	-0.0301634	-0.327632	-1.20916	0.721198	
-0.0687158	0.00531261	-0.0300255	-0.335255	-1.20442	0.722743	
-0.0690229	0.00579736	-0.0298756	-0.342951	-1.19903	0.724156	
-0.0693244	0.0062903	-0.0297146	-0.350714	-1.19294	0.725406	
-0.0696181	0.00679039	-0.0295436	-0.358541	-1.18606	0.726465	
-0.0699018	0.0072965	-0.0293639	-0.366425	-1.17832	0.727304	
-0.0701733	0.00780665	-0.0291785	-0.374374	-1.16966	0.727894	
-0.0704309	0.00831909	-0.0289935	-0.382394	-1.15983	0.728179	
-0.0706702	0.00883482	-0.0287981	-0.39041	-1.14911	0.728178	
-0.0708897	0.00935079	-0.0286003	-0.398447	-1.1373	0.727841	
-0.0710868	0.00986529	-0.0284022	-0.40649	-1.12434	0.727142	
2.48287e-05	-7.14378e-07	-2.90757e-05	-0.000361863	-0.000892209	-0.000316287	
2.42845e-05	-6.99909e-07	-2.88029e-05	-0.000358262	-0.000890726	-0.000309715	
2.37486e-05	-6.85449e-07	-2.85274e-05	-0.000354628	-0.000889236	-0.000303243	
2.3221e-05	-6.70997e-07	-2.82492e-05	-0.000350963	-0.000887739	-0.000296869	
2.27015e-05	-6.56554e-07	-2.79684e-05	-0.000347267	-0.000886233	-0.000290592	
2.219e-05	-6.4212e-07	-2.76849e-05	-0.000343539	-0.00088472	-0.00028441	
2.16864e-05	-6.27694e-07	-2.73989e-05	-0.000339781	-0.000883199	-0.000278322	
2.11906e-05	-6.13278e-07	-2.71103e-05	-0.000335993	-0.000881671	-0.000272327	
2.07026e-05	-5.98871e-07	-2.68192e-05	-0.000332174	-0.000880135	-0.000266424	
2.02221e-05	-5.84474e-07	-2.65255e-05	-0.000328327	-0.000878592	-0.000260612	
1.97491e-05	-5.70086e-07	-2.62295e-05	-0.00032445	-0.000877041	-0.000254888	
1.92835e-05	-5.55707e-07	-2.5931e-05	-0.000320544	-0.000875483	-0.000249253	
1.88252e-05	-5.41338e-07	-2.56301e-05	-0.000316611	-0.000873917	-0.000243704	
1.83741e-05	-5.26979e-07	-2.53269e-05	-0.000312649	-0.000872344	-0.000238241	
1.793e-05	-5.12631e-07	-2.50213e-05	-0.00030866	-0.000870764	-0.000232863	
1.7493e-05	-4.98292e-07	-2.47135e-05	-0.000304644	-0.000869176	-0.000227568	
1.70629e-05	-4.83963e-07	-2.44034e-05	-0.000300602	-0.000867581	-0.000222355	
1.66396e-05	-4.69645e-07	-2.40911e-05	-0.000296533	-0.000865978	-0.000217223	
1.6223e-05	-4.55337e-07	-2.37766e-05	-0.000292439	-0.000864369	-0.000212171	
1.5813e-05	-4.4104e-07	-2.346e-05	-0.000288319	-0.000862752	-0.000207199	
1.54096e-05	-4.26753e-07	-2.31413e-05	-0.000284174	-0.000861129	-0.000202303	
1.50126e-05	-4.12478e-07	-2.28205e-05	-0.000280005	-0.000859498	-0.000197485	
1.4622e-05	-3.98213e-07	-2.24976e-05	-0.000275812	-0.00085786	-0.000192742	
1.42376e-05	-3.83959e-07	-2.21728e-05	-0.000271595	-0.000856215	-0.000188074	
1.38594e-05	-3.69717e-07	-2.18459e-05	-0.000267355	-0.000854563	-0.00018348	
1.34874e-05	-3.55486e-07	-2.15172e-05	-0.000263092	-0.000852904	-0.000178958	
1.31213e-05	-3.41266e-07	-2.11865e-05	-0.000258807	-0.000851238	-0.000174508	
1.27612e-05	-3.27058e-07	-2.0854e-05	-0.0002545	-0.000849565	-0.000170129	
1.24069e-05	-3.12862e-07	-2.05197e-05	-0.000250172	-0.000847885	-0.000165819	
1.20584e-05	-2.98677e-07	-2.01836e-05	-0.000245822	-0.000846198	-0.000161578	
1.17156e-05	-2.84504e-07	-1.98457e-05	-0.000241452	-0.000844505	-0.000157405	
1.13784e-05	-2.70343e-07	-1.95061e-05	-0.000237062	-0.000842805	-0.000153298	
1.10467e-05	-2.56195e-07	-1.91649e-05	-0.000232653	-0.000841098	-0.000149258	
1.07205e-05	-2.42059e-07	-1.8822e-05	-0.000228224	-0.000839384	-0.000145282	
1.03997e-05	-2.27935e-07	-1.84775e-05	-0.000223776	-0.000837664	-0.000141371	
1.00842e-05	-2.13823e-07	-1.81315e-05	-0.00021931	-0.000835937	-0.000137523	
9.77395e-06	-1.99724e-07	-1.77839e-05	-0.000214827	-0.000834203	-0.000133737	
9.46884e-06	-1.85638e-07	-1.74349e-05	-0.000210325	-0.000832463	-0.000130012	
9.16882e-06	-1.71565e-07	-1.70844e-05	-0.000205807	-0.000830717	-0.000126349	
8.87383e-06	-1.57505e-07	-1.67325e-05	-0.000201273	-0.000828963	-0.000122745	
8.58378e-06	-1.43458e-07	-1.63792e-05	-0.000196722	-0.000827204	-0.000119199	
8.29861e-06	-1.29424e-07	-1.60246e-05	-0.000192156	-0.000825437	-0.000115713	
8.01826e-06	-1.15403e-07	-1.56687e-05	-0.000187574	-0.000823665	-0.000112283	
7.74265e-06	-1.01396e-07	-1.53116e-05	-0.000182979	-0.000821886	-0.00010891	
7.47172e-06	-8.74019e-08	-1.49532e-05	-0.000178368	-0.0008201	-0.000105592	
7.2054e-06	-7.34219e-08	-1.45936e-05	-0.000173745	-0.000818309	-0.00010233	
6.94363e-06	-5.94556e-08	-1.42329e-05	-0.000169107	-0.000816511	-9.91213e-05	
6.68635e-06	-4.55033e-08	-1.38712e-05	-0.000164458	-0.000814707	-9.59664e-05	
6.43349e-06	-3.1565e-08	-1.35083e-05	-0.000159795	-0.000812896	-9.2864e-05	
6.18498e-06	-1.76407e-08	-1.31444e-05	-0.000155121	-0.000811079	-8.98136e-05	
5.94078e-06	-3.73075e-09	-1.27796e-05	-0.000150436	-0.000809257	-8.68143e-05	
5.70081e-06	1.01649e-08	-1.24138e-05	-0.00014574	-0.000807428	-8.38655e-05	
5.46502e-06	2.40461e-08	-1.2047e-05	-0.000141033	-0.000805592	-8.09664e-05	
5.23335e-06	3.79126e-08	-1.16795e-05	-0.000136316	-0.000803751	-7.81163e-05	
5.00573e-06	5.17645e-08	-1.13111e-05	-0.00013159	-0.000801904	-7.53145e-05	
4.78212e-06	6.56016e-08	-1.09419e-05	-0.000126855	-0.000800051	-7.25604e-05	
4.56245e-06	7.94238e-08	-1.05719e-05	-0.000122111	-0.000798192	-6.98533e-05	
4.34668e-06	9.3231e-08	-1.02013e-05	-0.000117359	-0.000796326	-6.71925e-05	
4.29372e-06	1.1673e-07	-4.94218e-05	-0.00058467	-0.000797333	-6.64737e-05	
4.08243e-06	1.30496e-07	-4.90045e-05	-0.000579364	-0.000795453	-6.38662e-05	
3.87494e-06	1.44245e-07	-4.85827e-05	-0.000574003	-0.000793566	-6.13039e-05	
3.67119e-06	1.57978e-07	-4.81565e-05	-0.00056859	-0.000791674	-5.87863e-05	
3.47115e-06	1.71694e-07	-4.77259e-05	-0.000563126	-0.000789775	-5.63127e-05	
3.27474e-06	1.85394e-07	-4.7291e-05	-0.000557609	-0.000787871	-5.38825e-05	
3.08193e-06	1.99077e-07	-4.68517e-05	-0.000552042	-0.00078596	-5.1495e-05	
2.89265e-06	2.12743e-07	-4.64082e-05	-0.000546424	-0.000784044	-4.91496e-05	
2.70686e-06	2.26392e-07	-4.59604e-05	-0.000540757	-0.000782121	-4.68458e-05	
2.52451e-06	2.40024e-07	-4.55086e-05	-0.00053504	-0.000780193	-4.45828e-05	
2.34554e-06	2.53639e-07	-4.50526e-05	-0.000529275	-0.000778258	-4.23602e-05	
2.16992e-06	2.67237e-07	-4.45926e-05	-0.000523462	-0.000776318	-4.01774e-05	
1.99758e-06	2.80817e-07	-4.41285e-05	-0.000517602	-0.000774373	-3.80337e-05	
1.82848e-06	2.9438e-07	-4.36606e-05	-0.000511695	-0.000772421	-3.59286e-05	
1.66258e-06	3.07925e-07	-4.31887e-05	-0.000505743	-0.000770464	-3.38615e-05	
1.49983e-06	3.21452e-07	-4.2713e-05	-0.000499744	-0.000768501	-3.18319e-05	
1.34018e-06	3.34961e-07	-4.22335e-05	-0.000493702	-0.000766532	-2.98392e-05	
1.18358e-06	3.48453e-07	-4.17503e-05	-0.000487615	-0.000764558	-2.7883e-05	
1.03e-06	3.61927e-07	-4.12634e-05	-0.000481484	-0.000762578	-2.59626e-05	
8.79383e-07	3.75382e-07	-4.07728e-05	-0.000475311	-0.000760593	-2.40775e-05	
7.31691e-07	3.88819e-07	-4.02787e-05	-0.000469095	-0.000758602	-2.22272e-05	
5.86879e-07	4.02238e-07	-3.97811e-05	-0.000462838	-0.000756606	-2.04113e-05	
4.44906e-07	4.15638e-07	-3.928e-05	-0.00045654	-0.000754604	-1.86291e-05	
3.05729e-07	4.2902e-07	-3.87755e-05	-0.000450202	-0.000752597	-1.68802e-05	
1.69306e-07	4.42383e-07	-3.82676e-05	-0.000443825	-0.000750585	-1.51641e-05	
3.5598e-08	4.55728e-07	-3.77565e-05	-0.000437408	-0.000748567	-1.34804e-05	
-9.54367e-08	4.69053e-07	-3.72421e-05	-0.000430954	-0.000746544	-1.18284e-05	
-2.23838e-07	4.8236e-07	-3.67245e-05	-0.000424462	-0.000744516	-1.02079e-05	
-3.49644e-07	4.95648e-07	-3.62038e-05	-0.000417933	-0.000742483	-8.61818e-06	
-4.72895e-07	5.08916e-07	-3.568e-05	-0.000411367	-0.000740444	-7.05893e-06	
-5.93628e-07	5.22165e-07	-3.51532e-05	-0.000404767	-0.0007384	-5.52967e-06	
-7.11881e-07	5.35395e-07	-3.46235e-05	-0.000398131	-0.000736351	-4.02993e-06	
-8.27691e-07	5.48605e-07	-3.40909e-05	-0.000391462	-0.000734297	-2.55928e-06	
-9.41096e-07	5.61796e-07	-3.35554e-05	-0.000384759	-0.000732238	-1.11728e-06	
-1.05213e-06	5.74967e-07	-3.30171e-05	-0.000378023	-0.000730174	2.96508e-07	
-1.16083e-06	5.88119e-07	-3.24761e-05	-0.000371256	-0.000728105	1.6825e-06	
-1.26724e-06	6.0125e-07	-3.19324e-05	-0.000364457	-0.000726031	3.04113e-06	
-1.37138e-06	6.14362e-07	-3.13862e-05	-0.000357627	-0.000723952	4.3728e-06	
-1.47329e-06	6.27453e-07	-3.08373e-05	-0.000350767	-0.000721869	5.67792e-06	
-1.573e-06	6.40525e-07	-3.0286e-05	-0.000343879	-0.00071978	6.9569e-06	
-1.67055e-06	6.53576e-07	-2.97323e-05	-0.000336961	-0.000717686	8.21013e-06	
-1.76598e-06	6.66607e-07	-2.91762e-05	-0.000330016	-0.000715588	9.43801e-06	
-1.85931e-06	6.79617e-07	-2.86177e-05	-0.000323044	-0.000713485	1.06409e-05	
-1.95057e-06	6.92607e-07	-2.8057e-05	-0.000316046	-0.000711378	1.18193e-05	
-2.0398e-06	7.05576e-07	-2.74942e-05	-0.000309021	-0.000709265	1.29734e-05	
-2.12703e-06	7.18525e-07	-2.69292e-05	-0.000301972	-0.000707148	1.41037e-05	
-2.21229e-06	7.31453e-07	-2.63621e-05	-0.000294899	-0.000705027	1.52105e-05	
-2.29562e-06	7.4436e-07	-2.5793e-05	-0.000287802	-0.0007029	1.62942e-05	
-2.37703e-06	7.57246e-07	-2.52219e-05	-0.000280683	-0.00070077	1.73552e-05	
-2.45656e-06	7.7011e-07	-2.4649e-05	-0.000273541	-0.000698634	1.83938e-05	
-2.53424e-06	7.82954e-07	-2.40742e-05	-0.000266378	-0.000696495	1.94104e-05	
-2.6101e-06	7.95776e-07	-2.34977e-05	-0.000259195	-0.00069435	2.04052e-05	
-2.68417e-06	8.08577e-07	-2.29194e-05	-0.000251991	-0.000692202	2.13787e-05	
-2.75647e-06	8.21357e-07	-2.23396e-05	-0.000244769	-0.000690049	2.23311e-05	
-2.82703e-06	8.34115e-07	-2.17581e-05	-0.000237528	-0.000687891	2.32629e-05	
-2.89588e-06	8.46851e-07	-2.11751e-05	-0.000230269	-0.000685729	2.41743e-05	
-2.96305e-06	8.59566e-07	-2.05906e-05	-0.000222994	-0.000683563	2.50656e-05	
-3.02857e-06	8.72258e-07	-2.00047e-05	-0.000215702	-0.000681393	2.59372e-05	
-3.09245e-06	8.84929e-07	-1.94175e-05	-0.000208395	-0.000679218	2.67894e-05	
-3.15473e-06	8.97578e-07	-1.8829e-05	-0.000201073	-0.000677039	2.76224e-05	
-3.21543e-06	9.10205e-07	-1.82393e-05	-0.000193737	-0.000674856	2.84367e-05	
-3.27458e-06	9.22809e-07	-1.76484e-05	-0.000186388	-0.000672669	2.92324e-05	
-3.33219e-06	9.35391e-07	-1.70565e-05	-0.000179027	-0.000670478	3.00099e-05	
-3.38831e-06	9.47951e-07	-1.64635e-05	-0.000171654	-0.000668283	3.07695e-05	
-3.44294e-06	9.60489e-07	-1.58695e-05	-0.000164269	-0.000666083	3.15114e-05	
-3.49612e-06	9.73004e-07	-1.52747e-05	-0.000156875	-0.00066388	3.2236e-05	
-3.54786e-06	9.85496e-07	-1.46789e-05	-0.00014947	-0.000661672	3.29435e-05	
-3.5982e-06	9.97966e-07	-1.40824e-05	-0.000142057	-0.000659461	3.36342e-05	
-3.64714e-06	1.01041e-06	-1.34852e-05	-0.000134636	-0.000657246	3.43084e-05	
-3.69473e-06	1.02284e-06	-1.28873e-05	-0.000127208	-0.000655026	3.49663e-05	
-3.74097e-06	1.03524e-06	-1.22888e-05	-0.000119773	-0.000652803	3.56082e-05	
-3.78589e-06	1.04761e-06	-1.16898e-05	-0.000112333	-0.000650576	3.62344e-05	
-3.82952e-06	1.05997e-06	-1.10903e-05	-0.000104887	-0.000648345	3.68451e-05	
-3.87187e-06	1.0723e-06	-1.04904e-05	-9.74365e-05	-0.000646111	3.74406e-05	
-3.91296e-06	1.08461e-06	-9.89014e-06	-8.99827e-05	-0.000643872	3.80211e-05	
-3.95281e-06	1.09689e-06	-9.28958e-06	-8.2526e-05	-0.00064163	3.85869e-05	
-3.99146e-06	1.10915e-06	-8.6888e-06	-7.50671e-05	-0.000639384	3.91382e-05	
-4.0289e-06	1.12139e-06	-8.08786e-06	-6.76069e-05	-0.000637135	3.96752e-05	
-4.06518e-06	1.13361e-06	-7.4868e-06	-6.0146e-05	-0.000634881	4.01983e-05	
-4.1003e-06	1.1458e-06	-6.88571e-06	-5.26852e-05	-0.000632625	4.07076e-05	
-4.13428e-06	1.15796e-06	-6.28464e-06	-4.52253e-05	-0.000630364	4.12033e-05	
-4.16715e-06	1.17011e-06	-5.68364e-06	-3.77668e-05	-0.0006281	4.16857e-05	
-4.19892e-06	1.18222e-06	-5.08279e-06	-3.03107e-05	-0.000625833	4.2155e-05	
-4.22961e-06	1.19432e-06	-4.48215e-06	-2.28575e-05	-0.000623562	4.26115e-05	
-4.25924e-06	1.20639e-06	-3.88176e-06	-1.54082e-05	-0.000621287	4.30553e-05	
-4.28782e-06	1.21843e-06	-3.2817e-06	-7.96329e-06	-0.000619009	4.34866e-05	
-4.31539e-06	1.23046e-06	-2.68203e-06	-5.23621e-07	-0.000616728	4.39057e-05	
-4.34194e-06	1.24245e-06	-2.08281e-06	6.9101e-06	-0.000614443	4.43128e-05	
-4.36751e-06	1.25443e-06	-1.4841e-06	1.43371e-05	-0.000612154	4.47081e-05	
-4.3921e-06	1.26637e-06	-8.85957e-07	2.17568e-05	-0.000609863	4.50917e-05	
-4.41574e-06	1.2783e-06	-2.88444e-07	2.91683e-05	-0.000607568	4.5464e-05	
-4.43843e-06	1.2902e-06	3.08378e-07	3.6571e-05	-0.00060527	4.5825e-05	
-4.46021e-06	1.30207e-06	9.04448e-07	4.3964e-05	-0.000602968	4.6175e-05	
-4.48107e-06	1.31392e-06	1.49971e-06	5.13468e-05	-0.000600663	4.65142e-05	
-4.50105e-06	1.32574e-06	2.09409e-06	5.87186e-05	-0.000598355	4.68427e-05	
-4.52015e-06	1.33754e-06	2.68755e-06	6.60787e-05	-0.000596044	4.71608e-05	
-4.53839e-06	1.34932e-06	3.28001e-06	7.34263e-05	-0.00059373	4.74686e-05	
-4.55578e-06	1.36107e-06	3.87143e-06	8.07607e-05	-0.000591412	4.77663e-05	
-4.57235e-06	1.37279e-06	4.46173e-06	8.80813e-05	-0.000589092	4.8054e-05	
-4.5881e-06	1.38449e-06	5.05086e-06	9.53872e-05	-0.000586768	4.83321e-05	
0.0590622	-0.0318993	-0.116177	-0.981962	-0.394351	-0.391089	
0.0587302	-0.0317261	-0.115503	-0.976597	-0.392199	-0.389002	
0.0584001	-0.0315539	-0.114834	-0.97126	-0.390058	-0.386925	
0.0580717	-0.0313825	-0.114168	-0.965953	-0.387929	-0.384859	
0.057745	-0.0312121	-0.113506	-0.960675	-0.385811	-0.382803	
0.0574201	-0.0310426	-0.112848	-0.955426	-0.383705	-0.380758	
0.0540256	-0.0192096	-0.116245	-0.984216	-0.395222	-0.39224	
0.0536826	-0.0190897	-0.115482	-0.978088	-0.392767	-0.38981	
0.0533832	-0.0190585	-0.114759	-0.972292	-0.390438	-0.387511	
0.0530883	-0.0190328	-0.114042	-0.966555	-0.388132	-0.385233	
0.0527956	-0.0190077	-0.113331	-0.960858	-0.385841	-0.382972	
0.0525049	-0.0189827	-0.112625	-0.955199	-0.383566	-0.380726	
0.0522163	-0.0189579	-0.111924	-0.949579	-0.381306	-0.378495	
0.0519297	-0.0189333	-0.111228	-0.943997	-0.379062	-0.376279	
0.0516451	-0.0189088	-0.110536	-0.938454	-0.376833	-0.374078	
0.0513624	-0.0188845	-0.10985	-0.932948	-0.374619	-0.371893	
0.0510817	-0.0188604	-0.109168	-0.927479	-0.37242	-0.369722	
0.050803	-0.0188364	-0.108491	-0.922048	-0.370236	-0.367565	
0.0505263	-0.0188125	-0.107819	-0.916655	-0.368068	-0.365424	
0.0502514	-0.0187888	-0.107151	-0.911298	-0.365914	-0.363297	
0.0499786	-0.0187653	-0.106489	-0.905979	-0.363775	-0.361185	
0.0497076	-0.0187419	-0.105831	-0.900695	-0.36165	-0.359087	
0.0494385	-0.0187187	-0.105177	-0.895449	-0.359541	-0.357004	
0.0491714	-0.0186956	-0.104529	-0.890238	-0.357445	-0.354935	
0.0489061	-0.0186727	-0.103884	-0.885064	-0.355365	-0.35288	
0.0486427	-0.01865	-0.103245	-0.879926	-0.353298	-0.35084	
0.0483812	-0.0186274	-0.10261	-0.874823	-0.351246	-0.348813	
0.0481215	-0.0186049	-0.101979	-0.869756	-0.349209	-0.346801	
0.0478637	-0.0185826	-0.101353	-0.864724	-0.347185	-0.344803	
0.0476077	-0.0185604	-0.100732	-0.859727	-0.345176	-0.342818	
0.0473535	-0.0185384	-0.100115	-0.854765	-0.34318	-0.340847	
0.0487593	-0.0193923	-0.0991776	-0.846651	-0.33174	-0.32511	
0.0468552	-0.0185038	-0.0988987	-0.844985	-0.339246	-0.336962	
0.0466029	-0.0184747	-0.0982917	-0.8401	-0.337283	-0.335022	
0.0463558	-0.0184528	-0.097692	-0.835274	-0.335342	-0.333106	
0.0461105	-0.0184315	-0.0970968	-0.830483	-0.333416	-0.331203	
0.0458671	-0.0184104	-0.0965059	-0.825727	-0.331503	-0.329313	
0.0456254	-0.0183894	-0.0959193	-0.821004	-0.329603	-0.327437	
0.0453855	-0.0183685	-0.095337	-0.816314	-0.327717	-0.325574	
0.0451472	-0.0183478	-0.0947589	-0.811658	-0.325845	-0.323724	
0.0449108	-0.0183273	-0.094185	-0.807035	-0.323985	-0.321888	
0.044676	-0.0183068	-0.0936153	-0.802445	-0.322139	-0.320064	
0.0444429	-0.0182865	-0.0930498	-0.797887	-0.320307	-0.318254	
0.0442116	-0.0182664	-0.0924884	-0.793363	-0.318487	-0.316456	
0.0439819	-0.0182464	-0.0919311	-0.78887	-0.31668	-0.314671	
0.0437539	-0.0182265	-0.0913779	-0.78441	-0.314886	-0.312899	
0.0435276	-0.0182068	-0.0908288	-0.779982	-0.313105	-0.31114	
0.043303	-0.0181872	-0.0902838	-0.775586	-0.311337	-0.309393	
0.0430799	-0.0181677	-0.0897428	-0.771222	-0.309582	-0.307659	
0.0428586	-0.0181484	-0.0892057	-0.766889	-0.307839	-0.305937	
0.0426388	-0.0181292	-0.0886727	-0.762588	-0.306109	-0.304228	
0.0424207	-0.0181101	-0.0881436	-0.758318	-0.304392	-0.302531	
0.0422042	-0.0180912	-0.0876185	-0.754079	-0.302687	-0.300847	
0.0419894	-0.0180724	-0.0870973	-0.749871	-0.300994	-0.299174	
0.0417761	-0.0180538	-0.0865799	-0.745694	-0.299314	-0.297514	
0.0415644	-0.0180352	-0.0860665	-0.741547	-0.297646	-0.295866	
0.0413542	-0.0180168	-0.0855569	-0.737431	-0.295991	-0.29423	
0.0411457	-0.0179985	-0.0850511	-0.733345	-0.294347	-0.292606	
0.0409535	-0.018012	-0.0845629	-0.729408	-0.292757	-0.291037	
0.0407347	-0.0179648	-0.0840526	-0.725277	-0.291102	-0.2894	
0.04053	-0.0179452	-0.0835574	-0.721275	-0.289492	-0.287809	
0.0403276	-0.0179273	-0.0830666	-0.717308	-0.287896	-0.286232	
0.0401267	-0.0179097	-0.0825797	-0.713371	-0.286313	-0.284667	
0.0399274	-0.0178921	-0.0820964	-0.709463	-0.284741	-0.283114	
0.0397296	-0.0178748	-0.0816168	-0.705584	-0.28318	-0.281572	
0.0395333	-0.0178575	-0.0811408	-0.701735	-0.281632	-0.280042	
0.0393385	-0.0178404	-0.0806685	-0.697914	-0.280095	-0.278523	
0.0391452	-0.0178233	-0.0801999	-0.694122	-0.27857	-0.277016	
0.0389533	-0.0178064	-0.0797348	-0.690359	-0.277056	-0.27552	
0.038763	-0.0177897	-0.0792733	-0.686624	-0.275553	-0.274035	
0.038574	-0.017773	-0.0788154	-0.682918	-0.274062	-0.272561	
0.0383866	-0.0177565	-0.078361	-0.679239	-0.272582	-0.271099	
0.0382006	-0.0177401	-0.0779101	-0.675589	-0.271114	-0.269648	
0.038016	-0.0177238	-0.0774627	-0.671966	-0.269656	-0.268207	
0.0378328	-0.0177076	-0.0770188	-0.668371	-0.26821	-0.266778	
0.0376511	-0.0176915	-0.0765783	-0.664804	-0.266775	-0.26536	
0.0374708	-0.0176756	-0.0761413	-0.661264	-0.265351	-0.263952	
0.0372918	-0.0176598	-0.0757078	-0.657752	-0.263938	-0.262556	
0.0377813	-0.0179917	-0.0751624	-0.652934	-0.25875	-0.255702	
0.0369405	-0.017633	-0.0748531	-0.650827	-0.261151	-0.259802	
0.0367639	-0.0176136	-0.074428	-0.647381	-0.259765	-0.258432	
0.0365904	-0.017598	-0.0740078	-0.643975	-0.258395	-0.257078	
0.0364184	-0.0175828	-0.073591	-0.640597	-0.257036	-0.255734	
0.0362478	-0.0175676	-0.0731775	-0.637245	-0.255687	-0.254401	
0.0360784	-0.0175526	-0.0727673	-0.633919	-0.254349	-0.253078	
0.0359105	-0.0175377	-0.0723604	-0.630619	-0.253021	-0.251766	
0.0357439	-0.0175229	-0.0719568	-0.627346	-0.251704	-0.250464	
0.0355786	-0.0175082	-0.0715563	-0.624098	-0.250397	-0.249173	
0.0354146	-0.0174936	-0.0711591	-0.620876	-0.249101	-0.247891	
0.0352519	-0.0174792	-0.0707651	-0.61768	-0.247815	-0.24662	
0.0350906	-0.0174648	-0.0703743	-0.614509	-0.246539	-0.245359	
0.0349305	-0.0174506	-0.0699866	-0.611363	-0.245273	-0.244108	
0.0347717	-0.0174364	-0.0696021	-0.608243	-0.244017	-0.242867	
0.0346295	-0.0174551	-0.0692337	-0.605262	-0.242813	-0.241679	
0.0344591	-0.0174105	-0.0688435	-0.602087	-0.24154	-0.240418	
0.0343034	-0.017395	-0.0684675	-0.599035	-0.240312	-0.239204	
0.0341497	-0.0173811	-0.0680953	-0.596014	-0.239096	-0.238003	
0.0339972	-0.0173675	-0.0677262	-0.593017	-0.23789	-0.236811	
0.0338461	-0.017354	-0.0673602	-0.590046	-0.236694	-0.235629	
0.0336961	-0.0173406	-0.0669971	-0.587098	-0.235508	-0.234456	
0.0335474	-0.0173273	-0.0666371	-0.584175	-0.234332	-0.233293	
0.0334	-0.0173141	-0.06628	-0.581275	-0.233165	-0.23214	
0.0332537	-0.017301	-0.0659259	-0.5784	-0.232007	-0.230996	
0.0331087	-0.017288	-0.0655748	-0.575549	-0.23086	-0.229862	
0.0329672	-0.0172802	-0.0652288	-0.57274	-0.229728	-0.228744	
0.0328225	-0.0172628	-0.0648816	-0.569919	-0.228594	-0.227622	
0.0326809	-0.0172498	-0.0645391	-0.567137	-0.227474	-0.226515	
0.0325407	-0.0172372	-0.0641996	-0.56438	-0.226364	-0.225418	
0.0324016	-0.0172248	-0.063863	-0.561645	-0.225264	-0.22433	
0.0322637	-0.0172124	-0.0635292	-0.558934	-0.224172	-0.223252	
0.032127	-0.0172001	-0.0631983	-0.556245	-0.22309	-0.222182	
0.0319934	-0.0171922	-0.062872	-0.553596	-0.222023	-0.221127	
0.0318572	-0.0171761	-0.062545	-0.550939	-0.220954	-0.220071	
0.0317238	-0.0171639	-0.0622224	-0.548318	-0.219899	-0.219028	
0.0315917	-0.017152	-0.0619026	-0.54572	-0.218853	-0.217994	
0.0315021	-0.0175649	-0.0614535	-0.542052	-0.217842	-0.217225	
0.0313316	-0.0171302	-0.0612721	-0.540598	-0.216791	-0.215956	
0.0312021	-0.017117	-0.0609599	-0.538061	-0.21577	-0.214947	
0.0311304	-0.017134	-0.0606431	-0.535444	-0.214454	-0.213506	
0.0309489	-0.017096	-0.0603457	-0.533072	-0.213761	-0.212961	
0.0308558	-0.0170984	-0.0600396	-0.530565	-0.212626	-0.211766	
0.0307039	-0.0170841	-0.0597456	-0.5282	-0.211797	-0.211021	
0.0305752	-0.017061	-0.0594425	-0.525735	-0.210807	-0.210042	
0.0304502	-0.0170183	-0.0591748	-0.523582	-0.209945	-0.209192	
0.030313	-0.0169469	-0.0589022	-0.521381	-0.209059	-0.208316	
0.0301769	-0.016876	-0.0586319	-0.5192	-0.20818	-0.207448	
0.030042	-0.0168058	-0.0583638	-0.517037	-0.207309	-0.206587	
0.0299082	-0.0167361	-0.0580981	-0.514893	-0.206445	-0.205734	
0.0297755	-0.016667	-0.0578346	-0.512767	-0.205588	-0.204887	
0.029644	-0.0165986	-0.0575734	-0.51066	-0.204739	-0.204048	
0.0295135	-0.0165307	-0.0573144	-0.508571	-0.203897	-0.203216	
0.0293842	-0.0164634	-0.0570577	-0.5065	-0.203063	-0.202391	
0.029256	-0.0163967	-0.0568031	-0.504447	-0.202235	-0.201574	
0.0291289	-0.0163306	-0.0565508	-0.502413	-0.201415	-0.200763	
1.80917	-0.00949365	0.328494	-7.38009	-47.9717	-4.7617	
1.61437	-0.00971999	0.406962	-7.30431	-43.5706	-3.77141	
1.48523	-0.0117075	0.362618	-6.6153	-39.2576	-3.0867	
1.32442	-0.0116087	0.327986	-5.93151	-35.2969	-2.70467	
1.18037	-0.0119615	0.296865	-5.31947	-31.7488	-2.36216	
1.05155	-0.0122134	0.268937	-4.77153	-28.5696	-2.05702	
0.936341	-0.0124406	0.24387	-4.28093	-25.7207	-1.78509	
0.833323	-0.0126446	0.221362	-3.8417	-23.1679	-1.54297	
0.741278	-0.01284	0.201043	-3.44926	-20.8808	-1.32793	
0.658996	-0.0130158	0.182787	-3.09791	-18.831	-1.13669	
0.585563	-0.0131385	0.166369	-2.78366	-16.9942	-0.967204	
0.519292	-0.0134436	0.151529	-2.49994	-15.3451	-0.815239	
0.460621	-0.0135479	0.138164	-2.2476	-13.8692	-0.682411	
0.407742	-0.0136392	0.125335	-2.01689	-12.5425	-0.570689	
0.348003	-0.0137118	0.111918	-1.79496	-11.3269	-0.548692	
0.306603	-0.0137802	0.0999095	-1.60104	-10.259	-0.462193	
0.268701	-0.0138434	0.0879796	-1.42076	-9.29691	-0.395732	
0.234911	-0.0138376	0.0813764	-1.27536	-8.44612	-0.318596	
0.203565	-0.013873	0.075222	-1.1509	-7.68491	-0.260522	
0.173838	-0.0139047	0.0696705	-1.03891	-6.99948	-0.219065	
0.149439	-0.0140689	0.0647793	-0.937945	-6.38577	-0.164419	
0.131281	-0.0141334	0.060286	-0.850082	-5.84313	-0.101305	
0.117377	-0.0133333	0.0556743	-0.779436	-5.37199	-0.0653267	
0.106269	-0.0119143	0.0511508	-0.72064	-4.95538	-0.0452852	
0.0963049	-0.0106377	0.0471049	-0.667047	-4.57837	-0.0278112	
0.0873985	-0.009504	0.0434375	-0.618676	-4.23752	-0.0127841	
0.0794461	-0.00849909	0.0401124	-0.575022	-3.92937	4.45405e-05	
0.0723908	-0.00763181	0.0370061	-0.536456	-3.65117	0.0106597	
0.0660748	-0.0068466	0.0342692	-0.500915	-3.39923	0.0197357	
0.0604591	-0.00615573	0.0317855	-0.468854	-3.17144	0.0272214	
0.055475	-0.00554976	0.0295308	-0.439937	-2.96546	0.0332806	
0.0510602	-0.00502018	0.0274832	-0.413862	-2.77922	0.0380608	
0.0471588	-0.00455927	0.025623	-0.390355	-2.61081	0.0416951	
0.0437201	-0.00416005	0.0239322	-0.369167	-2.45853	0.0443036	
0.0406984	-0.00381623	0.0223948	-0.350077	-2.32082	0.0459945	
0.0380523	-0.0035221	0.020996	-0.332882	-2.19628	0.0468653	
0.0357445	-0.00327251	0.0197226	-0.317399	-2.08366	0.0470041	
0.0337414	-0.00306282	0.0185628	-0.303463	-1.9818	0.0464903	
0.0320124	-0.00288881	0.0175056	-0.290926	-1.88969	0.0453952	
0.0305301	-0.00274667	0.0165414	-0.279653	-1.80637	0.0437834	
0.0292696	-0.00263299	0.0156613	-0.269521	-1.73102	0.041713	
0.0282086	-0.00254465	0.0148572	-0.260421	-1.66286	0.0392362	
0.0273267	-0.00247885	0.0141221	-0.252253	-1.60121	0.0364001	
0.0266058	-0.00243305	0.0134493	-0.244928	-1.54544	0.0332471	
0.0260292	-0.00240497	0.012833	-0.238364	-1.49499	0.0298153	
0.0255821	-0.00239252	0.0122679	-0.232487	-1.44936	0.026139	
0.0252511	-0.00239385	0.011749	-0.227231	-1.40807	0.022249	
0.0250241	-0.00240726	0.011272	-0.222537	-1.37071	0.0181728	
0.02489	-0.00243122	0.0108331	-0.218349	-1.33691	0.0139352	
0.0248391	-0.00246434	0.0104286	-0.214619	-1.30633	0.00955829	
0.0248624	-0.00250536	0.0100553	-0.211302	-1.27866	0.00506198	
0.024952	-0.00255315	0.00971028	-0.208358	-1.25361	0.00046388	
0.0251006	-0.00260667	0.00939092	-0.205752	-1.23095	-0.00422028	
0.0253018	-0.00266499	0.00909482	-0.20345	-1.21043	-0.00897654	
0.0255496	-0.00272725	0.00881983	-0.201422	-1.19187	-0.0137925	
0.025839	-0.00279267	0.008564	-0.199643	-1.17506	-0.0186574	
0.0261651	-0.00286054	0.00832556	-0.198087	-1.15985	-0.0235615	
0.026523	-0.00292989	0.00810625	-0.196725	-1.14614	-0.0284783	
0.0269106	-0.0029998	0.00790248	-0.195513	-1.13367	-0.0334394	
0.0273229	-0.00307136	0.00770699	-0.194505	-1.12236	-0.0384146	
0.0277577	-0.00314304	0.00752339	-0.193645	-1.11212	-0.0434023	
0.0282246	-0.00322412	0.00730259	-0.193295	-1.1028	-0.0485149	
0.028695	-0.00329308	0.00714433	-0.192651	-1.0944	-0.0535062	
0.0291809	-0.0033609	0.0069946	-0.192119	-1.0868	-0.058501	
0.0296804	-0.00342715	0.00685268	-0.191689	-1.07991	-0.0634973	
