0	0	0	0	0	0	
0	0	0	0	0	0	
0	0	0	0	0	0	
0	0	0	0	0	0	
0	0	0	0	0	0	
0	0	0	0	0	0	
0	0	0	0	0	0	
0	0	0	0	0	0	
0	0	0	0	0	0	
0	0	0	0	0	0	
0	0	0	0	0	0	
0	0	0	0	0	0	
0	0	0	0	0	0	
0	0	0	0	0	0	
0	0	0	0	0	0	
0	0	0	0	0	0	
0	0	0	0	0	0	
0	0	0	0	0	0	
0	0	0	0	0	0	
0	0	0	0	0	0	
0	0	0	0	0	0	
0	0	0	0	0	0	
0	0	0	0	0	0	
0	0	0	0	0	0	
0	0	0	0	0	0	
0	0	0	0	0	0	
0	0	0	0	0	0	
0	0	0	0	0	0	
0.47485	-0.449653	-0.0356304	-2.28792	-3.99967	19.9844	
0.459314	-0.44926	-0.0372783	-2.30086	-4.00914	19.9669	
0.444923	-0.448766	-0.0388009	-2.31162	-4.01629	19.9449	
0.423963	-0.441126	0.0491429	-2.46911	-4.37813	20.351	
0.410457	-0.43966	0.0484731	-2.46614	-4.37766	20.3049	
-0.000666214	0.000599592	0.0034944	0.12039	-0.0215402	0.0266485	
-0.000762853	0.000686568	0.00394476	0.135933	-0.0242858	0.0305141	
-0.000838161	0.000754345	0.00427686	0.14736	-0.0263498	0.0335264	
-0.000895178	0.000805661	0.00451135	0.155381	-0.027859	0.0358071	
-0.000935742	0.000842168	0.00466138	0.160457	-0.0288872	0.0374297	
-0.000961669	0.000865502	0.00473902	0.163012	-0.0294985	0.0384668	
0	0	0	0	0	0	
0	0	0	0	0	0	
0	0	0	0	0	0	
0	0	0	0	0	0	
0	0	0	0	0	0	
0	0	0	0	0	0	
0	0	0	0	0	0	
0	0	0	0	0	0	
0	0	0	0	0	0	
0	0	0	0	0	0	
-0.00135494	-0.00191696	-0.00807842	-0.277102	-0.05116	0.0586164	
-0.00134787	-0.00192221	-0.00803992	-0.275823	-0.0508697	0.058403	
-0.00137947	-0.0019766	-0.0082285	-0.282311	-0.0520416	0.0598294	
0.00880794	-0.0216804	-0.00710209	-0.394736	-0.216035	0.945452	
0.000179617	-0.00501778	-0.00802187	-0.298383	-0.0771064	0.19625	
0.000175924	-0.00502664	-0.00799751	-0.297502	-0.0770437	0.19659	
0.000180859	-0.00504094	-0.00796762	-0.296504	-0.0770216	0.197225	
0.000193149	-0.00505896	-0.00793269	-0.295389	-0.0770257	0.198073	
0.000211623	-0.00507903	-0.00789319	-0.294162	-0.0770421	0.199056	
-0.00124827	-0.00200237	-0.00528355	-0.268858	0.059466	0.0616949	
-0.00121906	-0.00203451	-0.00523486	-0.267542	0.0594611	0.0632864	
0.00232316	-0.00145127	-0.00543915	-0.258798	0.0705138	0.0362959	
0.00233361	-0.00148077	-0.00540939	-0.257264	0.0705225	0.0377632	
0.00234308	-0.00150579	-0.00537858	-0.255681	0.0704896	0.0390575	
0.00235186	-0.00152709	-0.00534648	-0.254035	0.0704174	0.0402125	
0.0023601	-0.00154501	-0.00531318	-0.252328	0.0703078	0.0412424	
0.00236784	-0.00155978	-0.00527874	-0.250561	0.0701616	0.0421557	
0.0023751	-0.00157154	-0.00524323	-0.248738	0.0699793	0.0429576	
0.00238182	-0.0015804	-0.00520669	-0.246861	0.069761	0.0436511	
0.00238795	-0.00158643	-0.00516919	-0.244932	0.0695069	0.0442382	
0.00239342	-0.00158969	-0.00513077	-0.242956	0.0692174	0.0447206	
0.00239815	-0.00159026	-0.00509148	-0.240934	0.0688929	0.0451003	
0.00240206	-0.00158823	-0.00505137	-0.23887	0.0685342	0.0453798	
0.00240509	-0.00158368	-0.00501049	-0.236767	0.0681422	0.0455621	
0.00240718	-0.00157675	-0.00496888	-0.234628	0.0677184	0.0456511	
0.00240827	-0.00156754	-0.00492659	-0.232457	0.067264	0.045651	
0.00240833	-0.00155621	-0.00488366	-0.230255	0.0667808	0.0455668	
0.00240734	-0.0015429	-0.00484013	-0.228027	0.0662705	0.0454042	
0.00240527	-0.00152778	-0.00479605	-0.225775	0.0657352	0.045169	
0.00240213	-0.00151101	-0.00475146	-0.223501	0.0651767	0.0448672	
0.00239793	-0.00149275	-0.0047064	-0.221209	0.0645971	0.0445053	
0.00239267	-0.00147317	-0.00466091	-0.2189	0.0639985	0.0440895	
0.00238639	-0.00145245	-0.00461503	-0.216578	0.063383	0.0436261	
0.00237912	-0.00143073	-0.00456881	-0.214244	0.0627524	0.0431215	
0.00237089	-0.00140818	-0.00452228	-0.211901	0.0621088	0.0425815	
0.00236176	-0.00138495	-0.00447548	-0.20955	0.0614541	0.042012	
0.00235176	-0.00136119	-0.00442845	-0.207194	0.06079	0.0414185	
0.00234096	-0.00133702	-0.00438123	-0.204835	0.0601183	0.0408063	
0.0023294	-0.00131257	-0.00433385	-0.202473	0.0594405	0.0401801	
0.00231714	-0.00128797	-0.00428636	-0.200111	0.0587582	0.0395446	
0.00230424	-0.00126331	-0.00423877	-0.197751	0.0580729	0.0389038	
0.00229075	-0.00123871	-0.00419113	-0.195392	0.0573857	0.0382617	
0.00227674	-0.00121424	-0.00414346	-0.193038	0.0566979	0.0376217	
0.00226225	-0.00119	-0.00409579	-0.190689	0.0560105	0.0369869	
0.00224735	-0.00116606	-0.00404816	-0.188346	0.0553247	0.0363602	
0.00223208	-0.00114248	-0.00400059	-0.18601	0.0546412	0.0357441	
0.00221649	-0.00111932	-0.00395311	-0.183681	0.0539609	0.0351407	
0.00220064	-0.00109663	-0.00390573	-0.181362	0.0532845	0.034552	
0.00218457	-0.00107446	-0.00385848	-0.179053	0.0526127	0.0339796	
0.00216832	-0.00105284	-0.00381138	-0.176754	0.051946	0.033425	
0.00215194	-0.0010318	-0.00376445	-0.174466	0.0512849	0.0328893	
0.00213546	-0.00101137	-0.00371771	-0.172189	0.0506298	0.0323734	
0.00211891	-0.000991579	-0.00367118	-0.169925	0.0499811	0.0318782	
0.00210234	-0.000972432	-0.00362486	-0.167673	0.0493391	0.0314042	
0.00208578	-0.000953945	-0.00357878	-0.165434	0.0487041	0.0309518	
0.00206924	-0.000936127	-0.00353294	-0.163208	0.0480763	0.0305214	
0.00205275	-0.000918982	-0.00348735	-0.160996	0.0474558	0.0301131	
0.00203635	-0.000902513	-0.00344203	-0.158798	0.0468427	0.029727	
0.00202004	-0.000886719	-0.00339699	-0.156614	0.0462372	0.0293629	
0.00200385	-0.000871596	-0.00335223	-0.154444	0.0456392	0.0290207	
0.00198779	-0.000857139	-0.00330775	-0.152289	0.0450489	0.0287003	
0.00197187	-0.000843339	-0.00326358	-0.150148	0.0444661	0.0284011	
0.00195612	-0.000830189	-0.0032197	-0.148022	0.043891	0.028123	
0.00194053	-0.000817677	-0.00317612	-0.145911	0.0433234	0.0278655	
0.00192512	-0.000805792	-0.00313285	-0.143815	0.0427633	0.0276281	
0.00190989	-0.00079452	-0.00308989	-0.141733	0.0422105	0.0274102	
0.00189485	-0.000783848	-0.00304724	-0.139666	0.0416651	0.0272115	
0.00188001	-0.000773761	-0.0030049	-0.137614	0.0411269	0.0270313	
0.00186536	-0.000764243	-0.00296287	-0.135577	0.0405957	0.026869	
0.00185091	-0.00075528	-0.00292115	-0.133554	0.0400715	0.026724	
0.00183666	-0.000746855	-0.00287975	-0.131545	0.0395541	0.0265958	
0.00182261	-0.000738953	-0.00283865	-0.129552	0.0390434	0.0264838	
0.00180876	-0.000731556	-0.00279786	-0.127572	0.0385392	0.0263873	
0.00179511	-0.000724648	-0.00275738	-0.125607	0.0380414	0.0263057	
0.00178165	-0.000718213	-0.0027172	-0.123656	0.0375499	0.0262384	
0.00176838	-0.000712234	-0.00267732	-0.121719	0.0370645	0.0261849	
0.00175531	-0.000706695	-0.00263774	-0.119796	0.0365849	0.0261445	
0.00174241	-0.000701581	-0.00259846	-0.117886	0.0361112	0.0261166	
0.0017275	-0.000700712	-0.00252701	-0.116134	0.0355205	0.0262981	
0.0017144	-0.000696946	-0.00248211	-0.114283	0.0350337	0.0263222	
0.00170145	-0.000693434	-0.00243794	-0.11245	0.0345541	0.026351	
0.00168859	-0.000690417	-0.00239296	-0.110629	0.0340752	0.0263967	
0.00167585	-0.000687801	-0.00234776	-0.108824	0.0335996	0.0264548	
0.00166324	-0.000685546	-0.00230254	-0.107033	0.033128	0.0265233	
0.00165076	-0.000683634	-0.00225731	-0.105257	0.0326603	0.0266017	
0.00163841	-0.000682053	-0.00221207	-0.103494	0.0321964	0.0266894	
0.00162618	-0.00068079	-0.00216683	-0.101746	0.0317362	0.0267861	
0.00161408	-0.000679834	-0.00212158	-0.100012	0.0312795	0.0268914	
0.00160208	-0.000679171	-0.00207632	-0.0982916	0.0308264	0.0270048	
0.0015902	-0.000678791	-0.00203105	-0.0965844	0.0303766	0.0271258	
0.00157842	-0.000678681	-0.00198578	-0.0948905	0.02993	0.0272542	
0.00156674	-0.00067883	-0.0019405	-0.0932095	0.0294865	0.0273895	
0.00155516	-0.000679227	-0.00189521	-0.0915413	0.0290461	0.0275314	
0.00154367	-0.000679861	-0.00184991	-0.0898856	0.0286086	0.0276795	
0.00153227	-0.000680722	-0.0018046	-0.0882421	0.028174	0.0278334	
0.00152095	-0.000681799	-0.00175929	-0.0866108	0.027742	0.0279928	
0.0015097	-0.000683083	-0.00171396	-0.0849913	0.0273127	0.0281574	
0.00149853	-0.000684564	-0.00166863	-0.0833834	0.026886	0.0283269	
0.00148743	-0.000686234	-0.00162329	-0.0817869	0.0264617	0.028501	
0.0014764	-0.000688083	-0.00157794	-0.0802016	0.0260397	0.0286794	
0.00146542	-0.000690103	-0.00153258	-0.0786273	0.0256201	0.0288618	
0.0014545	-0.000692286	-0.00148721	-0.0770637	0.0252026	0.029048	
0.00144364	-0.000694624	-0.00144183	-0.0755106	0.0247873	0.0292377	
0.00143282	-0.000697109	-0.00139645	-0.0739679	0.0243739	0.0294307	
0.00142205	-0.000699735	-0.00135105	-0.0724352	0.0239626	0.0296268	
0.00141132	-0.000702493	-0.00130565	-0.0709125	0.0235532	0.0298257	
0.00140063	-0.000705379	-0.00126024	-0.0693994	0.0231456	0.0300273	
0.00138997	-0.000708384	-0.00121482	-0.0678958	0.0227397	0.0302313	
0.00137935	-0.000711504	-0.0011694	-0.0664015	0.0223356	0.0304376	
0.00136875	-0.000714731	-0.00112396	-0.0649163	0.0219331	0.030646	
0.00135819	-0.000718061	-0.00107852	-0.06344	0.0215321	0.0308563	
0.00134764	-0.000721489	-0.00103307	-0.0619723	0.0211327	0.0310684	
0.00133712	-0.000725008	-0.000987606	-0.0605132	0.0207347	0.0312821	
0.00132662	-0.000728614	-0.000942139	-0.0590624	0.0203382	0.0314973	
0.00131613	-0.000732303	-0.000896664	-0.0576196	0.019943	0.0317138	
0.00130566	-0.000736069	-0.000851182	-0.0561849	0.0195491	0.0319316	
0.00129519	-0.000739909	-0.000805692	-0.0547579	0.0191565	0.0321505	
0.00128474	-0.000743819	-0.000760194	-0.0533385	0.0187651	0.0323704	
0.0012743	-0.000747794	-0.000714689	-0.0519265	0.0183748	0.0325912	
0.00126386	-0.00075183	-0.000669178	-0.0505217	0.0179857	0.0328128	
0.00125343	-0.000755925	-0.000623659	-0.049124	0.0175977	0.0330351	
0.001243	-0.000760075	-0.000578133	-0.0477332	0.0172107	0.033258	
0.00123257	-0.000764276	-0.000532601	-0.0463492	0.0168247	0.0334814	
0.00122215	-0.000768526	-0.000487062	-0.0449717	0.0164397	0.0337053	
0.00121172	-0.000772821	-0.000441517	-0.0436007	0.0160556	0.0339296	
0.00120129	-0.000777159	-0.000395965	-0.042236	0.0156724	0.0341542	
0.00119085	-0.000781537	-0.000350407	-0.0408774	0.0152901	0.0343791	
0.00118041	-0.000785952	-0.000304843	-0.0395247	0.0149086	0.0346041	
0.00116996	-0.000790402	-0.000259273	-0.038178	0.0145279	0.0348293	
0.00115951	-0.000794886	-0.000213697	-0.0368369	0.014148	0.0350546	
0.00114907	-0.000799287	-0.000169771	-0.0354628	0.0137712	0.0352748	
0.00113946	-0.000801163	-0.000143583	-0.0340721	0.0134613	0.0353781	
0.00112998	-0.000803439	-0.000116783	-0.0326593	0.0131487	0.0354985	
0.00112065	-0.000805887	-8.99755e-05	-0.0312506	0.0128379	0.0356255	
0.00111145	-0.000808483	-6.31652e-05	-0.0298456	0.0125288	0.0357582	
0.000119693	0.000104317	-0.00048968	-0.0240019	0.00490616	-0.00482167	
0.000111571	9.73343e-05	-0.000456406	-0.0223712	0.00457304	-0.00449352	
0.000103301	9.01916e-05	-0.000422556	-0.020712	0.00423383	-0.0041597	
9.48885e-05	8.28982e-05	-0.00038815	-0.0190253	0.00388885	-0.00382044	
8.63498e-05	7.54711e-05	-0.000353243	-0.017314	0.00353875	-0.00347632	
7.76969e-05	6.79251e-05	-0.000317881	-0.0155804	0.00318407	-0.0031278	
-7.23268e-05	-6.69136e-05	-0.000293418	-0.014398	0.00295749	0.00287461	
-6.31556e-05	-5.84346e-05	-0.000256198	-0.0125704	0.00258106	0.00251005	
-5.38995e-05	-4.98833e-05	-0.00021863	-0.0107261	0.00220147	0.00214206	
-4.45525e-05	-4.12576e-05	-0.000180684	-0.00886403	0.00181852	0.00177042	
-3.51262e-05	-3.25467e-05	-0.000142361	-0.00698334	0.00143211	0.00139566	
-2.55961e-05	-2.37336e-05	-0.000103663	-0.00508462	0.00104231	0.00101683	
-1.59616e-05	-1.48133e-05	-6.45956e-05	-0.00316808	0.000649176	0.000633964	
-6.22161e-06	-5.78007e-06	-2.51584e-05	-0.00123378	0.000252716	0.00024705	
0	0	0	0	0	0	
0	0	0	0	0	0	
0	0	0	0	0	0	
0	0	0	0	0	0	
0	0	0	0	0	0	
-0.0152947	-0.0137652	0.0759233	0.345332	2.99067	0.611788	
-0.0153793	-0.0138414	0.0733243	0.234716	2.99806	0.615172	
-0.0189668	0.00664832	-0.0137862	0.745589	3.70029	0.758673	
-0.019415	0.00404619	-0.00326388	0.653443	3.77497	0.7766	
-0.0195416	0.00406254	-0.00327979	0.65347	3.78997	0.781663	
-0.0196665	0.00407831	-0.00328608	0.65376	3.80461	0.78666	
-0.0197882	0.0040947	-0.00329043	0.654277	3.81871	0.791527	
-0.0199054	0.00411128	-0.00329308	0.654956	3.83215	0.796217	
-0.0200174	0.00412805	-0.00329584	0.655747	3.84484	0.800696	
-0.0201235	0.00414363	-0.00329402	0.656588	3.85675	0.804942	
-0.0202232	0.004159	-0.00329298	0.657465	3.86781	0.80893	
-0.0203162	0.00417362	-0.00329119	0.658349	3.87801	0.812649	
