0	0	0	0	0	0	
0	0	0	0	0	0	
0	0	0	0	0	0	
0	0	0	0	0	0	
0	0	0	0	0	0	
0	0	0	0	0	0	
0	0	0	0	0	0	
0	0	0	0	0	0	
0	0	0	0	0	0	
0	0	0	0	0	0	
0	0	0	0	0	0	
0	0	0	0	0	0	
0	0	0	0	0	0	
0	0	0	0	0	0	
0	0	0	0	0	0	
0	0	0	0	0	0	
0	0	0	0	0	0	
0	0	0	0	0	0	
0	0	0	0	0	0	
0	0	0	0	0	0	
0	0	0	0	0	0	
0	0	0	0	0	0	
0	0	0	0	0	0	
0	0	0	0	0	0	
0	0	0	0	0	0	
0	0	0	0	0	0	
0	0	0	0	0	0	
0	0	0	0	0	0	
0.000611878	0.000862907	0.000294689	-0.00764591	-0.00767571	0.0383516	
0.000558194	0.000791323	0.000268808	-0.00695083	-0.00704402	0.0351701	
0.000507937	0.000723824	0.000244575	-0.0063043	-0.00644608	0.0321701	
0.000460918	0.000660222	0.000221903	-0.00570293	-0.00588105	0.0293434	
0.000417274	0.000600787	0.000200859	-0.00514752	-0.00535194	0.0267018	
0.000377042	0.000545653	0.000181463	-0.0046378	-0.00486038	0.0242513	
0.000340192	0.000494847	0.0001637	-0.00417276	-0.00440697	0.0219933	
0.000306639	0.000448323	0.00014753	-0.0037508	-0.0039915	0.0199255	
0.000276262	0.000405973	0.000132894	-0.00336999	-0.00361317	0.0180433	
0.000248915	0.000367651	0.00011972	-0.00302812	-0.00327076	0.0163401	
0.000224435	0.000333182	0.00010793	-0.00272287	-0.00296278	0.0148082	
0.000202651	0.000302372	9.74411e-05	-0.00245182	-0.00268751	0.0134388	
0.000183387	0.000275017	8.8167e-05	-0.00221258	-0.00244316	0.012223	
0.000166467	0.000250908	8.00228e-05	-0.00200278	-0.00222783	0.0111515	
0.000151718	0.000229834	7.2925e-05	-0.00182009	-0.00203965	0.0102149	
0.000138974	0.00021159	6.67924e-05	-0.00166231	-0.00187674	0.00940401	
0.000128071	0.000195971	6.15468e-05	-0.00152731	-0.0017373	0.00870987	
0.000118857	0.000182785	5.71142e-05	-0.00141307	-0.00161955	0.00812381	
0.000111187	0.000171844	5.34241e-05	-0.00131771	-0.00152182	0.00763753	
0.000104922	0.00016297	5.04104e-05	-0.00123944	-0.0014425	0.00724312	
9.9935e-05	0.000155994	4.8011e-05	-0.0011766	-0.00138006	0.00693308	
9.61048e-05	0.000150757	4.61681e-05	-0.00112763	-0.00133308	0.00670032	
9.33199e-05	0.000147109	4.48276e-05	-0.0010911	-0.00130019	0.00653819	
9.14763e-05	0.000144909	4.39396e-05	-0.00106567	-0.00128015	0.00644043	
9.04778e-05	0.000144026	4.34576e-05	-0.00105011	-0.00127177	0.00640119	
9.02355e-05	0.000144337	4.3339e-05	-0.00104329	-0.00127395	0.00641501	
9.06673e-05	0.000145727	4.35441e-05	-0.00104414	-0.00128566	0.00647679	
9.16976e-05	0.00014809	4.40365e-05	-0.00105173	-0.00130595	0.00658181	
9.32569e-05	0.000151327	4.47829e-05	-0.00106515	-0.00133395	0.00672565	
9.52815e-05	0.000155344	4.57525e-05	-0.00108361	-0.00136881	0.00690422	
9.77129e-05	0.000160058	4.69172e-05	-0.00110636	-0.0014098	0.00711372	
0.000100498	0.00016539	4.82512e-05	-0.00113273	-0.00145621	0.00735066	
0.000103587	0.000171265	4.97309e-05	-0.00116212	-0.00150738	0.00761177	
0.000106935	0.000177616	5.13347e-05	-0.00119395	-0.00156272	0.00789405	
0.000110503	0.000184381	5.30429e-05	-0.00122773	-0.00162167	0.00819472	
0.000114252	0.000191502	5.48378e-05	-0.00126299	-0.00168373	0.00851122	
0.000118149	0.000198926	5.67029e-05	-0.00129932	-0.00174842	0.00884118	
0.000122163	0.000206604	5.86234e-05	-0.00133635	-0.00181532	0.00918241	
0.000126267	0.00021449	6.05858e-05	-0.00137373	-0.00188401	0.00953292	
0.000130435	0.000222544	6.25781e-05	-0.00141117	-0.00195415	0.00989085	
0.000134644	0.000230726	6.4589e-05	-0.00144839	-0.00202539	0.0102545	
0.000138875	0.000239002	6.66088e-05	-0.00148516	-0.00209742	0.0106223	
0.000143107	0.000247339	6.86283e-05	-0.00152125	-0.00216997	0.0109929	
0.000147326	0.000255709	7.06395e-05	-0.00155649	-0.00224277	0.0113648	
0.000151515	0.000264083	7.26351e-05	-0.00159069	-0.00231559	0.011737	
0.000155662	0.000272437	7.46087e-05	-0.00162371	-0.0023882	0.0121083	
0.000159755	0.00028075	7.65545e-05	-0.00165544	-0.00246043	0.0124778	
0.000163783	0.000288999	7.84672e-05	-0.00168574	-0.00253208	0.0128444	
0.000167738	0.000297167	8.03424e-05	-0.00171454	-0.00260299	0.0132074	
0.000171609	0.000305237	8.2176e-05	-0.00174176	-0.00267302	0.0135661	
0.000560194	0.00100032	0.000268179	-0.00564472	-0.00875792	0.0444588	
0.000731996	0.00131219	0.000350322	-0.00732147	-0.0114856	0.0583194	
0	0	0	0	0	0	
0	0	0	0	0	0	
0.000195355	0.000354203	9.34022e-05	-0.00190913	-0.00309826	0.0157423	
0	0	0	0	0	0	
0	0	0	0	0	0	
0.000595843	0.00109223	0.000284549	-0.0056804	-0.00954782	0.0485437	
0.00811481	0.0148749	-0.00536401	0.190627	0.134407	0.661108	
0.00614391	0.0111044	-0.00402469	0.141964	0.100329	0.493529	
0.00387702	0.00682948	-0.00249489	0.0866672	0.061684	0.303532	
0.00163203	0.00277874	-0.00102512	0.0348647	0.0250837	0.1235	
0	0	0	0	0	0	
0	0	0	0	0	0	
0	0	0	0	0	0	
0	0	0	0	0	0	
0	0	0	0	0	0	
0	0	0	0	0	0	
0	0	0	0	0	0	
0	0	0	0	0	0	
0	0	0	0	0	0	
0	0	0	0	0	0	
0	0	0	0	0	0	
0	0	0	0	0	0	
0	0	0	0	0	0	
0	0	0	0	0	0	
0	0	0	0	0	0	
0	0	0	0	0	0	
0	0	0	0	0	0	
0	0	0	0	0	0	
0	0	0	0	0	0	
0	0	0	0	0	0	
0	0	0	0	0	0	
0	0	0	0	0	0	
0	0	0	0	0	0	
0	0	0	0	0	0	
0	0	0	0	0	0	
0	0	0	0	0	0	
0	0	0	0	0	0	
0	0	0	0	0	0	
0	0	0	0	0	0	
0	0	0	0	0	0	
0	0	0	0	0	0	
0	0	0	0	0	0	
0	0	0	0	0	0	
0	0	0	0	0	0	
0	0	0	0	0	0	
0	0	0	0	0	0	
0	0	0	0	0	0	
0	0	0	0	0	0	
0	0	0	0	0	0	
0	0	0	0	0	0	
0	0	0	0	0	0	
0	0	0	0	0	0	
0	0	0	0	0	0	
0	0	0	0	0	0	
0	0	0	0	0	0	
0	0	0	0	0	0	
0	0	0	0	0	0	
0	0	0	0	0	0	
0	0	0	0	0	0	
0	0	0	0	0	0	
0	0	0	0	0	0	
0	0	0	0	0	0	
0	0	0	0	0	0	
0	0	0	0	0	0	
0	0	0	0	0	0	
0	0	0	0	0	0	
0	0	0	0	0	0	
0	0	0	0	0	0	
0	0	0	0	0	0	
0	0	0	0	0	0	
0	0	0	0	0	0	
0	0	0	0	0	0	
0	0	0	0	0	0	
0	0	0	0	0	0	
0	0	0	0	0	0	
0	0	0	0	0	0	
0	0	0	0	0	0	
0	0	0	0	0	0	
0	0	0	0	0	0	
0	0	0	0	0	0	
0	0	0	0	0	0	
0	0	0	0	0	0	
0	0	0	0	0	0	
0	0	0	0	0	0	
0	0	0	0	0	0	
0	0	0	0	0	0	
0	0	0	0	0	0	
-0.00163779	-0.00150227	-0.000663002	-0.0147155	-0.0134238	0.0667675	
-0.00165671	-0.00151821	-0.000669727	-0.0148451	-0.0135663	0.0674759	
-0.00167399	-0.00153254	-0.000675749	-0.0149585	-0.0136941	0.0681128	
-0.00168984	-0.00154547	-0.000681162	-0.0150581	-0.0138092	0.0686877	
-0.00170438	-0.00155714	-0.000686022	-0.0151451	-0.0139127	0.0692063	
-0.00171771	-0.00156766	-0.000690378	-0.0152207	-0.0140058	0.0696736	
-0.00172994	-0.00157712	-0.000694277	-0.0152862	-0.0140894	0.0700943	
-0.00174117	-0.00158564	-0.000697762	-0.0153424	-0.0141643	0.0704727	
-0.00175147	-0.00159329	-0.00070087	-0.0153903	-0.0142315	0.0708127	
-0.00176093	-0.00160015	-0.000703638	-0.0154308	-0.0142916	0.0711179	
-0.00176962	-0.00160631	-0.000706099	-0.0154646	-0.0143453	0.0713916	
-0.00177761	-0.00161183	-0.000708282	-0.0154925	-0.0143933	0.0716369	
-0.00178496	-0.00161677	-0.000710214	-0.0155151	-0.014436	0.0718566	
-0.00179172	-0.00162119	-0.00071192	-0.0155329	-0.0144742	0.0720531	
-0.00179796	-0.00162515	-0.000713423	-0.0155465	-0.0145081	0.0722287	
-0.00180371	-0.00162867	-0.000714743	-0.0155563	-0.0145382	0.0723854	
-0.00180902	-0.00163182	-0.000715898	-0.0155628	-0.0145649	0.0725251	
-0.00181392	-0.00163461	-0.000716904	-0.0155664	-0.0145885	0.0726495	
-0.00181846	-0.0016371	-0.000717777	-0.0155673	-0.0146094	0.07276	
0	0	0	0	0	0	
0	0	0	0	0	0	
0	0	0	0	0	0	
0	0	0	0	0	0	
0	0	0	0	0	0	
0	0	0	0	0	0	
0	0	0	0	0	0	
0	0	0	0	0	0	
0	0	0	0	0	0	
0	0	0	0	0	0	
0	0	0	0	0	0	
0	0	0	0	0	0	
0	0	0	0	0	0	
0	0	0	0	0	0	
0	0	0	0	0	0	
0	0	0	0	0	0	
0	0	0	0	0	0	
0	0	0	0	0	0	
0	0	0	0	0	0	
0	0	0	0	0	0	
0	0	0	0	0	0	
0	0	0	0	0	0	
0	0	0	0	0	0	
0	0	0	0	0	0	
0	0	0	0	0	0	
0	0	0	0	0	0	
0.00170451	0.00141852	0.000626271	-0.0136514	-0.0136976	0.0681801	
0.00162551	0.00135463	0.000597584	-0.0130211	-0.0130583	0.0650201	
0.00155617	0.00129895	0.000572482	-0.0124675	-0.0124974	0.0622465	
0.00149533	0.00125046	0.000550528	-0.0119815	-0.0120056	0.0598132	
0.001442	0.00120827	0.000531344	-0.0115553	-0.0115746	0.05768	
0.00139529	0.00117161	0.0005146	-0.0111818	-0.0111972	0.0558116	
0.00135443	0.00113984	0.000500006	-0.0108548	-0.0108671	0.0541769	
0.00131873	0.00111236	0.00048731	-0.0105691	-0.0105788	0.0527489	
0.00128759	0.00108866	0.00047629	-0.0103197	-0.0103273	0.0515034	
0.00126048	0.0010683	0.000466748	-0.0101026	-0.0101085	0.0504191	
0.00123694	0.00105089	0.000458511	-0.00991387	-0.00991838	0.0494774	
0.00121654	0.00103607	0.000451428	-0.00975032	-0.00975367	0.0486616	
0.00119893	0.00102354	0.000445361	-0.00960897	-0.00961139	0.0479569	
0.00118376	0.00101303	0.000440191	-0.00948722	-0.00948888	0.0473502	
0.00117076	0.0010043	0.000435811	-0.00938276	-0.00938379	0.0468301	
0.00115966	0.000997128	0.000432127	-0.00929353	-0.00929406	0.0463861	
0.00115023	0.000991327	0.000429054	-0.00921771	-0.00921784	0.0460092	
0.00114228	0.000986728	0.000426518	-0.00915369	-0.00915349	0.0456912	
0.00113563	0.000983181	0.000424452	-0.00910002	-0.00909956	0.045425	
0.00113011	0.000980553	0.000422799	-0.00905542	-0.00905476	0.0452041	
0.00112558	0.000978725	0.000421506	-0.00901878	-0.00901796	0.0450229	
0.00112191	0.000977592	0.000420526	-0.00898907	-0.00898813	0.0448764	
0.00111901	0.000977061	0.000419818	-0.00896542	-0.00896439	0.0447601	
0.00111675	0.000977049	0.000419347	-0.00894703	-0.00894593	0.0446701	
0.00111507	0.000977483	0.00041908	-0.00893321	-0.00893207	0.0446028	
0.00111388	0.000978298	0.000418988	-0.00892334	-0.00892218	0.0445553	
0.00111312	0.000979437	0.000419047	-0.00891688	-0.00891571	0.0445247	
0.00111272	0.000980848	0.000419234	-0.00891335	-0.00891217	0.0445088	
0.00111264	0.000982489	0.000419529	-0.00891232	-0.00891116	0.0445053	
0.00111281	0.000984319	0.000419917	-0.00891343	-0.00891228	0.0445124	
0.00111322	0.000986304	0.00042038	-0.00891634	-0.00891522	0.0445286	
0.00111381	0.000988414	0.000420908	-0.00892078	-0.00891968	0.0445523	
0.00111456	0.000990622	0.000421487	-0.00892649	-0.00892542	0.0445823	
0.00111544	0.000992907	0.000422107	-0.00893325	-0.0089322	0.0446175	
0.00111643	0.000995247	0.00042276	-0.00894087	-0.00893985	0.0446569	
0.0011175	0.000997626	0.000423439	-0.00894918	-0.0089482	0.0446998	
0.00111864	0.00100003	0.000424136	-0.00895805	-0.00895709	0.0447454	
0.00111983	0.00100244	0.000424847	-0.00896734	-0.00896641	0.0447931	
0.00112106	0.00100485	0.000425565	-0.00897694	-0.00897604	0.0448423	
0.00112232	0.00100726	0.000426287	-0.00898677	-0.0089859	0.0448926	
0.00112359	0.00100964	0.000427009	-0.00899675	-0.0089959	0.0449436	
0.00112488	0.00101201	0.000427729	-0.0090068	-0.00900598	0.044995	
0	0	0	0	0	0	
0	0	0	0	0	0	
0	0	0	0	0	0	
0	0	0	0	0	0	
0	0	0	0	0	0	
0	0	0	0	0	0	
0	0	0	0	0	0	
0	0	0	0	0	0	
0	0	0	0	0	0	
-0.00167888	0.00151099	-0.00598858	0.0569671	0.329456	0.0671551	
-0.00166607	0.00149947	-0.00597239	0.0552521	0.326831	0.066643	
-0.00165272	0.00148745	-0.00595337	0.0535475	0.324092	0.0661089	
-0.00163891	0.00147502	-0.00593194	0.0518548	0.321258	0.0655564	
-0.00162468	0.00146221	-0.00590842	0.0501714	0.318342	0.0649871	
-0.00152509	-0.00137258	0.00651171	-0.00828132	0.298611	0.0610035	
-0.00151439	-0.00136295	0.00643761	-0.00924675	0.29639	0.0605754	
-0.00157905	0.00142114	-0.00581229	0.0456857	0.309086	0.0631619	
-0.00156371	0.00140734	-0.00578529	0.0439795	0.30599	0.0625484	
-0.0017709	2.20001e-05	0.00038291	0.0196726	0.346317	0.0708361	
-0.0017545	1.17319e-05	0.000393614	0.018148	0.343004	0.0701799	
-0.00173783	2.54927e-06	0.000400661	0.0166332	0.339649	0.0695131	
-0.00172093	-6.53443e-06	0.000407124	0.0151138	0.336257	0.0688371	
-0.00170382	-1.56744e-05	0.000413685	0.0135872	0.332834	0.068153	
-0.00168652	-2.48483e-05	0.000420244	0.0120543	0.329381	0.067461	
